(273.20, 0.00, 0.00)
(273.20, 0.00, 0.00)
(273.20, 0.00, 0.00)
(273.25, 0.00, 0.00)
(273.25, 0.00, 0.00)
(273.25, 0.00, 0.00)
(273.49, 0.00, 0.00)
(273.49, 0.00, 0.00)
(273.49, 0.00, 0.00)
(273.49, 0.00, 0.00)
(273.49, 0.00, 0.00)
(273.41, 0.00, 0.00)
(273.41, 0.00, 0.00)
(273.28, 0.00, 0.00)
(273.28, 0.00, 0.00)
(273.28, 0.00, 0.00)
(273.28, 0.00, 0.00)
(273.43, 0.00, 0.00)
(273.43, 0.00, 0.00)
(273.43, 0.00, 0.00)
(273.43, 0.00, 0.00)
(273.43, 0.00, 0.00)
(273.31, 0.00, 0.00)
(273.31, 0.00, 0.00)
(273.31, 0.00, 0.00)
(273.31, 0.00, 0.00)
(273.29, 0.00, 0.00)
(273.29, 0.00, 0.00)
(273.16, 0.00, 0.00)
(273.16, 0.00, 0.00)
(273.16, 0.00, 0.00)
(273.16, 0.00, 0.00)
(273.30, 0.00, 0.00)
(273.30, 0.00, 0.00)
(273.30, 0.00, 0.00)
(273.35, 0.00, 0.00)
(273.35, 0.00, 0.00)
(273.35, 0.00, 0.00)
(273.35, 0.00, 0.00)
(273.35, 0.00, 0.00)
(273.39, 0.00, 0.00)
(273.39, 0.00, 0.00)
(273.39, 0.00, 0.00)
(273.17, 0.00, 0.00)
(273.17, 0.00, 0.00)
(273.17, 0.00, 0.00)
(273.17, 0.00, 0.00)
(273.17, 0.00, 0.00)
(273.08, 0.00, 0.00)
(273.08, 0.00, 0.00)
(273.08, 0.00, 0.00)
(273.46, 0.00, 0.00)
(273.46, 0.00, 0.00)
(273.46, 0.00, 0.00)
(273.46, 0.00, 0.00)
(273.46, 0.00, 0.00)
(273.46, 0.00, 0.00)
(273.29, 0.00, 0.00)
(273.29, 0.00, 0.00)
(273.35, 0.00, 0.00)
(273.35, 0.00, 0.00)
(273.35, 0.00, 0.00)
(273.35, 0.00, 0.00)
(273.56, 0.00, 0.00)
(273.56, 0.00, 0.00)
(273.56, 0.00, 0.00)
(273.56, 0.00, 0.00)
(273.23, 0.00, 0.00)
(273.08, 0.00, 0.00)
(273.08, 0.00, 0.00)
(273.08, 0.00, 0.00)
(273.08, 0.00, 0.00)
(273.08, 0.00, 0.00)
(273.08, 0.00, 0.00)
(273.08, 0.00, 0.00)
(273.38, 0.00, 0.00)
(273.38, 0.00, 0.00)
(273.38, 0.00, 0.00)
(273.38, 0.00, 0.00)
(273.13, 0.00, 0.00)
(273.13, 0.00, 0.00)
(273.13, 0.00, 0.00)
(273.13, 0.00, 0.00)
(273.10, 0.00, 0.00)
(273.10, 0.00, 0.00)
(273.45, 0.00, 0.00)
(273.45, 0.00, 0.00)
(273.45, 0.00, 0.00)
(273.45, 0.00, 0.00)
(273.45, 0.00, 0.00)
(273.48, 0.00, 0.00)
(273.48, 0.00, 0.00)
(273.48, 0.00, 0.00)
(273.48, 0.00, 0.00)
(273.32, 0.00, 0.00)
(273.32, 0.00, 0.00)
(273.32, 0.00, 0.00)
(273.32, 0.00, 0.00)
(273.32, 0.00, 0.00)
(273.34, 0.00, 0.00)
(273.34, 0.00, 0.00)
(273.06, 0.00, 0.00)
(273.06, 0.00, 0.00)
(273.06, 0.00, 0.00)
(272.71, 0.00, 0.00)
(272.71, 0.00, 0.00)
(272.71, 0.00, 0.00)
(272.71, 0.00, 0.00)
(272.71, 0.00, 0.00)
(272.71, 0.00, 0.00)
(272.71, 0.00, 0.00)
(272.51, 0.00, 0.00)
(272.46, 0.00, 0.00)
(272.46, 0.00, 0.00)
(272.46, 0.00, 0.00)
(272.46, 0.00, 0.00)
(272.46, 0.00, 0.00)
(272.46, 0.00, 0.00)
(272.32, 0.00, 0.00)
(272.32, 0.00, 0.00)
(272.53, 0.00, 0.00)
(272.53, 0.00, 0.00)
(272.10, 0.00, 0.00)
(272.10, 0.00, 0.00)
(272.10, 0.00, 0.00)
(272.10, 0.00, 0.00)
(272.10, 0.00, 0.00)
(271.84, 0.00, 0.00)
(271.84, 0.00, 0.00)
(272.09, 0.00, 0.00)
(272.09, 0.00, 0.00)
(272.09, 0.00, 0.00)
(272.09, 0.00, 0.00)
(272.67, 0.00, 0.00)
(272.67, 0.00, 0.00)
(272.67, 0.00, 0.00)
(272.67, 0.00, 0.00)
(273.95, 0.00, 0.00)
(273.95, 0.00, 0.00)
(273.95, 0.00, 0.00)
(273.95, 0.00, 0.00)
(273.95, 0.00, 0.00)
(272.77, 0.00, 0.00)
(272.77, 0.00, 0.00)
(272.77, 0.00, 0.00)
(272.77, 0.00, 0.00)
(272.77, 0.00, 0.00)
(271.47, 0.00, 0.00)
(271.82, 0.00, 0.00)
(271.82, 0.00, 0.00)
(271.82, 0.00, 0.00)
(271.82, 0.00, 0.00)
(271.82, 0.00, 0.00)
(271.65, 0.00, 0.00)
(271.65, 0.00, 0.00)
(271.65, 0.00, 0.00)
(271.65, 0.00, 0.00)
(271.65, 0.00, 0.00)
(272.76, 0.00, 0.00)
(273.18, 0.00, 0.00)
(273.18, 0.00, 0.00)
(273.18, 0.00, 0.00)
(273.18, 0.00, 0.00)
(273.18, 0.00, 0.00)
(273.18, 0.00, 0.00)
(273.18, 0.00, 0.00)
(272.01, 0.00, 0.00)
(272.01, 0.00, 0.00)
(272.01, 0.00, 0.00)
(272.76, 0.00, 0.00)
(272.76, 0.00, 0.00)
(272.76, 0.00, 0.00)
(272.76, 0.00, 0.00)
(272.76, 0.00, 0.00)
(272.90, 0.00, 0.00)
(272.90, 0.00, 0.00)
(272.90, 0.00, 0.00)
(274.15, 0.00, 0.00)
(274.15, 0.00, 0.00)
(274.15, 0.00, 0.00)
(274.15, 0.00, 0.00)
(273.95, 0.00, 0.00)
(273.95, 0.00, 0.00)
(273.95, 0.00, 0.00)
(273.95, 0.00, 0.00)
(271.89, 0.00, 0.00)
(271.89, 0.00, 0.00)
(271.89, 0.00, 0.00)
(272.24, 0.00, 0.00)
(272.24, 0.00, 0.00)
(272.24, 0.00, 0.00)
(272.24, 0.00, 0.00)
(272.24, 0.00, 0.00)
(272.39, 0.00, 0.00)
(272.39, 0.00, 0.00)
(272.39, 0.00, 0.00)
(271.74, 0.00, 0.00)
(271.74, 0.00, 0.00)
(271.74, 0.00, 0.00)
(271.74, 0.00, 0.00)
(271.74, 0.00, 0.00)
(270.47, 0.00, 0.00)
(270.47, 0.00, 0.00)
(270.47, 0.00, 0.00)
(270.93, 0.00, 0.00)
(270.93, 0.00, 0.00)
(270.93, 0.00, 0.00)
(270.93, 0.00, 0.00)
(272.09, 0.00, 0.00)
(272.09, 0.00, 0.00)
(272.09, 0.00, 0.00)
(272.09, 0.00, 0.00)
(272.09, 0.00, 0.00)
(272.28, 0.00, 0.00)
(272.28, 0.00, 0.00)
(276.36, 0.00, 0.00)
(276.36, 0.00, 0.00)
(276.36, 0.00, 0.00)
(276.36, 0.00, 0.00)
(274.88, 0.00, 0.00)
(274.88, 0.00, 0.00)
(274.88, 0.00, 0.00)
(274.88, 0.00, 0.00)
(274.88, 0.00, 0.00)
(270.94, 0.00, 0.00)
(271.76, 0.00, 0.00)
(271.76, 0.00, 0.00)
(271.76, 0.00, 0.00)
(271.76, 0.00, 0.00)
(272.34, 0.00, 0.00)
(272.34, 0.00, 0.00)
(272.34, 0.00, 0.00)
(272.34, 0.00, 0.00)
(274.17, 0.00, 0.00)
(274.17, 0.00, 0.00)
(274.17, 0.00, 0.00)
(274.17, 0.00, 0.00)
(272.19, 0.00, 0.00)
(272.19, 0.00, 0.00)
(272.19, 0.00, 0.00)
(272.36, 0.00, 0.00)
(272.36, 0.00, 0.00)
(272.36, 0.00, 0.00)
(275.13, 0.00, 0.00)
(275.13, 0.00, 0.00)
(274.91, 0.00, 0.00)
(274.91, 0.00, 0.00)
(274.91, 0.00, 0.00)
(274.91, 0.00, 0.00)
(274.91, 0.00, 0.00)
(273.97, 0.00, 0.00)
(273.97, 0.00, 0.00)
(273.97, 0.00, 0.00)
(273.97, 0.00, 0.00)
(274.27, 0.00, 0.00)
(274.27, 0.00, 0.00)
(275.06, 0.00, 0.00)
(275.06, 0.00, 0.00)
(275.06, 0.00, 0.00)
(275.06, 0.00, 0.00)
(275.06, 0.00, 0.00)
(275.06, 0.00, 0.00)
(275.06, 0.00, 0.00)
(275.06, 0.00, 0.00)
(276.37, 0.00, 0.00)
(276.37, 0.00, 0.00)
(276.37, 0.00, 0.00)
(276.37, 0.00, 0.00)
(277.14, 0.00, 0.00)
(277.14, 0.00, 0.00)
(277.14, 0.00, 0.00)
(277.14, 0.00, 0.00)
(276.66, 0.00, 0.00)
(276.66, 0.00, 0.00)
(276.66, 0.00, 0.00)
(276.66, 0.00, 0.00)
(277.65, 0.00, 0.00)
(277.65, 0.00, 0.00)
(277.65, 0.00, 0.00)
(277.65, 0.00, 0.00)
(278.39, 0.00, 0.00)
(278.39, 0.00, 0.00)
(278.39, 0.00, 0.00)
(278.38, 0.00, 0.00)
(278.38, 0.00, 0.00)
(278.38, 0.00, 0.00)
(278.38, 0.00, 0.00)
(278.48, 0.00, 0.00)
(278.48, 0.00, 0.00)
(278.48, 0.00, 0.00)
(278.64, 0.00, 0.00)
(278.64, 0.00, 0.00)
(278.64, 0.00, 0.00)
(278.64, 0.00, 0.00)
(278.54, 0.00, 0.00)
(278.54, 0.00, 0.00)
(278.54, 0.00, 0.00)
(279.47, 0.00, 0.00)
(279.47, 0.00, 0.00)
(279.47, 0.00, 0.00)
(280.34, 0.00, 0.00)
(280.34, 0.00, 0.00)
(280.34, 0.00, 0.00)
(280.34, 0.00, 0.00)
(280.99, 0.00, 0.00)
(280.99, 0.00, 0.00)
(280.99, 0.00, 0.00)
(280.99, 0.00, 0.00)
(281.28, 0.00, 0.00)
(281.28, 0.00, 0.00)
(281.28, 0.00, 0.00)
(282.70, 0.00, 0.00)
(282.70, 0.00, 0.00)
(282.70, 0.00, 0.00)
(282.70, 0.00, 0.00)
(282.73, 0.00, 0.00)
(282.73, 0.00, 0.00)
(282.73, 0.00, 0.00)
(282.73, 0.00, 0.00)
(283.17, 0.00, 0.00)
(283.17, 0.00, 0.00)
(283.17, 0.00, 0.00)
(283.17, 0.00, 0.00)
(283.17, 0.00, 0.00)
(283.14, 0.00, 0.00)
(283.14, 0.00, 0.00)
(283.14, 0.00, 0.00)
(284.61, 0.00, 0.00)
(284.61, 0.00, 0.00)
(284.61, 0.00, 0.00)
(284.61, 0.00, 0.00)
(284.61, 0.00, 0.00)
(284.61, 0.00, 0.00)
(285.52, 0.00, 0.00)
(285.52, 0.00, 0.00)
(285.52, 0.00, 0.00)
(286.26, 0.00, 0.00)
(286.26, 0.00, 0.00)
(286.26, 0.00, 0.00)
(286.26, 0.00, 0.00)
(286.26, 0.00, 0.00)
(285.94, 0.00, 0.00)
(285.94, 0.00, 0.00)
(285.46, 0.00, 0.00)
(285.46, 0.00, 0.00)
(285.46, 0.00, 0.00)
(285.46, 0.00, 0.00)
(286.88, 0.00, 0.00)
(286.88, 0.00, 0.00)
(286.88, 0.00, 0.00)
(286.79, 0.00, 0.00)
(286.79, 0.00, 0.00)
(286.79, 0.00, 0.00)
(286.79, 0.00, 0.00)
(287.53, 0.00, 0.00)
(287.53, 0.00, 0.00)
(287.53, 0.00, 0.00)
(287.53, 0.00, 0.00)
(288.59, 0.00, 0.00)
(289.48, 0.00, 0.00)
(289.48, 0.00, 0.00)
(289.48, 0.00, 0.00)
(289.48, 0.00, 0.00)
(290.18, 0.00, 0.00)
(290.18, 0.00, 0.00)
(290.18, 0.00, 0.00)
(290.18, 0.00, 0.00)
(292.03, 0.00, 0.00)
(292.03, 0.00, 0.00)
(292.03, 0.00, 0.00)
(292.03, 0.00, 0.00)
(292.03, 0.00, 0.00)
(292.03, 0.00, 0.00)
(293.17, 0.00, 0.00)
(291.21, 0.00, 0.00)
(291.21, 0.00, 0.00)
(291.21, 0.00, 0.00)
(291.21, 0.00, 0.00)
(291.21, 0.00, 0.00)
(292.86, 0.00, 0.00)
(292.86, 0.00, 0.00)
(292.86, 0.00, 0.00)
(292.86, 0.00, 0.00)
(292.86, 0.00, 0.00)
(291.81, 0.00, 0.00)
(293.82, 0.00, 0.00)
(293.82, 0.00, 0.00)
(293.82, 0.00, 0.00)
(293.82, 0.00, 0.00)
(295.86, 0.00, 0.00)
(295.86, 0.00, 0.00)
(295.86, 0.00, 0.00)
(295.86, 0.00, 0.00)
(295.86, 0.00, 0.00)
(297.17, 0.00, 0.00)
(297.17, 0.00, 0.00)
(297.17, 0.00, 0.00)
(297.17, 0.00, 0.00)
(297.17, 0.00, 0.00)
(298.65, 0.00, 0.00)
(298.65, 0.00, 0.00)
(299.56, 0.00, 0.00)
(299.56, 0.00, 0.00)
(299.56, 0.00, 0.00)
(299.56, 0.00, 0.00)
(299.56, 0.00, 0.00)
(298.45, 0.00, 0.00)
(298.45, 0.00, 0.00)
(298.45, 0.00, 0.00)
(298.45, 0.00, 0.00)
(298.45, 0.00, 0.00)
(297.65, 0.00, 0.00)
(297.53, 0.00, 0.00)
(297.53, 0.00, 0.00)
(297.53, 0.00, 0.00)
(297.53, 0.00, 0.00)
(297.53, 0.00, 0.00)
(297.53, 0.00, 0.00)
(298.91, 0.00, 0.00)
(298.91, 0.00, 0.00)
(298.91, 0.00, 0.00)
(298.91, 0.00, 0.00)
(300.38, 0.00, 0.00)
(300.38, 0.00, 0.00)
(302.11, 0.00, 0.00)
(302.11, 0.00, 0.00)
(302.11, 0.00, 0.00)
(302.11, 0.00, 0.00)
(302.11, 0.00, 0.00)
(302.11, 0.00, 0.00)
(301.33, 0.00, 0.00)
(302.01, 0.00, 0.00)
(302.01, 0.00, 0.00)
(302.01, 0.00, 0.00)
(302.01, 0.00, 0.00)
(302.43, 0.00, 0.00)
(302.43, 0.00, 0.00)
(302.43, 0.00, 0.00)
(302.43, 0.00, 0.00)
(302.43, 0.00, 0.00)
(303.04, 0.00, 0.00)
(303.34, 0.00, 0.00)
(303.34, 0.00, 0.00)
(303.34, 0.00, 0.00)
(303.34, 0.00, 0.00)
(303.34, 0.00, 0.00)
(303.34, 0.00, 0.00)
(303.34, 0.00, 0.00)
(306.12, 0.00, 0.00)
(306.12, 0.00, 0.00)
(306.12, 0.00, 0.00)
(309.05, 0.00, 0.00)
(309.05, 0.00, 0.00)
(309.05, 0.00, 0.00)
(309.05, 0.00, 0.00)
(309.60, 0.00, 0.00)
(309.60, 0.00, 0.00)
(308.64, 0.00, 0.00)
(308.64, 0.00, 0.00)
(308.64, 0.00, 0.00)
(308.64, 0.00, 0.00)
(308.64, 0.00, 0.00)
(308.64, 0.00, 0.00)
(308.64, 0.00, 0.00)
(308.63, 0.00, 0.00)
(308.63, 0.00, 0.00)
(308.63, 0.00, 0.00)
(308.63, 0.00, 0.00)
(308.63, 0.00, 0.00)
(308.63, 0.00, 0.00)
(315.86, 0.00, 0.00)
(315.86, 0.00, 0.00)
(315.86, 0.00, 0.00)
(316.61, 0.00, 0.00)
(316.61, 0.00, 0.00)
(316.61, 0.00, 0.00)
(314.30, 0.00, 0.00)
(314.30, 0.00, 0.00)
(314.30, 0.00, 0.00)
(314.30, 0.00, 0.00)
(314.30, 0.00, 0.00)
(315.04, 0.00, 0.00)
(315.04, 0.00, 0.00)
(318.68, 0.00, 0.00)
(318.68, 0.00, 0.00)
(318.68, 0.00, 0.00)
(318.32, 0.00, 0.00)
(318.32, 0.00, 0.00)
(318.32, 0.00, 0.00)
(318.32, 0.00, 0.00)
(318.32, 0.00, 0.00)
(319.83, 0.00, 0.00)
(319.83, 0.00, 0.00)
(319.83, 0.00, 0.00)
(319.83, 0.00, 0.00)
(319.29, 0.00, 0.00)
(319.29, 0.00, 0.00)
(319.29, 0.00, 0.00)
(319.29, 0.00, 0.00)
(318.22, 0.00, 0.00)
(318.22, 0.00, 0.00)
(318.22, 0.00, 0.00)
(322.68, 0.00, 0.00)
(322.68, 0.00, 0.00)
(322.68, 0.00, 0.00)
(322.68, 0.00, 0.00)
(324.23, 0.00, 0.00)
(324.23, 0.00, 0.00)
(322.36, 0.00, 0.00)
(322.36, 0.00, 0.00)
(322.36, 0.00, 0.00)
(322.36, 0.00, 0.00)
(322.36, 0.00, 0.00)
(324.42, 0.00, 0.00)
(324.42, 0.00, 0.00)
(324.42, 0.00, 0.00)
(328.34, 0.00, 0.00)
(328.34, 0.00, 0.00)
(328.34, 0.00, 0.00)
(328.34, 0.00, 0.00)
(328.77, 0.00, 0.00)
(328.77, 0.00, 0.00)
(328.77, 0.00, 0.00)
(328.77, 0.00, 0.00)
(331.00, 0.00, 0.00)
(331.00, 0.00, 0.00)
(331.77, 0.00, 0.00)
(331.77, 0.00, 0.00)
(331.77, 0.00, 0.00)
(331.77, 0.00, 0.00)
(331.77, 0.00, 0.00)
(330.04, 0.00, 0.00)
(330.04, 0.00, 0.00)
(330.04, 0.00, 0.00)
(337.04, 0.00, 0.00)
(337.04, 0.00, 0.00)
(337.04, 0.00, 0.00)
(337.97, 0.00, 0.00)
(337.97, 0.00, 0.00)
(337.97, 0.00, 0.00)
(337.97, 0.00, 0.00)
(335.18, 0.00, 0.00)
(335.18, 0.00, 0.00)
(335.18, 0.00, 0.00)
(335.18, 0.00, 0.00)
(335.18, 0.00, 0.00)
(339.18, 0.00, 0.00)
(339.18, 0.00, 0.00)
(346.00, 0.00, 0.00)
(346.00, 0.00, 0.00)
(346.00, 0.00, 0.00)
(346.00, 0.00, 0.00)
(346.00, 0.00, 0.00)
(348.98, 0.00, 0.00)
(348.98, 0.00, 0.00)
(348.98, 0.00, 0.00)
(348.98, 0.00, 0.00)
(351.35, 0.00, 0.00)
(351.35, 0.00, 0.00)
(351.35, 0.00, 0.00)
(351.35, 0.00, 0.00)
(351.35, 0.00, 0.00)
(350.54, 0.00, 0.00)
(350.54, 0.00, 0.00)
(350.54, 0.00, 0.00)
(350.54, 0.00, 0.00)
(348.38, 0.00, 0.00)
(348.38, 0.00, 0.00)
(344.92, 0.00, 0.00)
(344.92, 0.00, 0.00)
(344.92, 0.00, 0.00)
(344.92, 0.00, 0.00)
(344.92, 0.00, 0.00)
(343.66, 0.00, 0.00)
(343.66, 0.00, 0.00)
(343.66, 0.00, 0.00)
(343.66, 0.00, 0.00)
(345.62, 0.00, 0.00)
(345.62, 0.00, 0.00)
(345.62, 0.00, 0.00)
(347.62, 0.00, 0.00)
(347.62, 0.00, 0.00)
(350.48, 0.00, 0.00)
(350.48, 0.00, 0.00)
(350.48, 0.00, 0.00)
(350.48, 0.00, 0.00)
(350.48, 0.00, 0.00)
(343.69, 0.00, 0.00)
(343.69, 0.00, 0.00)
(341.39, 0.00, 0.00)
(341.39, 0.00, 0.00)
(341.39, 0.00, 0.00)
(341.39, 0.00, 0.00)
(341.39, 0.00, 0.00)
(342.61, 0.00, 0.00)
(342.61, 0.00, 0.00)
(342.61, 0.00, 0.00)
(342.61, 0.00, 0.00)
(336.88, 0.00, 0.00)
(336.88, 0.00, 0.00)
(336.88, 0.00, 0.00)
(336.88, 0.00, 0.00)
(336.88, 0.00, 0.00)
(329.49, 0.00, 0.00)
(329.49, 0.00, 0.00)
(329.78, 0.00, 0.00)
(329.78, 0.00, 0.00)
(329.78, 0.00, 0.00)
(329.78, 0.00, 0.00)
(335.48, 0.00, 0.00)
(335.48, 0.00, 0.00)
(327.29, 0.00, 0.00)
(327.29, 0.00, 0.00)
(327.29, 0.00, 0.00)
(316.82, 0.00, 0.00)
(316.82, 0.00, 0.00)
(316.82, 0.00, 0.00)
(316.82, 0.00, 0.00)
(314.62, 0.00, 0.00)
(314.62, 0.00, 0.00)
(314.62, 0.00, 0.00)
(317.52, 0.00, 0.00)
(317.52, 0.00, 0.00)
(317.52, 0.00, 0.00)
(317.52, 0.00, 0.00)
(317.52, 0.00, 0.00)
(317.68, 0.00, 0.00)
(317.68, 0.00, 0.00)
(317.68, 0.00, 0.00)
(309.68, 0.00, 0.00)
(309.68, 0.00, 0.00)
(309.68, 0.00, 0.00)
(309.68, 0.00, 0.00)
(309.42, 0.00, 0.00)
(309.42, 0.00, 0.00)
(309.42, 0.00, 0.00)
(310.96, 0.00, 0.00)
(310.96, 0.00, 0.00)
(310.96, 0.00, 0.00)
(310.96, 0.00, 0.00)
(310.96, 0.00, 0.00)
(310.15, 0.00, 0.00)
(310.15, 0.00, 0.00)
(302.04, 0.00, 0.00)
(302.04, 0.00, 0.00)
(302.04, 0.00, 0.00)
(302.04, 0.00, 0.00)
(302.04, 0.00, 0.00)
(299.11, 0.00, 0.00)
(299.11, 0.00, 0.00)
(299.11, 0.00, 0.00)
(299.11, 0.00, 0.00)
(293.79, 0.00, 0.00)
(293.79, 0.00, 0.00)
(298.31, 0.00, 0.00)
(298.31, 0.00, 0.00)
(298.31, 0.00, 0.00)
(298.31, 0.00, 0.00)
(298.31, 0.00, 0.00)
(297.11, 0.00, 0.00)
(297.11, 0.00, 0.00)
(297.11, 0.00, 0.00)
(297.11, 0.00, 0.00)
(291.37, 0.00, 0.00)
(291.37, 0.00, 0.00)
(293.65, 0.00, 0.00)
(293.65, 0.00, 0.00)
(293.65, 0.00, 0.00)
(293.65, 0.00, 0.00)
(293.65, 0.00, 0.00)
(291.83, 0.00, 0.00)
(291.83, 0.00, 0.00)
(291.83, 0.00, 0.00)
(290.66, 0.00, 0.00)
(290.66, 0.00, 0.00)
(290.66, 0.00, 0.00)
(290.66, 0.00, 0.00)
(290.66, 0.00, 0.00)
(289.94, 0.00, 0.00)
(289.94, 0.00, 0.00)
(289.94, 0.00, 0.00)
(289.94, 0.00, 0.00)
(289.94, 0.00, 0.00)
(287.15, 0.00, 0.00)
(284.96, 0.00, 0.00)
(284.96, 0.00, 0.00)
(284.96, 0.00, 0.00)
(284.96, 0.00, 0.00)
(284.96, 0.00, 0.00)
(284.14, 0.00, 0.00)
(284.14, 0.00, 0.00)
(283.26, 0.00, 0.00)
(283.26, 0.00, 0.00)
(283.26, 0.00, 0.00)
(283.26, 0.00, 0.00)
(283.26, 0.00, 0.00)
(283.26, 0.00, 0.00)
(283.04, 0.00, 0.00)
(283.04, 0.00, 0.00)
(283.04, 0.00, 0.00)
(283.81, 0.00, 0.00)
(283.82, 0.00, 0.00)
(283.82, 0.00, 0.00)
(283.82, 0.00, 0.00)
(283.82, 0.00, 0.00)
(283.04, 0.00, 0.00)
(283.04, 0.00, 0.00)
(283.04, 0.00, 0.00)
(283.04, 0.00, 0.00)
(283.04, 0.00, 0.00)
(283.04, 0.00, 0.00)
(280.51, 0.00, 0.00)
(280.51, 0.00, 0.00)
(280.51, 0.00, 0.00)
(279.94, 0.00, 0.00)
(279.94, 0.00, 0.00)
(279.94, 0.00, 0.00)
(279.82, 0.00, 0.00)
(279.82, 0.00, 0.00)
(279.82, 0.00, 0.00)
(279.53, 0.00, 0.00)
(279.53, 0.00, 0.00)
(279.68, 0.00, 0.00)
(279.68, 0.00, 0.00)
(279.68, 0.00, 0.00)
(279.68, 0.00, 0.00)
(279.68, 0.00, 0.00)
(279.68, 0.00, 0.00)
(279.81, 0.00, 0.00)
(279.81, 0.00, 0.00)
(279.81, 0.00, 0.00)
(279.81, 0.00, 0.00)
(279.22, 0.00, 0.00)
(279.22, 0.00, 0.00)
(279.22, 0.00, 0.00)
(278.06, 0.00, 0.00)
(278.06, 0.00, 0.00)
(278.06, 0.00, 0.00)
(278.06, 0.00, 0.00)
(278.51, 0.00, 0.00)
(278.51, 0.00, 0.00)
(278.51, 0.00, 0.00)
(278.08, 0.00, 0.00)
(278.08, 0.00, 0.00)
(278.08, 0.00, 0.00)
(278.08, 0.00, 0.00)
(277.16, 0.00, 0.00)
(277.16, 0.00, 0.00)
(277.16, 0.00, 0.00)
(277.16, 0.00, 0.00)
(276.98, 0.00, 0.00)
(276.98, 0.00, 0.00)
(276.98, 0.00, 0.00)
(275.63, 0.00, 0.00)
(275.63, 0.00, 0.00)
(275.63, 0.00, 0.00)
(275.63, 0.00, 0.00)
(276.24, 0.00, 0.00)
(276.24, 0.00, 0.00)
(276.24, 0.00, 0.00)
(276.24, 0.00, 0.00)
(276.53, 0.00, 0.00)
(276.53, 0.00, 0.00)
(276.53, 0.00, 0.00)
(274.93, 0.00, 0.00)
(274.93, 0.00, 0.00)
(274.93, 0.00, 0.00)
(274.93, 0.00, 0.00)
(274.93, 0.00, 0.00)
(275.47, 0.00, 0.00)
(275.47, 0.00, 0.00)
(275.47, 0.00, 0.00)
(275.75, 0.00, 0.00)
(275.75, 0.00, 0.00)
(275.75, 0.00, 0.00)
(275.75, 0.00, 0.00)
(275.75, 0.00, 0.00)
(275.00, 0.00, 0.00)
(275.00, 0.00, 0.00)
(274.92, 0.00, 0.00)
(274.92, 0.00, 0.00)
(274.92, 0.00, 0.00)
(274.92, 0.00, 0.00)
(274.92, 0.00, 0.00)
(274.99, 0.00, 0.00)
(274.99, 0.00, 0.00)
(274.99, 0.00, 0.00)
(275.14, 0.00, 0.00)
(275.14, 0.00, 0.00)
(275.14, 0.00, 0.00)
(275.14, 0.00, 0.00)
(275.18, 0.00, 0.00)
(275.18, 0.00, 0.00)
(275.18, 0.00, 0.00)
(275.18, 0.00, 0.00)
(274.65, 0.00, 0.00)
(274.65, 0.00, 0.00)
(274.65, 0.00, 0.00)
(273.93, 0.00, 0.00)
(273.93, 0.00, 0.00)
(273.93, 0.00, 0.00)
(273.93, 0.00, 0.00)
(273.93, 0.00, 0.00)
(273.93, 0.00, 0.00)
(274.02, 0.00, 0.00)
(274.02, 0.00, 0.00)
(274.53, 0.00, 0.00)
(274.53, 0.00, 0.00)
(274.53, 0.00, 0.00)
(274.53, 0.00, 0.00)
(274.53, 0.00, 0.00)
(274.11, 0.00, 0.00)
(274.11, 0.00, 0.00)
(274.11, 0.00, 0.00)
(274.11, 0.00, 0.00)
(273.90, 0.00, 0.00)
(273.90, 0.00, 0.00)
(273.71, 0.00, 0.00)
(273.71, 0.00, 0.00)
(273.71, 0.00, 0.00)
(273.71, 0.00, 0.00)
(273.51, 0.00, 0.00)
(273.51, 0.00, 0.00)
(273.51, 0.00, 0.00)
(273.94, 0.00, 0.00)
(273.94, 0.00, 0.00)
(273.94, 0.00, 0.00)
(273.94, 0.00, 0.00)
(274.07, 0.00, 0.00)
(274.07, 0.00, 0.00)
(274.07, 0.00, 0.00)
(273.22, 0.00, 0.00)
(273.22, 0.00, 0.00)
(273.22, 0.00, 0.00)
(273.22, 0.00, 0.00)
(273.22, 0.00, 0.00)
(273.22, 0.00, 0.00)
(273.22, 0.00, 0.00)
(273.22, 0.00, 0.00)
(274.03, 0.00, 0.00)
(274.03, 0.00, 0.00)
(274.03, 0.00, 0.00)
(274.03, 0.00, 0.00)
(274.03, 0.00, 0.00)
(274.19, 0.00, 0.00)
(274.19, 0.00, 0.00)
(274.19, 0.00, 0.00)
(274.19, 0.00, 0.00)
(273.86, 0.00, 0.00)
(273.86, 0.00, 0.00)
(273.86, 0.00, 0.00)
(273.73, 0.00, 0.00)
(273.73, 0.00, 0.00)
(273.73, 0.00, 0.00)
(273.73, 0.00, 0.00)
(273.73, 0.00, 0.00)
(273.73, 0.00, 0.00)
(273.73, 0.00, 0.00)
(274.03, 0.00, 0.00)
(274.88, 0.00, 0.00)
(274.88, 0.00, 0.00)
(274.88, 0.00, 0.00)
(274.48, 0.00, 0.00)
(274.48, 0.00, 0.00)
(274.48, 0.00, 0.00)
(274.48, 0.00, 0.00)
(274.58, 0.00, 0.00)
(274.58, 0.00, 0.00)
(274.58, 0.00, 0.00)
(274.58, 0.00, 0.00)
(274.58, 0.00, 0.00)
(274.45, 0.00, 0.00)
(274.45, 0.00, 0.00)
(274.45, 0.00, 0.00)
(274.45, 0.00, 0.00)
(274.45, 0.00, 0.00)
(274.69, 0.00, 0.00)
(274.89, 0.00, 0.00)
(274.89, 0.00, 0.00)
(274.89, 0.00, 0.00)
(274.83, 0.00, 0.00)
(274.83, 0.00, 0.00)
(274.83, 0.00, 0.00)
(274.83, 0.00, 0.00)
(274.83, 0.00, 0.00)
(274.83, 0.00, 0.00)
(274.83, 0.00, 0.00)
(274.68, 0.00, 0.00)
(274.62, 0.00, 0.00)
(274.62, 0.00, 0.00)
(275.00, 0.00, 0.00)
(275.00, 0.00, 0.00)
(275.00, 0.00, 0.00)
(275.00, 0.00, 0.00)
(274.00, 0.00, 0.00)
(274.00, 0.00, 0.00)
(277.33, 0.00, 0.00)
(277.33, 0.00, 0.00)
(277.33, 0.00, 0.00)
(277.33, 0.00, 0.00)
(277.94, 0.00, 0.00)
(276.21, 0.00, 0.00)
(276.21, 0.00, 0.00)
(276.21, 0.00, 0.00)
(279.41, 0.00, 0.00)
(279.41, 0.00, 0.00)
(279.41, 0.00, 0.00)
(279.41, 0.00, 0.00)
(279.41, 0.00, 0.00)
(284.95, 0.00, 0.00)
(285.85, 0.00, 0.00)
(285.85, 0.00, 0.00)
(285.85, 0.00, 0.00)
(285.85, 0.00, 0.00)
(285.85, 0.00, 0.00)
(285.85, 0.00, 0.00)
(285.85, 0.00, 0.00)
(283.40, 0.00, 0.00)
(283.40, 0.00, 0.00)
(284.59, 0.00, 0.00)
(284.59, 0.00, 0.00)
(284.59, 0.00, 0.00)
(284.59, 0.00, 0.00)
(286.70, 0.00, 0.00)
(286.70, 0.00, 0.00)
(287.77, 0.00, 0.00)
(287.77, 0.00, 0.00)
(287.77, 0.00, 0.00)
(287.77, 0.00, 0.00)
(288.62, 0.00, 0.00)
(288.62, 0.00, 0.00)
(288.62, 0.00, 0.00)
(288.62, 0.00, 0.00)
(288.72, 0.00, 0.00)
(288.72, 0.00, 0.00)
(288.72, 0.00, 0.00)
(288.72, 0.00, 0.00)
(288.72, 0.00, 0.00)
(292.85, 0.00, 0.00)
(292.85, 0.00, 0.00)
(295.83, 0.00, 0.00)
(295.83, 0.00, 0.00)
(295.83, 0.00, 0.00)
(295.83, 0.00, 0.00)
(295.83, 0.00, 0.00)
(295.83, 0.00, 0.00)
(295.98, 0.00, 0.00)
(295.98, 0.00, 0.00)
(297.73, 0.00, 0.00)
(297.73, 0.00, 0.00)
(297.73, 0.00, 0.00)
(297.73, 0.00, 0.00)
(297.73, 0.00, 0.00)
(300.83, 0.00, 0.00)
(300.83, 0.00, 0.00)
(301.57, 0.00, 0.00)
(301.57, 0.00, 0.00)
(301.57, 0.00, 0.00)
(301.57, 0.00, 0.00)
(301.14, 0.00, 0.00)
(301.14, 0.00, 0.00)
(301.14, 0.00, 0.00)
(309.63, 0.00, 0.00)
(309.63, 0.00, 0.00)
(309.63, 0.00, 0.00)
(309.63, 0.00, 0.00)
(312.53, 0.00, 0.00)
(312.53, 0.00, 0.00)
(312.53, 0.00, 0.00)
(312.53, 0.00, 0.00)
(312.03, 0.00, 0.00)
(312.03, 0.00, 0.00)
(312.03, 0.00, 0.00)
(317.94, 0.00, 0.00)
(317.94, 0.00, 0.00)
(317.94, 0.00, 0.00)
(317.94, 0.00, 0.00)
(317.94, 0.00, 0.00)
(317.94, 0.00, 0.00)
(319.48, 0.00, 0.00)
(319.48, 0.00, 0.00)
(322.70, 0.00, 0.00)
(322.70, 0.00, 0.00)
(322.70, 0.00, 0.00)
(317.24, 0.00, 0.00)
(317.24, 0.00, 0.00)
(317.24, 0.00, 0.00)
(317.24, 0.00, 0.00)
(317.24, 0.00, 0.00)
(317.24, 0.00, 0.00)
(317.24, 0.00, 0.00)
(317.24, 0.00, 0.00)
(317.24, 0.00, 0.00)
(318.21, 0.00, 0.00)
(318.21, 0.00, 0.00)
(318.56, 0.00, 0.00)
(318.56, 0.00, 0.00)
(318.56, 0.00, 0.00)
(318.56, 0.00, 0.00)
(322.14, 0.00, 0.00)
(322.14, 0.00, 0.00)
(322.14, 0.00, 0.00)
(322.14, 0.00, 0.00)
(322.14, 0.00, 0.00)
(322.14, 0.00, 0.00)
(322.14, 0.00, 0.00)
(324.00, 0.00, 0.00)
(324.00, 0.00, 0.00)
(324.00, 0.00, 0.00)
(324.00, 0.00, 0.00)
(324.00, 0.00, 0.00)
(324.00, 0.00, 0.00)
(324.00, 0.00, 0.00)
(320.72, 0.00, 0.00)
(320.72, 0.00, 0.00)
(325.12, 0.00, 0.00)
(325.12, 0.00, 0.00)
(325.12, 0.00, 0.00)
(325.12, 0.00, 0.00)
(323.49, 0.00, 0.00)
(323.49, 0.00, 0.00)
(323.49, 0.00, 0.00)
(328.89, 0.00, 0.00)
(328.89, 0.00, 0.00)
(328.89, 0.00, 0.00)
(328.89, 0.00, 0.00)
(331.14, 0.00, 0.00)
(331.14, 0.00, 0.00)
(331.14, 0.00, 0.00)
(333.78, 0.00, 0.00)
(333.78, 0.00, 0.00)
(333.78, 0.00, 0.00)
(333.78, 0.00, 0.00)
(333.78, 0.00, 0.00)
(333.78, 0.00, 0.00)
(335.68, 0.00, 0.00)
(335.68, 0.00, 0.00)
(335.02, 0.00, 0.00)
(335.02, 0.00, 0.00)
(335.02, 0.00, 0.00)
(335.02, 0.00, 0.00)
(335.02, 0.00, 0.00)
(333.99, 0.00, 0.00)
(333.99, 0.00, 0.00)
(333.44, 0.00, 0.00)
(333.44, 0.00, 0.00)
(333.44, 0.00, 0.00)
(333.44, 0.00, 0.00)
(334.79, 0.00, 0.00)
(334.79, 0.00, 0.00)
(334.79, 0.00, 0.00)
(334.79, 0.00, 0.00)
(342.78, 0.00, 0.00)
(342.78, 0.00, 0.00)
(342.78, 0.00, 0.00)
(341.47, 0.00, 0.00)
(341.47, 0.00, 0.00)
(341.47, 0.00, 0.00)
(341.47, 0.00, 0.00)
(341.47, 0.00, 0.00)
(342.47, 0.00, 0.00)
(342.47, 0.00, 0.00)
(342.47, 0.00, 0.00)
(344.18, 0.00, 0.00)
(344.18, 0.00, 0.00)
(344.18, 0.00, 0.00)
(344.18, 0.00, 0.00)
(344.18, 0.00, 0.00)
(344.18, 0.00, 0.00)
(342.96, 0.00, 0.00)
(342.96, 0.00, 0.00)
(340.25, 0.00, 0.00)
(340.25, 0.00, 0.00)
(340.25, 0.00, 0.00)
(340.25, 0.00, 0.00)
(341.32, 0.00, 0.00)
(341.32, 0.00, 0.00)
(341.32, 0.00, 0.00)
(341.32, 0.00, 0.00)
(341.32, 0.00, 0.00)
(345.57, 0.00, 0.00)
(345.57, 0.00, 0.00)
(340.13, 0.00, 0.00)
(340.13, 0.00, 0.00)
(340.13, 0.00, 0.00)
(340.13, 0.00, 0.00)
(340.13, 0.00, 0.00)
(340.13, 0.00, 0.00)
(340.13, 0.00, 0.00)
(326.48, 0.00, 0.00)
(326.48, 0.00, 0.00)
(326.48, 0.00, 0.00)
(326.97, 0.00, 0.00)
(326.97, 0.00, 0.00)
(326.97, 0.00, 0.00)
(326.97, 0.00, 0.00)
(326.97, 0.00, 0.00)
(321.12, 0.00, 0.00)
(321.12, 0.00, 0.00)
(321.12, 0.00, 0.00)
(321.12, 0.00, 0.00)
(315.06, 0.00, 0.00)
(315.06, 0.00, 0.00)
(315.06, 0.00, 0.00)
(307.68, 0.00, 0.00)
(307.68, 0.00, 0.00)
(307.68, 0.00, 0.00)
(307.68, 0.00, 0.00)
(306.93, 0.00, 0.00)
(306.93, 0.00, 0.00)
(306.93, 0.00, 0.00)
(306.93, 0.00, 0.00)
(312.61, 0.00, 0.00)
(312.61, 0.00, 0.00)
(312.61, 0.00, 0.00)
(312.61, 0.00, 0.00)
(312.61, 0.00, 0.00)
(312.61, 0.00, 0.00)
(303.51, 0.00, 0.00)
(295.91, 0.00, 0.00)
(295.91, 0.00, 0.00)
(295.91, 0.00, 0.00)
(295.91, 0.00, 0.00)
(295.66, 0.00, 0.00)
(295.66, 0.00, 0.00)
(295.66, 0.00, 0.00)
(295.66, 0.00, 0.00)
(295.66, 0.00, 0.00)
(295.66, 0.00, 0.00)
(295.66, 0.00, 0.00)
(297.70, 0.00, 0.00)
(297.70, 0.00, 0.00)
(297.70, 0.00, 0.00)
(297.70, 0.00, 0.00)
(291.75, 0.00, 0.00)
(291.75, 0.00, 0.00)
(291.75, 0.00, 0.00)
(291.17, 0.00, 0.00)
(291.17, 0.00, 0.00)
(291.17, 0.00, 0.00)
(291.17, 0.00, 0.00)
(291.17, 0.00, 0.00)
(291.17, 0.00, 0.00)
(290.86, 0.00, 0.00)
(290.17, 0.00, 0.00)
(290.17, 0.00, 0.00)
(290.17, 0.00, 0.00)
(290.17, 0.00, 0.00)
(290.17, 0.00, 0.00)
(289.20, 0.00, 0.00)
(287.11, 0.00, 0.00)
(287.11, 0.00, 0.00)
(287.11, 0.00, 0.00)
(287.11, 0.00, 0.00)
(287.55, 0.00, 0.00)
(287.55, 0.00, 0.00)
(287.55, 0.00, 0.00)
(287.55, 0.00, 0.00)
(287.55, 0.00, 0.00)
(287.69, 0.00, 0.00)
(285.39, 0.00, 0.00)
(285.39, 0.00, 0.00)
(285.39, 0.00, 0.00)
(285.39, 0.00, 0.00)
(285.39, 0.00, 0.00)
(285.39, 0.00, 0.00)
(285.31, 0.00, 0.00)
(285.31, 0.00, 0.00)
(283.19, 0.00, 0.00)
(283.19, 0.00, 0.00)
(283.19, 0.00, 0.00)
(283.19, 0.00, 0.00)
(283.19, 0.00, 0.00)
(282.82, 0.00, 0.00)
(282.82, 0.00, 0.00)
(282.82, 0.00, 0.00)
(284.14, 0.00, 0.00)
(284.14, 0.00, 0.00)
(284.18, 0.00, 0.00)
(284.18, 0.00, 0.00)
(284.18, 0.00, 0.00)
(284.18, 0.00, 0.00)
(282.02, 0.00, 0.00)
(282.02, 0.00, 0.00)
(282.02, 0.00, 0.00)
(282.02, 0.00, 0.00)
(281.10, 0.00, 0.00)
(281.10, 0.00, 0.00)
(280.56, 0.00, 0.00)
(280.56, 0.00, 0.00)
(280.56, 0.00, 0.00)
(280.56, 0.00, 0.00)
(280.56, 0.00, 0.00)
(279.35, 0.00, 0.00)
(279.35, 0.00, 0.00)
(279.05, 0.00, 0.00)
(279.05, 0.00, 0.00)
(279.05, 0.00, 0.00)
(279.05, 0.00, 0.00)
(279.05, 0.00, 0.00)
(279.05, 0.00, 0.00)
(279.47, 0.00, 0.00)
(279.47, 0.00, 0.00)
(278.65, 0.00, 0.00)
(278.65, 0.00, 0.00)
(278.65, 0.00, 0.00)
(278.65, 0.00, 0.00)
(278.65, 0.00, 0.00)
(278.56, 0.00, 0.00)
(278.47, 0.00, 0.00)
(278.47, 0.00, 0.00)
(278.47, 0.00, 0.00)
(278.47, 0.00, 0.00)
(278.47, 0.00, 0.00)
(277.51, 0.00, 0.00)
(277.51, 0.00, 0.00)
(277.91, 0.00, 0.00)
(277.91, 0.00, 0.00)
(278.31, 0.00, 0.00)
(278.31, 0.00, 0.00)
(278.31, 0.00, 0.00)
(278.31, 0.00, 0.00)
(278.31, 0.00, 0.00)
(277.45, 0.00, 0.00)
(277.45, 0.00, 0.00)
(277.45, 0.00, 0.00)
(277.45, 0.00, 0.00)
(277.49, 0.00, 0.00)
(277.49, 0.00, 0.00)
(277.49, 0.00, 0.00)
(277.47, 0.00, 0.00)
(277.47, 0.00, 0.00)
(277.47, 0.00, 0.00)
(277.50, 0.00, 0.00)
(277.50, 0.00, 0.00)
(277.50, 0.00, 0.00)
(277.50, 0.00, 0.00)
(277.50, 0.00, 0.00)
(277.50, 0.00, 0.00)
(277.50, 0.00, 0.00)
(277.51, 0.00, 0.00)
(277.51, 0.00, 0.00)
(277.51, 0.00, 0.00)
(277.51, 0.00, 0.00)
(277.51, 0.00, 0.00)
(277.51, 0.00, 0.00)
(277.51, 0.00, 0.00)
(277.58, 0.00, 0.00)
(277.51, 0.00, 0.00)
(277.51, 0.00, 0.00)
(277.51, 0.00, 0.00)
(277.70, 0.00, 0.00)
(277.70, 0.00, 0.00)
(277.70, 0.00, 0.00)
(278.71, 0.00, 0.00)
(278.71, 0.00, 0.00)
(278.71, 0.00, 0.00)
(278.71, 0.00, 0.00)
(277.60, 0.00, 0.00)
(277.60, 0.00, 0.00)
(277.60, 0.00, 0.00)
(277.53, 0.00, 0.00)
(277.53, 0.00, 0.00)
(278.41, 0.00, 0.00)
(278.41, 0.00, 0.00)
(278.41, 0.00, 0.00)
(278.41, 0.00, 0.00)
(278.41, 0.00, 0.00)
(278.27, 0.00, 0.00)
(278.27, 0.00, 0.00)
(278.27, 0.00, 0.00)
(278.27, 0.00, 0.00)
(278.74, 0.00, 0.00)
(278.74, 0.00, 0.00)
(278.74, 0.00, 0.00)
(278.74, 0.00, 0.00)
(278.74, 0.00, 0.00)
(278.86, 0.00, 0.00)
(278.86, 0.00, 0.00)
(278.77, 0.00, 0.00)
(278.77, 0.00, 0.00)
(278.77, 0.00, 0.00)
(278.77, 0.00, 0.00)
(279.11, 0.00, 0.00)
(279.11, 0.00, 0.00)
(279.11, 0.00, 0.00)
(279.11, 0.00, 0.00)
(279.11, 0.00, 0.00)
(278.71, 0.00, 0.00)
(279.15, 0.00, 0.00)
(279.15, 0.00, 0.00)
(279.15, 0.00, 0.00)
(279.15, 0.00, 0.00)
(279.15, 0.00, 0.00)
(278.97, 0.00, 0.00)
(278.97, 0.00, 0.00)
(278.97, 0.00, 0.00)
(278.97, 0.00, 0.00)
(278.98, 0.00, 0.00)
(278.98, 0.00, 0.00)
(278.36, 0.00, 0.00)
(278.36, 0.00, 0.00)
(278.36, 0.00, 0.00)
(278.36, 0.00, 0.00)
(277.49, 0.00, 0.00)
(277.49, 0.00, 0.00)
(277.49, 0.00, 0.00)
(277.49, 0.00, 0.00)
(277.54, 0.00, 0.00)
(277.54, 0.00, 0.00)
(278.02, 0.00, 0.00)
(278.02, 0.00, 0.00)
(278.02, 0.00, 0.00)
(278.02, 0.00, 0.00)
(277.66, 0.00, 0.00)
(277.66, 0.00, 0.00)
(277.66, 0.00, 0.00)
(275.70, 0.00, 0.00)
(275.70, 0.00, 0.00)
(283.46, 0.00, 0.00)
(283.46, 0.00, 0.00)
(283.46, 0.00, 0.00)
(283.46, 0.00, 0.00)
(285.96, 0.00, 0.00)
(285.96, 0.00, 0.00)
(285.96, 0.00, 0.00)
(285.96, 0.00, 0.00)
(285.96, 0.00, 0.00)
(285.66, 0.00, 0.00)
(285.66, 0.00, 0.00)
(285.66, 0.00, 0.00)
(285.66, 0.00, 0.00)
(286.68, 0.00, 0.00)
(286.41, 0.00, 0.00)
(286.41, 0.00, 0.00)
(286.41, 0.00, 0.00)
(286.41, 0.00, 0.00)
(286.41, 0.00, 0.00)
(289.71, 0.00, 0.00)
(289.71, 0.00, 0.00)
(289.71, 0.00, 0.00)
(289.71, 0.00, 0.00)
(289.71, 0.00, 0.00)
(292.04, 0.00, 0.00)
(296.85, 0.00, 0.00)
(296.85, 0.00, 0.00)
(296.85, 0.00, 0.00)
(296.85, 0.00, 0.00)
(296.85, 0.00, 0.00)
(298.69, 0.00, 0.00)
(298.69, 0.00, 0.00)
(298.69, 0.00, 0.00)
(298.69, 0.00, 0.00)
(302.38, 0.00, 0.00)
(305.61, 0.00, 0.00)
(305.61, 0.00, 0.00)
(305.61, 0.00, 0.00)
(305.61, 0.00, 0.00)
(309.44, 0.00, 0.00)
(309.44, 0.00, 0.00)
(309.44, 0.00, 0.00)
(309.44, 0.00, 0.00)
(311.71, 0.00, 0.00)
(311.71, 0.00, 0.00)
(311.71, 0.00, 0.00)
(311.71, 0.00, 0.00)
(311.71, 0.00, 0.00)
(308.84, 0.00, 0.00)
(309.94, 0.00, 0.00)
(309.94, 0.00, 0.00)
(309.94, 0.00, 0.00)
(309.94, 0.00, 0.00)
(309.94, 0.00, 0.00)
(311.51, 0.00, 0.00)
(311.51, 0.00, 0.00)
(315.42, 0.00, 0.00)
(315.42, 0.00, 0.00)
(315.42, 0.00, 0.00)
(315.42, 0.00, 0.00)
(317.62, 0.00, 0.00)
(317.62, 0.00, 0.00)
(317.62, 0.00, 0.00)
(319.77, 0.00, 0.00)
(319.77, 0.00, 0.00)
(319.77, 0.00, 0.00)
(319.77, 0.00, 0.00)
(319.77, 0.00, 0.00)
(319.94, 0.00, 0.00)
(319.94, 0.00, 0.00)
(319.94, 0.00, 0.00)
(320.94, 0.00, 0.00)
(320.94, 0.00, 0.00)
(320.94, 0.00, 0.00)
(320.94, 0.00, 0.00)
(332.88, 0.00, 0.00)
(332.88, 0.00, 0.00)
(332.88, 0.00, 0.00)
(332.62, 0.00, 0.00)
(332.62, 0.00, 0.00)
(332.62, 0.00, 0.00)
(332.02, 0.00, 0.00)
(332.02, 0.00, 0.00)
(332.02, 0.00, 0.00)
(332.02, 0.00, 0.00)
(329.46, 0.00, 0.00)
(329.46, 0.00, 0.00)
(329.46, 0.00, 0.00)
(329.46, 0.00, 0.00)
(336.69, 0.00, 0.00)
(336.69, 0.00, 0.00)
(328.92, 0.00, 0.00)
(328.92, 0.00, 0.00)
(328.92, 0.00, 0.00)
(328.92, 0.00, 0.00)
(328.92, 0.00, 0.00)
(328.92, 0.00, 0.00)
(342.71, 0.00, 0.00)
(342.71, 0.00, 0.00)
(342.71, 0.00, 0.00)
(337.30, 0.00, 0.00)
(337.30, 0.00, 0.00)
(337.30, 0.00, 0.00)
(337.30, 0.00, 0.00)
(338.79, 0.00, 0.00)
(338.79, 0.00, 0.00)
(338.79, 0.00, 0.00)
(341.06, 0.00, 0.00)
(341.06, 0.00, 0.00)
(341.06, 0.00, 0.00)
(341.06, 0.00, 0.00)
(349.78, 0.00, 0.00)
(349.78, 0.00, 0.00)
(349.78, 0.00, 0.00)
(349.78, 0.00, 0.00)
(348.46, 0.00, 0.00)
(348.46, 0.00, 0.00)
(348.46, 0.00, 0.00)
(338.45, 0.00, 0.00)
(338.45, 0.00, 0.00)
(338.45, 0.00, 0.00)
(338.45, 0.00, 0.00)
(338.10, 0.00, 0.00)
(338.10, 0.00, 0.00)
(338.10, 0.00, 0.00)
(338.10, 0.00, 0.00)
(338.10, 0.00, 0.00)
(341.77, 0.00, 0.00)
(341.77, 0.00, 0.00)
(341.77, 0.00, 0.00)
(341.77, 0.00, 0.00)
(339.48, 0.00, 0.00)
(339.48, 0.00, 0.00)
(329.42, 0.00, 0.00)
(329.42, 0.00, 0.00)
(329.42, 0.00, 0.00)
(329.42, 0.00, 0.00)
(321.13, 0.00, 0.00)
(321.13, 0.00, 0.00)
(321.13, 0.00, 0.00)
(321.13, 0.00, 0.00)
(327.24, 0.00, 0.00)
(327.24, 0.00, 0.00)
(321.52, 0.00, 0.00)
(321.52, 0.00, 0.00)
(321.52, 0.00, 0.00)
(321.52, 0.00, 0.00)
(321.52, 0.00, 0.00)
(321.52, 0.00, 0.00)
(321.52, 0.00, 0.00)
(298.77, 0.00, 0.00)
(298.77, 0.00, 0.00)
(298.77, 0.00, 0.00)
(298.77, 0.00, 0.00)
(298.77, 0.00, 0.00)
(298.77, 0.00, 0.00)
(298.77, 0.00, 0.00)
(299.02, 0.00, 0.00)
(299.02, 0.00, 0.00)
(300.62, 0.00, 0.00)
(300.62, 0.00, 0.00)
(300.62, 0.00, 0.00)
(300.62, 0.00, 0.00)
(298.40, 0.00, 0.00)
(298.40, 0.00, 0.00)
(298.40, 0.00, 0.00)
(294.12, 0.00, 0.00)
(294.12, 0.00, 0.00)
(294.12, 0.00, 0.00)
(294.12, 0.00, 0.00)
(294.12, 0.00, 0.00)
(294.12, 0.00, 0.00)
(294.12, 0.00, 0.00)
(294.71, 0.00, 0.00)
(294.71, 0.00, 0.00)
(294.71, 0.00, 0.00)
(294.71, 0.00, 0.00)
(292.17, 0.00, 0.00)
(292.17, 0.00, 0.00)
(292.17, 0.00, 0.00)
(292.17, 0.00, 0.00)
(291.60, 0.00, 0.00)
(291.60, 0.00, 0.00)
(291.60, 0.00, 0.00)
(291.60, 0.00, 0.00)
(285.17, 0.00, 0.00)
(285.17, 0.00, 0.00)
(285.03, 0.00, 0.00)
(285.03, 0.00, 0.00)
(285.03, 0.00, 0.00)
(285.03, 0.00, 0.00)
(284.99, 0.00, 0.00)
(284.99, 0.00, 0.00)
(284.99, 0.00, 0.00)
(283.15, 0.00, 0.00)
(283.15, 0.00, 0.00)
(283.15, 0.00, 0.00)
(283.15, 0.00, 0.00)
(281.54, 0.00, 0.00)
(281.54, 0.00, 0.00)
(281.54, 0.00, 0.00)
(281.54, 0.00, 0.00)
(281.54, 0.00, 0.00)
(281.54, 0.00, 0.00)
(281.19, 0.00, 0.00)
(281.19, 0.00, 0.00)
(280.34, 0.00, 0.00)
(280.34, 0.00, 0.00)
(280.34, 0.00, 0.00)
(280.34, 0.00, 0.00)
(280.34, 0.00, 0.00)
(280.26, 0.00, 0.00)
(279.82, 0.00, 0.00)
(279.82, 0.00, 0.00)
(279.82, 0.00, 0.00)
(279.82, 0.00, 0.00)
(279.05, 0.00, 0.00)
(279.05, 0.00, 0.00)
(279.05, 0.00, 0.00)
(279.05, 0.00, 0.00)
(279.05, 0.00, 0.00)
(279.05, 0.00, 0.00)
(279.05, 0.00, 0.00)
(278.78, 0.00, 0.00)
(278.78, 0.00, 0.00)
(278.78, 0.00, 0.00)
(278.78, 0.00, 0.00)
(278.78, 0.00, 0.00)
(278.78, 0.00, 0.00)
(278.78, 0.00, 0.00)
(278.78, 0.00, 0.00)
(278.78, 0.00, 0.00)
(278.78, 0.00, 0.00)
(278.78, 0.00, 0.00)
(278.78, 0.00, 0.00)
(278.78, 0.00, 0.00)
(278.78, 0.00, 0.00)
(278.78, 0.00, 0.00)
(276.96, 0.00, 0.00)
(276.96, 0.00, 0.00)
(275.67, 0.00, 0.00)
(275.67, 0.00, 0.00)
(275.67, 0.00, 0.00)
(278.92, 0.00, 0.00)
(276.30, 0.00, 0.00)
(276.30, 0.00, 0.00)
(276.30, 0.00, 0.00)
(276.30, 0.00, 0.00)
(276.85, 0.00, 0.00)
(276.85, 0.00, 0.00)
(276.85, 0.00, 0.00)
(276.85, 0.00, 0.00)
(276.85, 0.00, 0.00)
(276.85, 0.00, 0.00)
(276.85, 0.00, 0.00)
(277.67, 0.00, 0.00)
(277.67, 0.00, 0.00)
(277.67, 0.00, 0.00)
(277.67, 0.00, 0.00)
(277.67, 0.00, 0.00)
(277.67, 0.00, 0.00)
(277.67, 0.00, 0.00)
(277.67, 0.00, 0.00)
(277.67, 0.00, 0.00)
(277.67, 0.00, 0.00)
(276.02, 0.00, 0.00)
(276.02, 0.00, 0.00)
(276.02, 0.00, 0.00)
(276.02, 0.00, 0.00)
(278.35, 0.00, 0.00)
(278.35, 0.00, 0.00)
(277.38, 0.00, 0.00)
(277.38, 0.00, 0.00)
(277.38, 0.00, 0.00)
(277.38, 0.00, 0.00)
(277.38, 0.00, 0.00)
(276.29, 0.00, 0.00)
(276.29, 0.00, 0.00)
(278.07, 0.00, 0.00)
(278.07, 0.00, 0.00)
(278.07, 0.00, 0.00)
(278.07, 0.00, 0.00)
(276.59, 0.00, 0.00)
(276.59, 0.00, 0.00)
(276.59, 0.00, 0.00)
(277.37, 0.00, 0.00)
(277.37, 0.00, 0.00)
(277.37, 0.00, 0.00)
(277.37, 0.00, 0.00)
(277.37, 0.00, 0.00)
(277.58, 0.00, 0.00)
(277.58, 0.00, 0.00)
(277.58, 0.00, 0.00)
(277.58, 0.00, 0.00)
(278.13, 0.00, 0.00)
(278.13, 0.00, 0.00)
(277.79, 0.00, 0.00)
(277.79, 0.00, 0.00)
(277.79, 0.00, 0.00)
(277.79, 0.00, 0.00)
(277.79, 0.00, 0.00)
(278.27, 0.00, 0.00)
(278.27, 0.00, 0.00)
(278.27, 0.00, 0.00)
(278.27, 0.00, 0.00)
(278.56, 0.00, 0.00)
(278.56, 0.00, 0.00)
(278.56, 0.00, 0.00)
(278.17, 0.00, 0.00)
(278.17, 0.00, 0.00)
(278.17, 0.00, 0.00)
(278.17, 0.00, 0.00)
(278.09, 0.00, 0.00)
(278.09, 0.00, 0.00)
(278.09, 0.00, 0.00)
(278.09, 0.00, 0.00)
(278.33, 0.00, 0.00)
(278.33, 0.00, 0.00)
(277.94, 0.00, 0.00)
(277.94, 0.00, 0.00)
(277.94, 0.00, 0.00)
(277.94, 0.00, 0.00)
(277.94, 0.00, 0.00)
(277.94, 0.00, 0.00)
(277.94, 0.00, 0.00)
(277.36, 0.00, 0.00)
(277.36, 0.00, 0.00)
(276.22, 0.00, 0.00)
(276.22, 0.00, 0.00)
(276.22, 0.00, 0.00)
(276.22, 0.00, 0.00)
(276.22, 0.00, 0.00)
(275.86, 0.00, 0.00)
(275.86, 0.00, 0.00)
(275.09, 0.00, 0.00)
(275.09, 0.00, 0.00)
(275.09, 0.00, 0.00)
(275.09, 0.00, 0.00)
(276.67, 0.00, 0.00)
(276.67, 0.00, 0.00)
(276.67, 0.00, 0.00)
(276.67, 0.00, 0.00)
(276.67, 0.00, 0.00)
(273.76, 0.00, 0.00)
(273.76, 0.00, 0.00)
(273.76, 0.00, 0.00)
(275.59, 0.00, 0.00)
(275.59, 0.00, 0.00)
(283.47, 0.00, 0.00)
(283.47, 0.00, 0.00)
(283.47, 0.00, 0.00)
(283.47, 0.00, 0.00)
(283.47, 0.00, 0.00)
(280.63, 0.00, 0.00)
(280.63, 0.00, 0.00)
(279.12, 0.00, 0.00)
(279.12, 0.00, 0.00)
(279.12, 0.00, 0.00)
(281.63, 0.00, 0.00)
(281.63, 0.00, 0.00)
(281.63, 0.00, 0.00)
(281.63, 0.00, 0.00)
(287.99, 0.00, 0.00)
(287.99, 0.00, 0.00)
(289.49, 0.00, 0.00)
(289.49, 0.00, 0.00)
(289.49, 0.00, 0.00)
(289.49, 0.00, 0.00)
(289.49, 0.00, 0.00)
(291.57, 0.00, 0.00)
(291.57, 0.00, 0.00)
(291.57, 0.00, 0.00)
(295.80, 0.00, 0.00)
(295.80, 0.00, 0.00)
(295.80, 0.00, 0.00)
(297.65, 0.00, 0.00)
(297.65, 0.00, 0.00)
(297.65, 0.00, 0.00)
(297.65, 0.00, 0.00)
(295.17, 0.00, 0.00)
(295.17, 0.00, 0.00)
(295.17, 0.00, 0.00)
(295.17, 0.00, 0.00)
(298.28, 0.00, 0.00)
(298.28, 0.00, 0.00)
(298.28, 0.00, 0.00)
(301.90, 0.00, 0.00)
(301.90, 0.00, 0.00)
(301.90, 0.00, 0.00)
(301.90, 0.00, 0.00)
(307.91, 0.00, 0.00)
(307.91, 0.00, 0.00)
(307.91, 0.00, 0.00)
(307.91, 0.00, 0.00)
(312.47, 0.00, 0.00)
(312.47, 0.00, 0.00)
(312.47, 0.00, 0.00)
(312.47, 0.00, 0.00)
(312.47, 0.00, 0.00)
(315.24, 0.00, 0.00)
(313.04, 0.00, 0.00)
(313.04, 0.00, 0.00)
(313.04, 0.00, 0.00)
(313.04, 0.00, 0.00)
(313.04, 0.00, 0.00)
(315.89, 0.00, 0.00)
(315.89, 0.00, 0.00)
(315.89, 0.00, 0.00)
(315.89, 0.00, 0.00)
(315.89, 0.00, 0.00)
(319.54, 0.00, 0.00)
(319.54, 0.00, 0.00)
(321.29, 0.00, 0.00)
(321.29, 0.00, 0.00)
(321.29, 0.00, 0.00)
(321.29, 0.00, 0.00)
(325.71, 0.00, 0.00)
(325.71, 0.00, 0.00)
(325.71, 0.00, 0.00)
(325.71, 0.00, 0.00)
(326.82, 0.00, 0.00)
(326.82, 0.00, 0.00)
(326.82, 0.00, 0.00)
(326.82, 0.00, 0.00)
(326.82, 0.00, 0.00)
(326.82, 0.00, 0.00)
(327.81, 0.00, 0.00)
(330.29, 0.00, 0.00)
(330.29, 0.00, 0.00)
(330.29, 0.00, 0.00)
(330.29, 0.00, 0.00)
(330.29, 0.00, 0.00)
(330.29, 0.00, 0.00)
(330.29, 0.00, 0.00)
(330.02, 0.00, 0.00)
(330.02, 0.00, 0.00)
(330.02, 0.00, 0.00)
(330.02, 0.00, 0.00)
(334.88, 0.00, 0.00)
(334.88, 0.00, 0.00)
(334.88, 0.00, 0.00)
(334.88, 0.00, 0.00)
(345.18, 0.00, 0.00)
(345.18, 0.00, 0.00)
(345.18, 0.00, 0.00)
(345.18, 0.00, 0.00)
(345.18, 0.00, 0.00)
(335.34, 0.00, 0.00)
(335.34, 0.00, 0.00)
(335.34, 0.00, 0.00)
(335.34, 0.00, 0.00)
(339.84, 0.00, 0.00)
(339.84, 0.00, 0.00)
(338.11, 0.00, 0.00)
(338.11, 0.00, 0.00)
(338.11, 0.00, 0.00)
(338.77, 0.00, 0.00)
(338.77, 0.00, 0.00)
(338.77, 0.00, 0.00)
(338.23, 0.00, 0.00)
(338.23, 0.00, 0.00)
(338.23, 0.00, 0.00)
(338.23, 0.00, 0.00)
(341.04, 0.00, 0.00)
(341.04, 0.00, 0.00)
(344.19, 0.00, 0.00)
(344.19, 0.00, 0.00)
(344.19, 0.00, 0.00)
(344.19, 0.00, 0.00)
(344.19, 0.00, 0.00)
(344.19, 0.00, 0.00)
(344.49, 0.00, 0.00)
(344.49, 0.00, 0.00)
(344.49, 0.00, 0.00)
(344.49, 0.00, 0.00)
(336.92, 0.00, 0.00)
(336.92, 0.00, 0.00)
(336.92, 0.00, 0.00)
(336.92, 0.00, 0.00)
(319.43, 0.00, 0.00)
(319.43, 0.00, 0.00)
(303.33, 0.00, 0.00)
(303.33, 0.00, 0.00)
(303.33, 0.00, 0.00)
(298.52, 0.00, 0.00)
(298.52, 0.00, 0.00)
(298.44, 0.00, 0.00)
(298.44, 0.00, 0.00)
(298.44, 0.00, 0.00)
(298.44, 0.00, 0.00)
(298.44, 0.00, 0.00)
(300.88, 0.00, 0.00)
(300.88, 0.00, 0.00)
(300.88, 0.00, 0.00)
(300.88, 0.00, 0.00)
(300.59, 0.00, 0.00)
(300.59, 0.00, 0.00)
(301.42, 0.00, 0.00)
(301.42, 0.00, 0.00)
(301.42, 0.00, 0.00)
(301.42, 0.00, 0.00)
(301.42, 0.00, 0.00)
(295.25, 0.00, 0.00)
(295.25, 0.00, 0.00)
(290.49, 0.00, 0.00)
(290.49, 0.00, 0.00)
(290.49, 0.00, 0.00)
(290.49, 0.00, 0.00)
(290.49, 0.00, 0.00)
(287.00, 0.00, 0.00)
(287.00, 0.00, 0.00)
(287.00, 0.00, 0.00)
(287.00, 0.00, 0.00)
(287.00, 0.00, 0.00)
(285.56, 0.00, 0.00)
(281.73, 0.00, 0.00)
(281.73, 0.00, 0.00)
(281.73, 0.00, 0.00)
(281.73, 0.00, 0.00)
(281.99, 0.00, 0.00)
(281.99, 0.00, 0.00)
(281.99, 0.00, 0.00)
(281.99, 0.00, 0.00)
(281.99, 0.00, 0.00)
(278.14, 0.00, 0.00)
(278.14, 0.00, 0.00)
(278.89, 0.00, 0.00)
(278.89, 0.00, 0.00)
(278.89, 0.00, 0.00)
(278.89, 0.00, 0.00)
(278.89, 0.00, 0.00)
(277.14, 0.00, 0.00)
(277.14, 0.00, 0.00)
(277.14, 0.00, 0.00)
(277.14, 0.00, 0.00)
(277.23, 0.00, 0.00)
(277.23, 0.00, 0.00)
(277.23, 0.00, 0.00)
(277.23, 0.00, 0.00)
(275.57, 0.00, 0.00)
(275.57, 0.00, 0.00)
(275.57, 0.00, 0.00)
(275.02, 0.00, 0.00)
(275.02, 0.00, 0.00)
(275.02, 0.00, 0.00)
(275.02, 0.00, 0.00)
(275.29, 0.00, 0.00)
(275.29, 0.00, 0.00)
(275.29, 0.00, 0.00)
(275.77, 0.00, 0.00)
(275.77, 0.00, 0.00)
(275.77, 0.00, 0.00)
(274.81, 0.00, 0.00)
(274.81, 0.00, 0.00)
(274.81, 0.00, 0.00)
(274.81, 0.00, 0.00)
(274.81, 0.00, 0.00)
(274.81, 0.00, 0.00)
(274.19, 0.00, 0.00)
(274.19, 0.00, 0.00)
(274.19, 0.00, 0.00)
(274.55, 0.00, 0.00)
(274.55, 0.00, 0.00)
(274.55, 0.00, 0.00)
(274.55, 0.00, 0.00)
(274.01, 0.00, 0.00)
(274.01, 0.00, 0.00)
(274.21, 0.00, 0.00)
(274.21, 0.00, 0.00)
(274.21, 0.00, 0.00)
(274.21, 0.00, 0.00)
(274.21, 0.00, 0.00)
(274.21, 0.00, 0.00)
(274.03, 0.00, 0.00)
(274.03, 0.00, 0.00)
(274.10, 0.00, 0.00)
(274.10, 0.00, 0.00)
(274.10, 0.00, 0.00)
(274.10, 0.00, 0.00)
(274.12, 0.00, 0.00)
(274.12, 0.00, 0.00)
(274.12, 0.00, 0.00)
(274.25, 0.00, 0.00)
(274.25, 0.00, 0.00)
(274.25, 0.00, 0.00)
(274.25, 0.00, 0.00)
(273.86, 0.00, 0.00)
(273.86, 0.00, 0.00)
(273.86, 0.00, 0.00)
(274.39, 0.00, 0.00)
(274.39, 0.00, 0.00)
(274.39, 0.00, 0.00)
(274.39, 0.00, 0.00)
(274.67, 0.00, 0.00)
(274.67, 0.00, 0.00)
(274.65, 0.00, 0.00)
(274.65, 0.00, 0.00)
(274.65, 0.00, 0.00)
(274.65, 0.00, 0.00)
(274.50, 0.00, 0.00)
(274.50, 0.00, 0.00)
(274.50, 0.00, 0.00)
(274.50, 0.00, 0.00)
(275.25, 0.00, 0.00)
(275.25, 0.00, 0.00)
(275.25, 0.00, 0.00)
(275.25, 0.00, 0.00)
(275.25, 0.00, 0.00)
(275.38, 0.00, 0.00)
(275.38, 0.00, 0.00)
(275.38, 0.00, 0.00)
(275.74, 0.00, 0.00)
(275.74, 0.00, 0.00)
(275.74, 0.00, 0.00)
(275.74, 0.00, 0.00)
(275.74, 0.00, 0.00)
(275.74, 0.00, 0.00)
(276.48, 0.00, 0.00)
(276.48, 0.00, 0.00)
(276.52, 0.00, 0.00)
(276.52, 0.00, 0.00)
(276.52, 0.00, 0.00)
(276.52, 0.00, 0.00)
(276.49, 0.00, 0.00)
(276.49, 0.00, 0.00)
(276.57, 0.00, 0.00)
(276.57, 0.00, 0.00)
(276.57, 0.00, 0.00)
(276.57, 0.00, 0.00)
(276.46, 0.00, 0.00)
(276.46, 0.00, 0.00)
(276.46, 0.00, 0.00)
(276.46, 0.00, 0.00)
(276.46, 0.00, 0.00)
(276.55, 0.00, 0.00)
(276.55, 0.00, 0.00)
(276.84, 0.00, 0.00)
(276.84, 0.00, 0.00)
(276.84, 0.00, 0.00)
(276.84, 0.00, 0.00)
(277.10, 0.00, 0.00)
(277.10, 0.00, 0.00)
(277.10, 0.00, 0.00)
(277.10, 0.00, 0.00)
(277.10, 0.00, 0.00)
(277.24, 0.00, 0.00)
(277.24, 0.00, 0.00)
(276.80, 0.00, 0.00)
(276.80, 0.00, 0.00)
(276.80, 0.00, 0.00)
(276.80, 0.00, 0.00)
(276.80, 0.00, 0.00)
(276.80, 0.00, 0.00)
(276.19, 0.00, 0.00)
(276.19, 0.00, 0.00)
(275.13, 0.00, 0.00)
(275.13, 0.00, 0.00)
(275.13, 0.00, 0.00)
(275.13, 0.00, 0.00)
(275.13, 0.00, 0.00)
(274.73, 0.00, 0.00)
(274.73, 0.00, 0.00)
(274.66, 0.00, 0.00)
(274.66, 0.00, 0.00)
(274.66, 0.00, 0.00)
(274.66, 0.00, 0.00)
(274.67, 0.00, 0.00)
(274.67, 0.00, 0.00)
(274.67, 0.00, 0.00)
(274.16, 0.00, 0.00)
(274.16, 0.00, 0.00)
(274.16, 0.00, 0.00)
(275.45, 0.00, 0.00)
(275.45, 0.00, 0.00)
(275.45, 0.00, 0.00)
(275.45, 0.00, 0.00)
(275.45, 0.00, 0.00)
(275.45, 0.00, 0.00)
(275.45, 0.00, 0.00)
(277.39, 0.00, 0.00)
(277.39, 0.00, 0.00)
(279.20, 0.00, 0.00)
(287.25, 0.00, 0.00)
(287.25, 0.00, 0.00)
(287.25, 0.00, 0.00)
(287.25, 0.00, 0.00)
(293.00, 0.00, 0.00)
(293.00, 0.00, 0.00)
(293.00, 0.00, 0.00)
(293.00, 0.00, 0.00)
(293.00, 0.00, 0.00)
(294.99, 0.00, 0.00)
(304.03, 0.00, 0.00)
(304.03, 0.00, 0.00)
(304.03, 0.00, 0.00)
(304.03, 0.00, 0.00)
(302.62, 0.00, 0.00)
(302.62, 0.00, 0.00)
(302.62, 0.00, 0.00)
(303.35, 0.00, 0.00)
(303.35, 0.00, 0.00)
(303.35, 0.00, 0.00)
(303.35, 0.00, 0.00)
(304.56, 0.00, 0.00)
(304.56, 0.00, 0.00)
(304.56, 0.00, 0.00)
(307.40, 0.00, 0.00)
(307.40, 0.00, 0.00)
(307.40, 0.00, 0.00)
(307.40, 0.00, 0.00)
(307.40, 0.00, 0.00)
(313.89, 0.00, 0.00)
(313.89, 0.00, 0.00)
(315.23, 0.00, 0.00)
(315.23, 0.00, 0.00)
(315.23, 0.00, 0.00)
(315.23, 0.00, 0.00)
(316.31, 0.00, 0.00)
(316.31, 0.00, 0.00)
(316.31, 0.00, 0.00)
(315.43, 0.00, 0.00)
(315.43, 0.00, 0.00)
(315.43, 0.00, 0.00)
(315.43, 0.00, 0.00)
(315.43, 0.00, 0.00)
(324.47, 0.00, 0.00)
(324.47, 0.00, 0.00)
(324.47, 0.00, 0.00)
(325.98, 0.00, 0.00)
(325.98, 0.00, 0.00)
(325.98, 0.00, 0.00)
(325.98, 0.00, 0.00)
(325.98, 0.00, 0.00)
(325.98, 0.00, 0.00)
(328.98, 0.00, 0.00)
(328.98, 0.00, 0.00)
(328.98, 0.00, 0.00)
(328.98, 0.00, 0.00)
(328.98, 0.00, 0.00)
(327.73, 0.00, 0.00)
(327.73, 0.00, 0.00)
(327.73, 0.00, 0.00)
(327.73, 0.00, 0.00)
(329.15, 0.00, 0.00)
(329.15, 0.00, 0.00)
(329.15, 0.00, 0.00)
(329.15, 0.00, 0.00)
(335.83, 0.00, 0.00)
(335.83, 0.00, 0.00)
(337.88, 0.00, 0.00)
(337.88, 0.00, 0.00)
(341.85, 0.00, 0.00)
(341.85, 0.00, 0.00)
(341.85, 0.00, 0.00)
(341.85, 0.00, 0.00)
(341.85, 0.00, 0.00)
(341.85, 0.00, 0.00)
(341.85, 0.00, 0.00)
(341.85, 0.00, 0.00)
(341.85, 0.00, 0.00)
(341.85, 0.00, 0.00)
(340.61, 0.00, 0.00)
(340.61, 0.00, 0.00)
(340.61, 0.00, 0.00)
(340.61, 0.00, 0.00)
(341.53, 0.00, 0.00)
(341.53, 0.00, 0.00)
(341.53, 0.00, 0.00)
(336.47, 0.00, 0.00)
(336.47, 0.00, 0.00)
(336.47, 0.00, 0.00)
(336.47, 0.00, 0.00)
(341.85, 0.00, 0.00)
(341.85, 0.00, 0.00)
(341.85, 0.00, 0.00)
(341.85, 0.00, 0.00)
(338.39, 0.00, 0.00)
(338.39, 0.00, 0.00)
(338.39, 0.00, 0.00)
(342.68, 0.00, 0.00)
(342.68, 0.00, 0.00)
(342.68, 0.00, 0.00)
(342.68, 0.00, 0.00)
(342.68, 0.00, 0.00)
(350.82, 0.00, 0.00)
(350.82, 0.00, 0.00)
(350.82, 0.00, 0.00)
(349.17, 0.00, 0.00)
(349.17, 0.00, 0.00)
(349.17, 0.00, 0.00)
(343.99, 0.00, 0.00)
(343.99, 0.00, 0.00)
(343.99, 0.00, 0.00)
(343.99, 0.00, 0.00)
(341.59, 0.00, 0.00)
(341.59, 0.00, 0.00)
(341.59, 0.00, 0.00)
(354.37, 0.00, 0.00)
(354.37, 0.00, 0.00)
(354.37, 0.00, 0.00)
(344.02, 0.00, 0.00)
(344.02, 0.00, 0.00)
(344.02, 0.00, 0.00)
(344.02, 0.00, 0.00)
(344.02, 0.00, 0.00)
(344.02, 0.00, 0.00)
(344.02, 0.00, 0.00)
(344.02, 0.00, 0.00)
(343.96, 0.00, 0.00)
(343.96, 0.00, 0.00)
(343.96, 0.00, 0.00)
(343.96, 0.00, 0.00)
(343.96, 0.00, 0.00)
(319.65, 0.00, 0.00)
(319.65, 0.00, 0.00)
(319.65, 0.00, 0.00)
(319.65, 0.00, 0.00)
(319.65, 0.00, 0.00)
(319.65, 0.00, 0.00)
(319.65, 0.00, 0.00)
(319.65, 0.00, 0.00)
(319.65, 0.00, 0.00)
(319.65, 0.00, 0.00)
(319.65, 0.00, 0.00)
(319.65, 0.00, 0.00)
(319.65, 0.00, 0.00)
(319.65, 0.00, 0.00)
(319.65, 0.00, 0.00)
(304.16, 0.00, 0.00)
(304.16, 0.00, 0.00)
(304.16, 0.00, 0.00)
(303.87, 0.00, 0.00)
(303.87, 0.00, 0.00)
(303.87, 0.00, 0.00)
(303.87, 0.00, 0.00)
(304.12, 0.00, 0.00)
(304.12, 0.00, 0.00)
(303.82, 0.00, 0.00)
(303.82, 0.00, 0.00)
(303.82, 0.00, 0.00)
(303.82, 0.00, 0.00)
(300.63, 0.00, 0.00)
(300.63, 0.00, 0.00)
(300.63, 0.00, 0.00)
(300.63, 0.00, 0.00)
(299.42, 0.00, 0.00)
(299.42, 0.00, 0.00)
(299.73, 0.00, 0.00)
(299.73, 0.00, 0.00)
(299.73, 0.00, 0.00)
(299.73, 0.00, 0.00)
(293.99, 0.00, 0.00)
(293.99, 0.00, 0.00)
(293.99, 0.00, 0.00)
(291.38, 0.00, 0.00)
(291.38, 0.00, 0.00)
(291.38, 0.00, 0.00)
(291.38, 0.00, 0.00)
(293.06, 0.00, 0.00)
(293.06, 0.00, 0.00)
(293.06, 0.00, 0.00)
(293.06, 0.00, 0.00)
(294.30, 0.00, 0.00)
(294.30, 0.00, 0.00)
(291.80, 0.00, 0.00)
(291.80, 0.00, 0.00)
(291.80, 0.00, 0.00)
(291.80, 0.00, 0.00)
(289.56, 0.00, 0.00)
(289.56, 0.00, 0.00)
(289.56, 0.00, 0.00)
(289.56, 0.00, 0.00)
(288.00, 0.00, 0.00)
(288.00, 0.00, 0.00)
(288.00, 0.00, 0.00)
(288.00, 0.00, 0.00)
(289.20, 0.00, 0.00)
(289.20, 0.00, 0.00)
(288.35, 0.00, 0.00)
(288.35, 0.00, 0.00)
(288.35, 0.00, 0.00)
(288.35, 0.00, 0.00)
(285.45, 0.00, 0.00)
(285.45, 0.00, 0.00)
(285.45, 0.00, 0.00)
(285.03, 0.00, 0.00)
(285.03, 0.00, 0.00)
(285.03, 0.00, 0.00)
(285.03, 0.00, 0.00)
(283.84, 0.00, 0.00)
(283.84, 0.00, 0.00)
(283.84, 0.00, 0.00)
(284.14, 0.00, 0.00)
(284.14, 0.00, 0.00)
(284.14, 0.00, 0.00)
(284.14, 0.00, 0.00)
(284.17, 0.00, 0.00)
(284.17, 0.00, 0.00)
(284.17, 0.00, 0.00)
(284.17, 0.00, 0.00)
(283.97, 0.00, 0.00)
(283.97, 0.00, 0.00)
(283.26, 0.00, 0.00)
(283.26, 0.00, 0.00)
(283.26, 0.00, 0.00)
(283.26, 0.00, 0.00)
(279.60, 0.00, 0.00)
(279.60, 0.00, 0.00)
(279.60, 0.00, 0.00)
(279.60, 0.00, 0.00)
(279.17, 0.00, 0.00)
(279.17, 0.00, 0.00)
(279.17, 0.00, 0.00)
(281.07, 0.00, 0.00)
(281.07, 0.00, 0.00)
(281.07, 0.00, 0.00)
(281.07, 0.00, 0.00)
(280.29, 0.00, 0.00)
(280.29, 0.00, 0.00)
(280.29, 0.00, 0.00)
(280.29, 0.00, 0.00)
(279.71, 0.00, 0.00)
(279.71, 0.00, 0.00)
(280.80, 0.00, 0.00)
(280.80, 0.00, 0.00)
(280.80, 0.00, 0.00)
(280.80, 0.00, 0.00)
(281.02, 0.00, 0.00)
(281.02, 0.00, 0.00)
(281.02, 0.00, 0.00)
(281.02, 0.00, 0.00)
(279.81, 0.00, 0.00)
(279.81, 0.00, 0.00)
(280.02, 0.00, 0.00)
(280.02, 0.00, 0.00)
(280.02, 0.00, 0.00)
(280.02, 0.00, 0.00)
(280.02, 0.00, 0.00)
(279.84, 0.00, 0.00)
(279.84, 0.00, 0.00)
(279.84, 0.00, 0.00)
(279.84, 0.00, 0.00)
(280.94, 0.00, 0.00)
(280.94, 0.00, 0.00)
(280.94, 0.00, 0.00)
(280.94, 0.00, 0.00)
(280.94, 0.00, 0.00)
(280.94, 0.00, 0.00)
(280.94, 0.00, 0.00)
(280.94, 0.00, 0.00)
(280.94, 0.00, 0.00)
(280.94, 0.00, 0.00)
(280.94, 0.00, 0.00)
(280.94, 0.00, 0.00)
(280.94, 0.00, 0.00)
(280.94, 0.00, 0.00)
(280.94, 0.00, 0.00)
(281.16, 0.00, 0.00)
(281.16, 0.00, 0.00)
(281.76, 0.00, 0.00)
(281.76, 0.00, 0.00)
(281.30, 0.00, 0.00)
(281.30, 0.00, 0.00)
(280.26, 0.00, 0.00)
(280.26, 0.00, 0.00)
(278.94, 0.00, 0.00)
(278.94, 0.00, 0.00)
(278.94, 0.00, 0.00)
(278.65, 0.00, 0.00)
(278.65, 0.00, 0.00)
(278.65, 0.00, 0.00)
(279.74, 0.00, 0.00)
(279.74, 0.00, 0.00)
(279.74, 0.00, 0.00)
(280.35, 0.00, 0.00)
(280.35, 0.00, 0.00)
(280.35, 0.00, 0.00)
(280.35, 0.00, 0.00)
(280.35, 0.00, 0.00)
(280.93, 0.00, 0.00)
(280.93, 0.00, 0.00)
(280.88, 0.00, 0.00)
(280.88, 0.00, 0.00)
(280.88, 0.00, 0.00)
(280.88, 0.00, 0.00)
(280.81, 0.00, 0.00)
(280.81, 0.00, 0.00)
(280.81, 0.00, 0.00)
(280.81, 0.00, 0.00)
(280.81, 0.00, 0.00)
(280.81, 0.00, 0.00)
(280.52, 0.00, 0.00)
(280.52, 0.00, 0.00)
(280.52, 0.00, 0.00)
(280.52, 0.00, 0.00)
(282.37, 0.00, 0.00)
(282.37, 0.00, 0.00)
(280.49, 0.00, 0.00)
(280.49, 0.00, 0.00)
(280.49, 0.00, 0.00)
(280.49, 0.00, 0.00)
(280.49, 0.00, 0.00)
(279.31, 0.00, 0.00)
(279.31, 0.00, 0.00)
(279.82, 0.00, 0.00)
(279.82, 0.00, 0.00)
(279.82, 0.00, 0.00)
(279.82, 0.00, 0.00)
(280.54, 0.00, 0.00)
(280.54, 0.00, 0.00)
(280.54, 0.00, 0.00)
(280.54, 0.00, 0.00)
(280.54, 0.00, 0.00)
(279.93, 0.00, 0.00)
(279.93, 0.00, 0.00)
(279.93, 0.00, 0.00)
(279.93, 0.00, 0.00)
(279.42, 0.00, 0.00)
(279.42, 0.00, 0.00)
(280.48, 0.00, 0.00)
(280.48, 0.00, 0.00)
(280.48, 0.00, 0.00)
(280.48, 0.00, 0.00)
(280.48, 0.00, 0.00)
(280.00, 0.00, 0.00)
(280.00, 0.00, 0.00)
(280.00, 0.00, 0.00)
(280.00, 0.00, 0.00)
(280.00, 0.00, 0.00)
(280.27, 0.00, 0.00)
(280.27, 0.00, 0.00)
(280.27, 0.00, 0.00)
(280.27, 0.00, 0.00)
(279.52, 0.00, 0.00)
(279.52, 0.00, 0.00)
(279.52, 0.00, 0.00)
(279.02, 0.00, 0.00)
(279.02, 0.00, 0.00)
(279.02, 0.00, 0.00)
(279.02, 0.00, 0.00)
(279.98, 0.00, 0.00)
(279.98, 0.00, 0.00)
(279.98, 0.00, 0.00)
(279.65, 0.00, 0.00)
(279.65, 0.00, 0.00)
(279.65, 0.00, 0.00)
(279.48, 0.00, 0.00)
(279.48, 0.00, 0.00)
(279.48, 0.00, 0.00)
(279.48, 0.00, 0.00)
(279.01, 0.00, 0.00)
(279.01, 0.00, 0.00)
(279.01, 0.00, 0.00)
(279.01, 0.00, 0.00)
(279.01, 0.00, 0.00)
(279.41, 0.00, 0.00)
(279.41, 0.00, 0.00)
(279.33, 0.00, 0.00)
(279.33, 0.00, 0.00)
(279.33, 0.00, 0.00)
(279.33, 0.00, 0.00)
(278.63, 0.00, 0.00)
(278.63, 0.00, 0.00)
(279.46, 0.00, 0.00)
(279.46, 0.00, 0.00)
(279.46, 0.00, 0.00)
(279.46, 0.00, 0.00)
(279.46, 0.00, 0.00)
(277.95, 0.00, 0.00)
(277.95, 0.00, 0.00)
(277.95, 0.00, 0.00)
(279.47, 0.00, 0.00)
(279.47, 0.00, 0.00)
(279.47, 0.00, 0.00)
(279.47, 0.00, 0.00)
(279.47, 0.00, 0.00)
(280.91, 0.00, 0.00)
(280.91, 0.00, 0.00)
(280.91, 0.00, 0.00)
(282.84, 0.00, 0.00)
(282.84, 0.00, 0.00)
(282.84, 0.00, 0.00)
(282.84, 0.00, 0.00)
(281.10, 0.00, 0.00)
(281.10, 0.00, 0.00)
(281.10, 0.00, 0.00)
(281.10, 0.00, 0.00)
(279.92, 0.00, 0.00)
(279.92, 0.00, 0.00)
(279.92, 0.00, 0.00)
(280.51, 0.00, 0.00)
(280.51, 0.00, 0.00)
(280.51, 0.00, 0.00)
(280.51, 0.00, 0.00)
(286.13, 0.00, 0.00)
(286.13, 0.00, 0.00)
(286.13, 0.00, 0.00)
(286.13, 0.00, 0.00)
(286.13, 0.00, 0.00)
(282.32, 0.00, 0.00)
(282.32, 0.00, 0.00)
(282.32, 0.00, 0.00)
(282.32, 0.00, 0.00)
(279.36, 0.00, 0.00)
(279.36, 0.00, 0.00)
(281.41, 0.00, 0.00)
(281.41, 0.00, 0.00)
(281.41, 0.00, 0.00)
(281.41, 0.00, 0.00)
(284.44, 0.00, 0.00)
(284.44, 0.00, 0.00)
(284.44, 0.00, 0.00)
(286.30, 0.00, 0.00)
(286.30, 0.00, 0.00)
(286.30, 0.00, 0.00)
(286.30, 0.00, 0.00)
(287.54, 0.00, 0.00)
(287.54, 0.00, 0.00)
(287.54, 0.00, 0.00)
(287.54, 0.00, 0.00)
(287.54, 0.00, 0.00)
(286.43, 0.00, 0.00)
(286.43, 0.00, 0.00)
(300.20, 0.00, 0.00)
(300.20, 0.00, 0.00)
(300.20, 0.00, 0.00)
(300.20, 0.00, 0.00)
(300.20, 0.00, 0.00)
(308.20, 0.00, 0.00)
(308.20, 0.00, 0.00)
(308.20, 0.00, 0.00)
(304.92, 0.00, 0.00)
(304.92, 0.00, 0.00)
(304.92, 0.00, 0.00)
(304.92, 0.00, 0.00)
(304.92, 0.00, 0.00)
(310.79, 0.00, 0.00)
(310.79, 0.00, 0.00)
(310.79, 0.00, 0.00)
(310.79, 0.00, 0.00)
(321.82, 0.00, 0.00)
(321.82, 0.00, 0.00)
(321.82, 0.00, 0.00)
(323.93, 0.00, 0.00)
(323.93, 0.00, 0.00)
(323.93, 0.00, 0.00)
(321.20, 0.00, 0.00)
(321.20, 0.00, 0.00)
(321.20, 0.00, 0.00)
(321.20, 0.00, 0.00)
(325.53, 0.00, 0.00)
(325.53, 0.00, 0.00)
(325.53, 0.00, 0.00)
(325.53, 0.00, 0.00)
(328.47, 0.00, 0.00)
(328.47, 0.00, 0.00)
(328.47, 0.00, 0.00)
(328.47, 0.00, 0.00)
(328.47, 0.00, 0.00)
(328.47, 0.00, 0.00)
(328.47, 0.00, 0.00)
(331.77, 0.00, 0.00)
(331.77, 0.00, 0.00)
(331.77, 0.00, 0.00)
(331.77, 0.00, 0.00)
(331.77, 0.00, 0.00)
(333.54, 0.00, 0.00)
(333.54, 0.00, 0.00)
(333.54, 0.00, 0.00)
(333.54, 0.00, 0.00)
(346.22, 0.00, 0.00)
(346.22, 0.00, 0.00)
(346.22, 0.00, 0.00)
(336.80, 0.00, 0.00)
(336.80, 0.00, 0.00)
(336.80, 0.00, 0.00)
(336.80, 0.00, 0.00)
(330.39, 0.00, 0.00)
(330.39, 0.00, 0.00)
(330.39, 0.00, 0.00)
(330.39, 0.00, 0.00)
(330.39, 0.00, 0.00)
(331.94, 0.00, 0.00)
(331.94, 0.00, 0.00)
(331.94, 0.00, 0.00)
(331.94, 0.00, 0.00)
(344.61, 0.00, 0.00)
(344.61, 0.00, 0.00)
(344.61, 0.00, 0.00)
(344.61, 0.00, 0.00)
(344.61, 0.00, 0.00)
(344.61, 0.00, 0.00)
(335.64, 0.00, 0.00)
(337.76, 0.00, 0.00)
(337.76, 0.00, 0.00)
(337.76, 0.00, 0.00)
(337.76, 0.00, 0.00)
(337.76, 0.00, 0.00)
(337.76, 0.00, 0.00)
(353.76, 0.00, 0.00)
(353.76, 0.00, 0.00)
(352.51, 0.00, 0.00)
(352.51, 0.00, 0.00)
(352.51, 0.00, 0.00)
(352.51, 0.00, 0.00)
(340.84, 0.00, 0.00)
(340.84, 0.00, 0.00)
(340.84, 0.00, 0.00)
(340.84, 0.00, 0.00)
(340.84, 0.00, 0.00)
(341.16, 0.00, 0.00)
(341.16, 0.00, 0.00)
(341.16, 0.00, 0.00)
(352.14, 0.00, 0.00)
(352.14, 0.00, 0.00)
(352.14, 0.00, 0.00)
(352.14, 0.00, 0.00)
(336.15, 0.00, 0.00)
(336.15, 0.00, 0.00)
(336.15, 0.00, 0.00)
(336.15, 0.00, 0.00)
(329.18, 0.00, 0.00)
(329.18, 0.00, 0.00)
(329.18, 0.00, 0.00)
(329.18, 0.00, 0.00)
(329.18, 0.00, 0.00)
(313.82, 0.00, 0.00)
(313.82, 0.00, 0.00)
(322.73, 0.00, 0.00)
(322.73, 0.00, 0.00)
(322.73, 0.00, 0.00)
(322.73, 0.00, 0.00)
(311.50, 0.00, 0.00)
(311.50, 0.00, 0.00)
(311.50, 0.00, 0.00)
(311.50, 0.00, 0.00)
(311.50, 0.00, 0.00)
(297.80, 0.00, 0.00)
(297.80, 0.00, 0.00)
(306.82, 0.00, 0.00)
(306.82, 0.00, 0.00)
(306.82, 0.00, 0.00)
(306.82, 0.00, 0.00)
(302.52, 0.00, 0.00)
(302.52, 0.00, 0.00)
(302.52, 0.00, 0.00)
(302.52, 0.00, 0.00)
(302.52, 0.00, 0.00)
(302.43, 0.00, 0.00)
(302.43, 0.00, 0.00)
(302.43, 0.00, 0.00)
(302.43, 0.00, 0.00)
(302.43, 0.00, 0.00)
(305.05, 0.00, 0.00)
(305.05, 0.00, 0.00)
(297.55, 0.00, 0.00)
(297.55, 0.00, 0.00)
(297.55, 0.00, 0.00)
(297.55, 0.00, 0.00)
(297.55, 0.00, 0.00)
(299.62, 0.00, 0.00)
(299.62, 0.00, 0.00)
(289.58, 0.00, 0.00)
(289.58, 0.00, 0.00)
(289.58, 0.00, 0.00)
(289.58, 0.00, 0.00)
(289.58, 0.00, 0.00)
(287.03, 0.00, 0.00)
(287.03, 0.00, 0.00)
(287.03, 0.00, 0.00)
(287.03, 0.00, 0.00)
(287.03, 0.00, 0.00)
(292.46, 0.00, 0.00)
(286.90, 0.00, 0.00)
(286.90, 0.00, 0.00)
(286.90, 0.00, 0.00)
(281.09, 0.00, 0.00)
(281.09, 0.00, 0.00)
(281.09, 0.00, 0.00)
(281.09, 0.00, 0.00)
(281.09, 0.00, 0.00)
(278.64, 0.00, 0.00)
(278.64, 0.00, 0.00)
(278.29, 0.00, 0.00)
(278.29, 0.00, 0.00)
(278.29, 0.00, 0.00)
(278.29, 0.00, 0.00)
(278.29, 0.00, 0.00)
(278.29, 0.00, 0.00)
(280.51, 0.00, 0.00)
(280.51, 0.00, 0.00)
(280.51, 0.00, 0.00)
(280.97, 0.00, 0.00)
(278.81, 0.00, 0.00)
(278.81, 0.00, 0.00)
(278.81, 0.00, 0.00)
(279.46, 0.00, 0.00)
(279.46, 0.00, 0.00)
(279.46, 0.00, 0.00)
(279.46, 0.00, 0.00)
(279.46, 0.00, 0.00)
(279.46, 0.00, 0.00)
(278.00, 0.00, 0.00)
(278.00, 0.00, 0.00)
(278.00, 0.00, 0.00)
(278.00, 0.00, 0.00)
(278.00, 0.00, 0.00)
(278.00, 0.00, 0.00)
(276.40, 0.00, 0.00)
(276.40, 0.00, 0.00)
(276.40, 0.00, 0.00)
(276.40, 0.00, 0.00)
(276.62, 0.00, 0.00)
(276.62, 0.00, 0.00)
(276.62, 0.00, 0.00)
(275.58, 0.00, 0.00)
(275.58, 0.00, 0.00)
(275.64, 0.00, 0.00)
(275.64, 0.00, 0.00)
(275.64, 0.00, 0.00)
(275.64, 0.00, 0.00)
(275.64, 0.00, 0.00)
(276.36, 0.00, 0.00)
(276.36, 0.00, 0.00)
(277.48, 0.00, 0.00)
(277.48, 0.00, 0.00)
(277.48, 0.00, 0.00)
(277.48, 0.00, 0.00)
(277.48, 0.00, 0.00)
(277.48, 0.00, 0.00)
(278.68, 0.00, 0.00)
(278.68, 0.00, 0.00)
(277.84, 0.00, 0.00)
(277.84, 0.00, 0.00)
(277.84, 0.00, 0.00)
(276.90, 0.00, 0.00)
(276.90, 0.00, 0.00)
(276.66, 0.00, 0.00)
(276.66, 0.00, 0.00)
(276.66, 0.00, 0.00)
(276.66, 0.00, 0.00)
(276.66, 0.00, 0.00)
(276.66, 0.00, 0.00)
(276.66, 0.00, 0.00)
(276.92, 0.00, 0.00)
(276.92, 0.00, 0.00)
(277.33, 0.00, 0.00)
(277.33, 0.00, 0.00)
(277.33, 0.00, 0.00)
(277.33, 0.00, 0.00)
(277.33, 0.00, 0.00)
(277.10, 0.00, 0.00)
(277.10, 0.00, 0.00)
(276.99, 0.00, 0.00)
(276.99, 0.00, 0.00)
(276.99, 0.00, 0.00)
(276.99, 0.00, 0.00)
(277.51, 0.00, 0.00)
(277.51, 0.00, 0.00)
(277.19, 0.00, 0.00)
(277.19, 0.00, 0.00)
(277.19, 0.00, 0.00)
(277.19, 0.00, 0.00)
(277.19, 0.00, 0.00)
(276.75, 0.00, 0.00)
(276.75, 0.00, 0.00)
(276.75, 0.00, 0.00)
(276.75, 0.00, 0.00)
(277.08, 0.00, 0.00)
(277.08, 0.00, 0.00)
(277.08, 0.00, 0.00)
(277.08, 0.00, 0.00)
(276.84, 0.00, 0.00)
(276.84, 0.00, 0.00)
(276.84, 0.00, 0.00)
(277.94, 0.00, 0.00)
(277.94, 0.00, 0.00)
(277.94, 0.00, 0.00)
(277.94, 0.00, 0.00)
(277.17, 0.00, 0.00)
(277.17, 0.00, 0.00)
(277.17, 0.00, 0.00)
(277.17, 0.00, 0.00)
(277.17, 0.00, 0.00)
(277.17, 0.00, 0.00)
(276.74, 0.00, 0.00)
(277.33, 0.00, 0.00)
(277.33, 0.00, 0.00)
(277.33, 0.00, 0.00)
(278.07, 0.00, 0.00)
(278.07, 0.00, 0.00)
(278.07, 0.00, 0.00)
(278.07, 0.00, 0.00)
(278.07, 0.00, 0.00)
(278.18, 0.00, 0.00)
(278.18, 0.00, 0.00)
(276.13, 0.00, 0.00)
(276.13, 0.00, 0.00)
(276.13, 0.00, 0.00)
(276.13, 0.00, 0.00)
(276.13, 0.00, 0.00)
(276.13, 0.00, 0.00)
(275.96, 0.00, 0.00)
(275.96, 0.00, 0.00)
(277.08, 0.00, 0.00)
(277.08, 0.00, 0.00)
(277.08, 0.00, 0.00)
(277.69, 0.00, 0.00)
(277.69, 0.00, 0.00)
(277.69, 0.00, 0.00)
(277.69, 0.00, 0.00)
(280.72, 0.00, 0.00)
(280.72, 0.00, 0.00)
(280.72, 0.00, 0.00)
(280.72, 0.00, 0.00)
(280.72, 0.00, 0.00)
(283.52, 0.00, 0.00)
(283.52, 0.00, 0.00)
(283.52, 0.00, 0.00)
(283.52, 0.00, 0.00)
(283.52, 0.00, 0.00)
(287.50, 0.00, 0.00)
(290.49, 0.00, 0.00)
(290.49, 0.00, 0.00)
(290.49, 0.00, 0.00)
(290.49, 0.00, 0.00)
(290.49, 0.00, 0.00)
(288.53, 0.00, 0.00)
(288.53, 0.00, 0.00)
(298.30, 0.00, 0.00)
(298.30, 0.00, 0.00)
(298.30, 0.00, 0.00)
(298.30, 0.00, 0.00)
(298.30, 0.00, 0.00)
(309.70, 0.00, 0.00)
(309.70, 0.00, 0.00)
(309.70, 0.00, 0.00)
(310.56, 0.00, 0.00)
(310.56, 0.00, 0.00)
(310.56, 0.00, 0.00)
(305.66, 0.00, 0.00)
(305.66, 0.00, 0.00)
(305.66, 0.00, 0.00)
(305.66, 0.00, 0.00)
(311.10, 0.00, 0.00)
(311.10, 0.00, 0.00)
(311.10, 0.00, 0.00)
(311.10, 0.00, 0.00)
(317.77, 0.00, 0.00)
(317.77, 0.00, 0.00)
(317.77, 0.00, 0.00)
(317.77, 0.00, 0.00)
(317.77, 0.00, 0.00)
(321.64, 0.00, 0.00)
(321.64, 0.00, 0.00)
(323.98, 0.00, 0.00)
(323.98, 0.00, 0.00)
(323.98, 0.00, 0.00)
(323.98, 0.00, 0.00)
(323.98, 0.00, 0.00)
(319.38, 0.00, 0.00)
(319.38, 0.00, 0.00)
(319.38, 0.00, 0.00)
(323.03, 0.00, 0.00)
(323.03, 0.00, 0.00)
(323.03, 0.00, 0.00)
(328.09, 0.00, 0.00)
(328.09, 0.00, 0.00)
(328.09, 0.00, 0.00)
(328.09, 0.00, 0.00)
(328.09, 0.00, 0.00)
(324.08, 0.00, 0.00)
(324.08, 0.00, 0.00)
(324.08, 0.00, 0.00)
(324.08, 0.00, 0.00)
(327.47, 0.00, 0.00)
(327.47, 0.00, 0.00)
(327.47, 0.00, 0.00)
(327.47, 0.00, 0.00)
(337.99, 0.00, 0.00)
(337.99, 0.00, 0.00)
(332.23, 0.00, 0.00)
(332.23, 0.00, 0.00)
(332.23, 0.00, 0.00)
(332.23, 0.00, 0.00)
(332.23, 0.00, 0.00)
(324.25, 0.00, 0.00)
(324.25, 0.00, 0.00)
(335.45, 0.00, 0.00)
(335.45, 0.00, 0.00)
(335.45, 0.00, 0.00)
(335.45, 0.00, 0.00)
(335.45, 0.00, 0.00)
(334.10, 0.00, 0.00)
(334.10, 0.00, 0.00)
(334.10, 0.00, 0.00)
(334.10, 0.00, 0.00)
(331.62, 0.00, 0.00)
(331.62, 0.00, 0.00)
(325.31, 0.00, 0.00)
(325.31, 0.00, 0.00)
(325.31, 0.00, 0.00)
(325.31, 0.00, 0.00)
(325.31, 0.00, 0.00)
(345.32, 0.00, 0.00)
(345.32, 0.00, 0.00)
(345.32, 0.00, 0.00)
(345.32, 0.00, 0.00)
(333.37, 0.00, 0.00)
(333.37, 0.00, 0.00)
(333.37, 0.00, 0.00)
(333.37, 0.00, 0.00)
(332.33, 0.00, 0.00)
(332.33, 0.00, 0.00)
(332.33, 0.00, 0.00)
(334.77, 0.00, 0.00)
(334.77, 0.00, 0.00)
(334.77, 0.00, 0.00)
(334.77, 0.00, 0.00)
(350.95, 0.00, 0.00)
(350.95, 0.00, 0.00)
(350.95, 0.00, 0.00)
(350.95, 0.00, 0.00)
(337.13, 0.00, 0.00)
(337.13, 0.00, 0.00)
(337.13, 0.00, 0.00)
(335.72, 0.00, 0.00)
(335.72, 0.00, 0.00)
(335.72, 0.00, 0.00)
(335.72, 0.00, 0.00)
(340.26, 0.00, 0.00)
(340.26, 0.00, 0.00)
(340.26, 0.00, 0.00)
(340.26, 0.00, 0.00)
(353.69, 0.00, 0.00)
(319.25, 0.00, 0.00)
(319.25, 0.00, 0.00)
(316.90, 0.00, 0.00)
(317.79, 0.00, 0.00)
(317.79, 0.00, 0.00)
(317.79, 0.00, 0.00)
(324.91, 0.00, 0.00)
(324.91, 0.00, 0.00)
(311.67, 0.00, 0.00)
(311.67, 0.00, 0.00)
(298.13, 0.00, 0.00)
(298.13, 0.00, 0.00)
(298.13, 0.00, 0.00)
(298.13, 0.00, 0.00)
(298.78, 0.00, 0.00)
(298.78, 0.00, 0.00)
(298.78, 0.00, 0.00)
(298.78, 0.00, 0.00)
(300.40, 0.00, 0.00)
(300.40, 0.00, 0.00)
(300.40, 0.00, 0.00)
(300.40, 0.00, 0.00)
(300.40, 0.00, 0.00)
(300.11, 0.00, 0.00)
(300.11, 0.00, 0.00)
(295.17, 0.00, 0.00)
(295.17, 0.00, 0.00)
(295.17, 0.00, 0.00)
(295.17, 0.00, 0.00)
(295.17, 0.00, 0.00)
(292.86, 0.00, 0.00)
(292.86, 0.00, 0.00)
(292.86, 0.00, 0.00)
(292.86, 0.00, 0.00)
(292.46, 0.00, 0.00)
(292.46, 0.00, 0.00)
(292.46, 0.00, 0.00)
(292.46, 0.00, 0.00)
(292.46, 0.00, 0.00)
(290.83, 0.00, 0.00)
(290.83, 0.00, 0.00)
(286.11, 0.00, 0.00)
(286.11, 0.00, 0.00)
(286.11, 0.00, 0.00)
(286.11, 0.00, 0.00)
(286.45, 0.00, 0.00)
(286.45, 0.00, 0.00)
(286.45, 0.00, 0.00)
(287.82, 0.00, 0.00)
(287.82, 0.00, 0.00)
(287.82, 0.00, 0.00)
(287.82, 0.00, 0.00)
(287.82, 0.00, 0.00)
(287.82, 0.00, 0.00)
(289.73, 0.00, 0.00)
(289.73, 0.00, 0.00)
(283.58, 0.00, 0.00)
(283.58, 0.00, 0.00)
(283.58, 0.00, 0.00)
(283.58, 0.00, 0.00)
(283.58, 0.00, 0.00)
(281.92, 0.00, 0.00)
(281.92, 0.00, 0.00)
(281.92, 0.00, 0.00)
(281.92, 0.00, 0.00)
(281.47, 0.00, 0.00)
(282.81, 0.00, 0.00)
(282.81, 0.00, 0.00)
(282.81, 0.00, 0.00)
(282.81, 0.00, 0.00)
(282.81, 0.00, 0.00)
(280.67, 0.00, 0.00)
(280.67, 0.00, 0.00)
(278.78, 0.00, 0.00)
(278.78, 0.00, 0.00)
(278.78, 0.00, 0.00)
(278.78, 0.00, 0.00)
(278.53, 0.00, 0.00)
(278.53, 0.00, 0.00)
(278.53, 0.00, 0.00)
(278.53, 0.00, 0.00)
(278.53, 0.00, 0.00)
(279.05, 0.00, 0.00)
(279.62, 0.00, 0.00)
(279.62, 0.00, 0.00)
(279.62, 0.00, 0.00)
(279.62, 0.00, 0.00)
(278.21, 0.00, 0.00)
(278.21, 0.00, 0.00)
(278.21, 0.00, 0.00)
(278.21, 0.00, 0.00)
(277.17, 0.00, 0.00)
(277.17, 0.00, 0.00)
(278.13, 0.00, 0.00)
(278.13, 0.00, 0.00)
(278.13, 0.00, 0.00)
(278.13, 0.00, 0.00)
(278.13, 0.00, 0.00)
(277.48, 0.00, 0.00)
(277.48, 0.00, 0.00)
(277.48, 0.00, 0.00)
(277.48, 0.00, 0.00)
(278.00, 0.00, 0.00)
(277.44, 0.00, 0.00)
(277.44, 0.00, 0.00)
(277.44, 0.00, 0.00)
(277.44, 0.00, 0.00)
(281.60, 0.00, 0.00)
(281.60, 0.00, 0.00)
(281.60, 0.00, 0.00)
(286.05, 0.00, 0.00)
(286.05, 0.00, 0.00)
(286.05, 0.00, 0.00)
(286.88, 0.00, 0.00)
(286.88, 0.00, 0.00)
(286.88, 0.00, 0.00)
(307.68, 0.00, 0.00)
(307.68, 0.00, 0.00)
(307.68, 0.00, 0.00)
(307.68, 0.00, 0.00)
(315.31, 0.00, 0.00)
(315.31, 0.00, 0.00)
(315.31, 0.00, 0.00)
(315.31, 0.00, 0.00)
(315.31, 0.00, 0.00)
(309.09, 0.00, 0.00)
(309.09, 0.00, 0.00)
(309.73, 0.00, 0.00)
(309.73, 0.00, 0.00)
(309.73, 0.00, 0.00)
(309.73, 0.00, 0.00)
(312.70, 0.00, 0.00)
(312.70, 0.00, 0.00)
(312.70, 0.00, 0.00)
(312.70, 0.00, 0.00)
(312.70, 0.00, 0.00)
(316.29, 0.00, 0.00)
(316.29, 0.00, 0.00)
(326.40, 0.00, 0.00)
(326.40, 0.00, 0.00)
(326.40, 0.00, 0.00)
(326.40, 0.00, 0.00)
(324.21, 0.00, 0.00)
(324.21, 0.00, 0.00)
(324.21, 0.00, 0.00)
(324.21, 0.00, 0.00)
(324.21, 0.00, 0.00)
(327.04, 0.00, 0.00)
(327.04, 0.00, 0.00)
(329.49, 0.00, 0.00)
(329.49, 0.00, 0.00)
(329.49, 0.00, 0.00)
(329.49, 0.00, 0.00)
(334.72, 0.00, 0.00)
(334.72, 0.00, 0.00)
(334.72, 0.00, 0.00)
(337.89, 0.00, 0.00)
(337.89, 0.00, 0.00)
(327.74, 0.00, 0.00)
(327.74, 0.00, 0.00)
(327.74, 0.00, 0.00)
(327.74, 0.00, 0.00)
(335.56, 0.00, 0.00)
(335.56, 0.00, 0.00)
(335.56, 0.00, 0.00)
(335.56, 0.00, 0.00)
(342.57, 0.00, 0.00)
(342.57, 0.00, 0.00)
(342.57, 0.00, 0.00)
(336.81, 0.00, 0.00)
(336.81, 0.00, 0.00)
(336.81, 0.00, 0.00)
(333.90, 0.00, 0.00)
(333.90, 0.00, 0.00)
(333.90, 0.00, 0.00)
(333.90, 0.00, 0.00)
(336.70, 0.00, 0.00)
(336.70, 0.00, 0.00)
(336.70, 0.00, 0.00)
(336.70, 0.00, 0.00)
(340.88, 0.00, 0.00)
(340.21, 0.00, 0.00)
(340.21, 0.00, 0.00)
(340.21, 0.00, 0.00)
(340.21, 0.00, 0.00)
(340.21, 0.00, 0.00)
(338.40, 0.00, 0.00)
(338.40, 0.00, 0.00)
(341.39, 0.00, 0.00)
(341.39, 0.00, 0.00)
(341.39, 0.00, 0.00)
(341.39, 0.00, 0.00)
(341.39, 0.00, 0.00)
(341.39, 0.00, 0.00)
(341.97, 0.00, 0.00)
(341.97, 0.00, 0.00)
(341.97, 0.00, 0.00)
(335.63, 0.00, 0.00)
(335.63, 0.00, 0.00)
(335.63, 0.00, 0.00)
(331.04, 0.00, 0.00)
(331.04, 0.00, 0.00)
(331.04, 0.00, 0.00)
(331.04, 0.00, 0.00)
(331.25, 0.00, 0.00)
(331.25, 0.00, 0.00)
(331.25, 0.00, 0.00)
(319.72, 0.00, 0.00)
(319.72, 0.00, 0.00)
(319.72, 0.00, 0.00)
(319.72, 0.00, 0.00)
(315.73, 0.00, 0.00)
(315.73, 0.00, 0.00)
(315.73, 0.00, 0.00)
(305.13, 0.00, 0.00)
(305.13, 0.00, 0.00)
(305.13, 0.00, 0.00)
(309.29, 0.00, 0.00)
(309.29, 0.00, 0.00)
(309.29, 0.00, 0.00)
(309.29, 0.00, 0.00)
(310.49, 0.00, 0.00)
(310.49, 0.00, 0.00)
(310.49, 0.00, 0.00)
(310.49, 0.00, 0.00)
(306.32, 0.00, 0.00)
(306.32, 0.00, 0.00)
(307.20, 0.00, 0.00)
(307.20, 0.00, 0.00)
(307.20, 0.00, 0.00)
(307.20, 0.00, 0.00)
(311.38, 0.00, 0.00)
(311.38, 0.00, 0.00)
(311.38, 0.00, 0.00)
(311.38, 0.00, 0.00)
(302.70, 0.00, 0.00)
(302.70, 0.00, 0.00)
(302.70, 0.00, 0.00)
(297.16, 0.00, 0.00)
(297.16, 0.00, 0.00)
(297.16, 0.00, 0.00)
(297.16, 0.00, 0.00)
(295.17, 0.00, 0.00)
(295.17, 0.00, 0.00)
(295.17, 0.00, 0.00)
(295.17, 0.00, 0.00)
(294.27, 0.00, 0.00)
(294.27, 0.00, 0.00)
(294.48, 0.00, 0.00)
(294.48, 0.00, 0.00)
(294.48, 0.00, 0.00)
(294.48, 0.00, 0.00)
(294.48, 0.00, 0.00)
(289.93, 0.00, 0.00)
(289.93, 0.00, 0.00)
(289.93, 0.00, 0.00)
(289.93, 0.00, 0.00)
(289.34, 0.00, 0.00)
(289.34, 0.00, 0.00)
(289.34, 0.00, 0.00)
(289.34, 0.00, 0.00)
(289.34, 0.00, 0.00)
(288.84, 0.00, 0.00)
(288.84, 0.00, 0.00)
(288.35, 0.00, 0.00)
(288.35, 0.00, 0.00)
(288.35, 0.00, 0.00)
(288.35, 0.00, 0.00)
(288.35, 0.00, 0.00)
(288.35, 0.00, 0.00)
(288.35, 0.00, 0.00)
(282.62, 0.00, 0.00)
(282.62, 0.00, 0.00)
(282.62, 0.00, 0.00)
(282.62, 0.00, 0.00)
(282.61, 0.00, 0.00)
(282.61, 0.00, 0.00)
(282.61, 0.00, 0.00)
(282.61, 0.00, 0.00)
(283.10, 0.00, 0.00)
(283.10, 0.00, 0.00)
(281.42, 0.00, 0.00)
(281.42, 0.00, 0.00)
(281.42, 0.00, 0.00)
(281.42, 0.00, 0.00)
(281.42, 0.00, 0.00)
(281.42, 0.00, 0.00)
(280.10, 0.00, 0.00)
(280.10, 0.00, 0.00)
(280.10, 0.00, 0.00)
(278.97, 0.00, 0.00)
(278.97, 0.00, 0.00)
(278.97, 0.00, 0.00)
(277.00, 0.00, 0.00)
(277.09, 0.00, 0.00)
(277.09, 0.00, 0.00)
(277.09, 0.00, 0.00)
(277.09, 0.00, 0.00)
(277.09, 0.00, 0.00)
(275.85, 0.00, 0.00)
(275.85, 0.00, 0.00)
(275.85, 0.00, 0.00)
(275.85, 0.00, 0.00)
(275.85, 0.00, 0.00)
(276.13, 0.00, 0.00)
(276.13, 0.00, 0.00)
(276.13, 0.00, 0.00)
(276.13, 0.00, 0.00)
(275.45, 0.00, 0.00)
(275.45, 0.00, 0.00)
(276.82, 0.00, 0.00)
(276.82, 0.00, 0.00)
(276.82, 0.00, 0.00)
(277.41, 0.00, 0.00)
(277.41, 0.00, 0.00)
(277.41, 0.00, 0.00)
(277.41, 0.00, 0.00)
(279.14, 0.00, 0.00)
(279.14, 0.00, 0.00)
(279.14, 0.00, 0.00)
(279.14, 0.00, 0.00)
(280.70, 0.00, 0.00)
(280.70, 0.00, 0.00)
(280.70, 0.00, 0.00)
(280.70, 0.00, 0.00)
(280.70, 0.00, 0.00)
(288.26, 0.00, 0.00)
(288.26, 0.00, 0.00)
(300.01, 0.00, 0.00)
(300.01, 0.00, 0.00)
(300.01, 0.00, 0.00)
(300.01, 0.00, 0.00)
(302.52, 0.00, 0.00)
(302.52, 0.00, 0.00)
(302.52, 0.00, 0.00)
(302.52, 0.00, 0.00)
(302.52, 0.00, 0.00)
(308.64, 0.00, 0.00)
(308.64, 0.00, 0.00)
(308.64, 0.00, 0.00)
(308.64, 0.00, 0.00)
(309.59, 0.00, 0.00)
(309.59, 0.00, 0.00)
(309.59, 0.00, 0.00)
(309.59, 0.00, 0.00)
(309.59, 0.00, 0.00)
(303.46, 0.00, 0.00)
(303.46, 0.00, 0.00)
(303.46, 0.00, 0.00)
(303.46, 0.00, 0.00)
(311.13, 0.00, 0.00)
(311.13, 0.00, 0.00)
(317.16, 0.00, 0.00)
(317.16, 0.00, 0.00)
(317.16, 0.00, 0.00)
(317.16, 0.00, 0.00)
(322.50, 0.00, 0.00)
(322.50, 0.00, 0.00)
(322.50, 0.00, 0.00)
(329.96, 0.00, 0.00)
(329.96, 0.00, 0.00)
(329.96, 0.00, 0.00)
(329.96, 0.00, 0.00)
(329.31, 0.00, 0.00)
(329.31, 0.00, 0.00)
(331.81, 0.00, 0.00)
(331.81, 0.00, 0.00)
(331.81, 0.00, 0.00)
(331.81, 0.00, 0.00)
(331.81, 0.00, 0.00)
(335.27, 0.00, 0.00)
(335.27, 0.00, 0.00)
(335.27, 0.00, 0.00)
(333.69, 0.00, 0.00)
(333.69, 0.00, 0.00)
(333.69, 0.00, 0.00)
(333.69, 0.00, 0.00)
(330.24, 0.00, 0.00)
(330.24, 0.00, 0.00)
(330.24, 0.00, 0.00)
(330.24, 0.00, 0.00)
(336.30, 0.00, 0.00)
(336.30, 0.00, 0.00)
(336.30, 0.00, 0.00)
(338.06, 0.00, 0.00)
(338.06, 0.00, 0.00)
(338.06, 0.00, 0.00)
(338.06, 0.00, 0.00)
(334.03, 0.00, 0.00)
(334.03, 0.00, 0.00)
(334.03, 0.00, 0.00)
(334.09, 0.00, 0.00)
(334.09, 0.00, 0.00)
(334.09, 0.00, 0.00)
(342.45, 0.00, 0.00)
(342.45, 0.00, 0.00)
(342.45, 0.00, 0.00)
(342.45, 0.00, 0.00)
(346.59, 0.00, 0.00)
(346.59, 0.00, 0.00)
(343.10, 0.00, 0.00)
(343.10, 0.00, 0.00)
(343.10, 0.00, 0.00)
(343.10, 0.00, 0.00)
(339.25, 0.00, 0.00)
(339.25, 0.00, 0.00)
(339.25, 0.00, 0.00)
(339.25, 0.00, 0.00)
(339.25, 0.00, 0.00)
(344.91, 0.00, 0.00)
(344.91, 0.00, 0.00)
(344.91, 0.00, 0.00)
(344.91, 0.00, 0.00)
(347.88, 0.00, 0.00)
(347.88, 0.00, 0.00)
(334.69, 0.00, 0.00)
(334.69, 0.00, 0.00)
(334.69, 0.00, 0.00)
(334.69, 0.00, 0.00)
(334.69, 0.00, 0.00)
(318.62, 0.00, 0.00)
(318.62, 0.00, 0.00)
(318.62, 0.00, 0.00)
(318.71, 0.00, 0.00)
(318.71, 0.00, 0.00)
(318.71, 0.00, 0.00)
(318.71, 0.00, 0.00)
(318.71, 0.00, 0.00)
(322.18, 0.00, 0.00)
(322.18, 0.00, 0.00)
(302.65, 0.00, 0.00)
(302.65, 0.00, 0.00)
(302.65, 0.00, 0.00)
(302.65, 0.00, 0.00)
(295.74, 0.00, 0.00)
(295.74, 0.00, 0.00)
(295.66, 0.00, 0.00)
(295.66, 0.00, 0.00)
(295.66, 0.00, 0.00)
(295.66, 0.00, 0.00)
(303.92, 0.00, 0.00)
(303.92, 0.00, 0.00)
(303.92, 0.00, 0.00)
(303.92, 0.00, 0.00)
(301.89, 0.00, 0.00)
(301.89, 0.00, 0.00)
(301.89, 0.00, 0.00)
(301.89, 0.00, 0.00)
(293.95, 0.00, 0.00)
(293.95, 0.00, 0.00)
(293.95, 0.00, 0.00)
(292.18, 0.00, 0.00)
(292.18, 0.00, 0.00)
(292.18, 0.00, 0.00)
(292.18, 0.00, 0.00)
(290.06, 0.00, 0.00)
(290.06, 0.00, 0.00)
(290.06, 0.00, 0.00)
(290.06, 0.00, 0.00)
(288.25, 0.00, 0.00)
(288.25, 0.00, 0.00)
(288.25, 0.00, 0.00)
(284.12, 0.00, 0.00)
(284.12, 0.00, 0.00)
(284.12, 0.00, 0.00)
(284.12, 0.00, 0.00)
(284.52, 0.00, 0.00)
(284.52, 0.00, 0.00)
(284.52, 0.00, 0.00)
(284.52, 0.00, 0.00)
(282.96, 0.00, 0.00)
(282.96, 0.00, 0.00)
(282.96, 0.00, 0.00)
(279.64, 0.00, 0.00)
(279.64, 0.00, 0.00)
(279.64, 0.00, 0.00)
(279.64, 0.00, 0.00)
(278.56, 0.00, 0.00)
(278.56, 0.00, 0.00)
(278.56, 0.00, 0.00)
(278.56, 0.00, 0.00)
(278.85, 0.00, 0.00)
(278.85, 0.00, 0.00)
(278.85, 0.00, 0.00)
(277.81, 0.00, 0.00)
(277.81, 0.00, 0.00)
(277.81, 0.00, 0.00)
(277.81, 0.00, 0.00)
(276.60, 0.00, 0.00)
(276.60, 0.00, 0.00)
(276.60, 0.00, 0.00)
(276.60, 0.00, 0.00)
(276.60, 0.00, 0.00)
(277.27, 0.00, 0.00)
(277.27, 0.00, 0.00)
(277.27, 0.00, 0.00)
(277.27, 0.00, 0.00)
(277.27, 0.00, 0.00)
(275.36, 0.00, 0.00)
(275.41, 0.00, 0.00)
(275.41, 0.00, 0.00)
(275.41, 0.00, 0.00)
(275.41, 0.00, 0.00)
(275.41, 0.00, 0.00)
(276.11, 0.00, 0.00)
(276.11, 0.00, 0.00)
(276.11, 0.00, 0.00)
(276.11, 0.00, 0.00)
(276.13, 0.00, 0.00)
(276.13, 0.00, 0.00)
(276.05, 0.00, 0.00)
(276.05, 0.00, 0.00)
(276.05, 0.00, 0.00)
(276.05, 0.00, 0.00)
(276.05, 0.00, 0.00)
(275.69, 0.00, 0.00)
(275.69, 0.00, 0.00)
(275.69, 0.00, 0.00)
(275.47, 0.00, 0.00)
(275.47, 0.00, 0.00)
(275.47, 0.00, 0.00)
(274.69, 0.00, 0.00)
(274.69, 0.00, 0.00)
(275.20, 0.00, 0.00)
(275.20, 0.00, 0.00)
(275.20, 0.00, 0.00)
(275.20, 0.00, 0.00)
(275.20, 0.00, 0.00)
(274.75, 0.00, 0.00)
(274.75, 0.00, 0.00)
(274.73, 0.00, 0.00)
(274.73, 0.00, 0.00)
(274.73, 0.00, 0.00)
(274.73, 0.00, 0.00)
(274.73, 0.00, 0.00)
(275.56, 0.00, 0.00)
(275.56, 0.00, 0.00)
(277.59, 0.00, 0.00)
(277.59, 0.00, 0.00)
(277.59, 0.00, 0.00)
(277.59, 0.00, 0.00)
(278.10, 0.00, 0.00)
(278.10, 0.00, 0.00)
(278.10, 0.00, 0.00)
(278.10, 0.00, 0.00)
(282.30, 0.00, 0.00)
(282.30, 0.00, 0.00)
(282.30, 0.00, 0.00)
(288.88, 0.00, 0.00)
(288.88, 0.00, 0.00)
(288.88, 0.00, 0.00)
(288.88, 0.00, 0.00)
(288.88, 0.00, 0.00)
(288.88, 0.00, 0.00)
(303.83, 0.00, 0.00)
(303.83, 0.00, 0.00)
(305.66, 0.00, 0.00)
(305.66, 0.00, 0.00)
(305.66, 0.00, 0.00)
(305.66, 0.00, 0.00)
(305.66, 0.00, 0.00)
(312.12, 0.00, 0.00)
(312.12, 0.00, 0.00)
(307.41, 0.00, 0.00)
(307.41, 0.00, 0.00)
(307.41, 0.00, 0.00)
(307.41, 0.00, 0.00)
(308.03, 0.00, 0.00)
(308.03, 0.00, 0.00)
(308.03, 0.00, 0.00)
(308.03, 0.00, 0.00)
(318.39, 0.00, 0.00)
(318.39, 0.00, 0.00)
(318.39, 0.00, 0.00)
(318.39, 0.00, 0.00)
(318.39, 0.00, 0.00)
(322.44, 0.00, 0.00)
(322.44, 0.00, 0.00)
(321.91, 0.00, 0.00)
(321.91, 0.00, 0.00)
(321.91, 0.00, 0.00)
(321.91, 0.00, 0.00)
(332.01, 0.00, 0.00)
(332.01, 0.00, 0.00)
(332.01, 0.00, 0.00)
(332.01, 0.00, 0.00)
(332.01, 0.00, 0.00)
(327.37, 0.00, 0.00)
(327.37, 0.00, 0.00)
(326.59, 0.00, 0.00)
(326.59, 0.00, 0.00)
(326.59, 0.00, 0.00)
(331.08, 0.00, 0.00)
(331.08, 0.00, 0.00)
(331.08, 0.00, 0.00)
(331.08, 0.00, 0.00)
(332.64, 0.00, 0.00)
(332.64, 0.00, 0.00)
(338.81, 0.00, 0.00)
(338.81, 0.00, 0.00)
(338.81, 0.00, 0.00)
(338.81, 0.00, 0.00)
(336.32, 0.00, 0.00)
(336.32, 0.00, 0.00)
(336.32, 0.00, 0.00)
(336.32, 0.00, 0.00)
(336.32, 0.00, 0.00)
(334.79, 0.00, 0.00)
(334.79, 0.00, 0.00)
(341.87, 0.00, 0.00)
(341.87, 0.00, 0.00)
(341.87, 0.00, 0.00)
(341.87, 0.00, 0.00)
(341.87, 0.00, 0.00)
(341.87, 0.00, 0.00)
(338.07, 0.00, 0.00)
(338.07, 0.00, 0.00)
(339.93, 0.00, 0.00)
(339.93, 0.00, 0.00)
(339.60, 0.00, 0.00)
(339.60, 0.00, 0.00)
(339.60, 0.00, 0.00)
(339.60, 0.00, 0.00)
(336.67, 0.00, 0.00)
(336.67, 0.00, 0.00)
(336.67, 0.00, 0.00)
(326.30, 0.00, 0.00)
(326.30, 0.00, 0.00)
(326.30, 0.00, 0.00)
(326.30, 0.00, 0.00)
(326.30, 0.00, 0.00)
(326.30, 0.00, 0.00)
(323.37, 0.00, 0.00)
(323.37, 0.00, 0.00)
(324.28, 0.00, 0.00)
(324.28, 0.00, 0.00)
(324.28, 0.00, 0.00)
(324.28, 0.00, 0.00)
(324.28, 0.00, 0.00)
(324.28, 0.00, 0.00)
(301.43, 0.00, 0.00)
(301.43, 0.00, 0.00)
(301.43, 0.00, 0.00)
(295.36, 0.00, 0.00)
(295.36, 0.00, 0.00)
(297.33, 0.00, 0.00)
(297.33, 0.00, 0.00)
(297.33, 0.00, 0.00)
(297.33, 0.00, 0.00)
(298.20, 0.00, 0.00)
(298.20, 0.00, 0.00)
(298.20, 0.00, 0.00)
(298.20, 0.00, 0.00)
(300.24, 0.00, 0.00)
(300.24, 0.00, 0.00)
(294.08, 0.00, 0.00)
(294.08, 0.00, 0.00)
(294.08, 0.00, 0.00)
(294.08, 0.00, 0.00)
(291.97, 0.00, 0.00)
(291.97, 0.00, 0.00)
(291.97, 0.00, 0.00)
(291.97, 0.00, 0.00)
(291.97, 0.00, 0.00)
(290.74, 0.00, 0.00)
(290.74, 0.00, 0.00)
(290.74, 0.00, 0.00)
(290.74, 0.00, 0.00)
(289.73, 0.00, 0.00)
(289.73, 0.00, 0.00)
(289.73, 0.00, 0.00)
(286.62, 0.00, 0.00)
(286.62, 0.00, 0.00)
(286.62, 0.00, 0.00)
(286.62, 0.00, 0.00)
(285.84, 0.00, 0.00)
(285.84, 0.00, 0.00)
(286.40, 0.00, 0.00)
(286.40, 0.00, 0.00)
(286.40, 0.00, 0.00)
(286.40, 0.00, 0.00)
(285.27, 0.00, 0.00)
(285.27, 0.00, 0.00)
(285.27, 0.00, 0.00)
(285.27, 0.00, 0.00)
(283.58, 0.00, 0.00)
(283.58, 0.00, 0.00)
(283.58, 0.00, 0.00)
(283.58, 0.00, 0.00)
(283.58, 0.00, 0.00)
(282.74, 0.00, 0.00)
(282.74, 0.00, 0.00)
(282.74, 0.00, 0.00)
(282.74, 0.00, 0.00)
(281.37, 0.00, 0.00)
(281.37, 0.00, 0.00)
(281.37, 0.00, 0.00)
(280.33, 0.00, 0.00)
(280.33, 0.00, 0.00)
(280.33, 0.00, 0.00)
(280.33, 0.00, 0.00)
