(275.99, 0.00, 0.00)
(277.85, 0.00, 0.00)
(277.85, 0.00, 0.00)
(276.92, 0.00, 0.00)
(276.92, 0.00, 0.00)
(276.92, 0.00, 0.00)
(276.92, 0.00, 0.00)
(276.92, 0.00, 0.00)
(276.39, 0.00, 0.00)
(276.39, 0.00, 0.00)
(276.86, 0.00, 0.00)
(276.86, 0.00, 0.00)
(276.86, 0.00, 0.00)
(276.86, 0.00, 0.00)
(276.86, 0.00, 0.00)
(277.33, 0.00, 0.00)
(277.33, 0.00, 0.00)
(277.33, 0.00, 0.00)
(277.33, 0.00, 0.00)
(277.33, 0.00, 0.00)
(276.77, 0.00, 0.00)
(276.77, 0.00, 0.00)
(276.77, 0.00, 0.00)
(276.77, 0.00, 0.00)
(276.77, 0.00, 0.00)
(276.77, 0.00, 0.00)
(276.77, 0.00, 0.00)
(276.77, 0.00, 0.00)
(276.89, 0.00, 0.00)
(276.89, 0.00, 0.00)
(276.89, 0.00, 0.00)
(276.89, 0.00, 0.00)
(276.89, 0.00, 0.00)
(276.94, 0.00, 0.00)
(276.94, 0.00, 0.00)
(276.95, 0.00, 0.00)
(276.95, 0.00, 0.00)
(276.95, 0.00, 0.00)
(276.95, 0.00, 0.00)
(276.95, 0.00, 0.00)
(276.84, 0.00, 0.00)
(276.84, 0.00, 0.00)
(276.84, 0.00, 0.00)
(276.84, 0.00, 0.00)
(276.84, 0.00, 0.00)
(276.92, 0.00, 0.00)
(276.92, 0.00, 0.00)
(276.92, 0.00, 0.00)
(276.92, 0.00, 0.00)
(276.92, 0.00, 0.00)
(275.96, 0.00, 0.00)
(275.96, 0.00, 0.00)
(275.96, 0.00, 0.00)
(275.00, 0.00, 0.00)
(275.00, 0.00, 0.00)
(275.00, 0.00, 0.00)
(275.00, 0.00, 0.00)
(275.00, 0.00, 0.00)
(276.40, 0.00, 0.00)
(276.40, 0.00, 0.00)
(276.40, 0.00, 0.00)
(276.40, 0.00, 0.00)
(276.40, 0.00, 0.00)
(276.40, 0.00, 0.00)
(276.40, 0.00, 0.00)
(276.86, 0.00, 0.00)
(276.86, 0.00, 0.00)
(276.86, 0.00, 0.00)
(277.37, 0.00, 0.00)
(277.37, 0.00, 0.00)
(277.37, 0.00, 0.00)
(277.37, 0.00, 0.00)
(277.37, 0.00, 0.00)
(277.35, 0.00, 0.00)
(277.35, 0.00, 0.00)
(276.69, 0.00, 0.00)
(276.69, 0.00, 0.00)
(276.69, 0.00, 0.00)
(276.69, 0.00, 0.00)
(276.69, 0.00, 0.00)
(276.69, 0.00, 0.00)
(275.91, 0.00, 0.00)
(275.91, 0.00, 0.00)
(275.46, 0.00, 0.00)
(275.46, 0.00, 0.00)
(275.46, 0.00, 0.00)
(275.46, 0.00, 0.00)
(275.46, 0.00, 0.00)
(275.83, 0.00, 0.00)
(275.83, 0.00, 0.00)
(275.83, 0.00, 0.00)
(275.83, 0.00, 0.00)
(275.83, 0.00, 0.00)
(274.53, 0.00, 0.00)
(274.53, 0.00, 0.00)
(273.99, 0.00, 0.00)
(273.99, 0.00, 0.00)
(273.99, 0.00, 0.00)
(273.99, 0.00, 0.00)
(273.99, 0.00, 0.00)
(273.99, 0.00, 0.00)
(274.43, 0.00, 0.00)
(274.43, 0.00, 0.00)
(274.43, 0.00, 0.00)
(274.43, 0.00, 0.00)
(274.43, 0.00, 0.00)
(274.07, 0.00, 0.00)
(274.07, 0.00, 0.00)
(274.07, 0.00, 0.00)
(271.80, 0.00, 0.00)
(271.80, 0.00, 0.00)
(271.80, 0.00, 0.00)
(271.80, 0.00, 0.00)
(271.80, 0.00, 0.00)
(273.73, 0.00, 0.00)
(273.73, 0.00, 0.00)
(273.73, 0.00, 0.00)
(273.73, 0.00, 0.00)
(273.73, 0.00, 0.00)
(278.41, 0.00, 0.00)
(278.41, 0.00, 0.00)
(285.48, 0.00, 0.00)
(285.48, 0.00, 0.00)
(285.48, 0.00, 0.00)
(285.48, 0.00, 0.00)
(285.48, 0.00, 0.00)
(285.48, 0.00, 0.00)
(287.36, 0.00, 0.00)
(287.36, 0.00, 0.00)
(287.36, 0.00, 0.00)
(287.36, 0.00, 0.00)
(287.36, 0.00, 0.00)
(287.36, 0.00, 0.00)
(292.09, 0.00, 0.00)
(292.09, 0.00, 0.00)
(294.72, 0.00, 0.00)
(294.72, 0.00, 0.00)
(294.72, 0.00, 0.00)
(294.72, 0.00, 0.00)
(294.72, 0.00, 0.00)
(298.12, 0.00, 0.00)
(298.12, 0.00, 0.00)
(298.12, 0.00, 0.00)
(298.12, 0.00, 0.00)
(298.12, 0.00, 0.00)
(292.83, 0.00, 0.00)
(292.83, 0.00, 0.00)
(292.83, 0.00, 0.00)
(292.83, 0.00, 0.00)
(292.83, 0.00, 0.00)
(291.85, 0.00, 0.00)
(291.85, 0.00, 0.00)
(291.85, 0.00, 0.00)
(296.60, 0.00, 0.00)
(296.60, 0.00, 0.00)
(296.60, 0.00, 0.00)
(296.60, 0.00, 0.00)
(296.60, 0.00, 0.00)
(311.61, 0.00, 0.00)
(311.61, 0.00, 0.00)
(311.61, 0.00, 0.00)
(311.61, 0.00, 0.00)
(311.61, 0.00, 0.00)
(309.61, 0.00, 0.00)
(309.61, 0.00, 0.00)
(302.20, 0.00, 0.00)
(302.20, 0.00, 0.00)
(302.20, 0.00, 0.00)
(302.20, 0.00, 0.00)
(302.20, 0.00, 0.00)
(302.41, 0.00, 0.00)
(302.41, 0.00, 0.00)
(302.41, 0.00, 0.00)
(302.41, 0.00, 0.00)
(302.41, 0.00, 0.00)
(308.58, 0.00, 0.00)
(308.58, 0.00, 0.00)
(305.99, 0.00, 0.00)
(305.99, 0.00, 0.00)
(305.99, 0.00, 0.00)
(305.99, 0.00, 0.00)
(305.99, 0.00, 0.00)
(305.99, 0.00, 0.00)
(305.49, 0.00, 0.00)
(305.49, 0.00, 0.00)
(305.49, 0.00, 0.00)
(305.49, 0.00, 0.00)
(305.49, 0.00, 0.00)
(317.72, 0.00, 0.00)
(317.72, 0.00, 0.00)
(317.72, 0.00, 0.00)
(317.72, 0.00, 0.00)
(323.34, 0.00, 0.00)
(323.34, 0.00, 0.00)
(323.34, 0.00, 0.00)
(333.30, 0.00, 0.00)
(333.30, 0.00, 0.00)
(333.30, 0.00, 0.00)
(333.30, 0.00, 0.00)
(333.30, 0.00, 0.00)
(331.22, 0.00, 0.00)
(331.22, 0.00, 0.00)
(331.22, 0.00, 0.00)
(331.22, 0.00, 0.00)
(331.22, 0.00, 0.00)
(329.41, 0.00, 0.00)
(329.41, 0.00, 0.00)
(329.41, 0.00, 0.00)
(331.29, 0.00, 0.00)
(331.29, 0.00, 0.00)
(331.29, 0.00, 0.00)
(331.29, 0.00, 0.00)
(331.29, 0.00, 0.00)
(331.90, 0.00, 0.00)
(331.90, 0.00, 0.00)
(331.90, 0.00, 0.00)
(331.90, 0.00, 0.00)
(337.06, 0.00, 0.00)
(337.06, 0.00, 0.00)
(337.59, 0.00, 0.00)
(337.59, 0.00, 0.00)
(337.59, 0.00, 0.00)
(337.59, 0.00, 0.00)
(337.59, 0.00, 0.00)
(338.86, 0.00, 0.00)
(338.86, 0.00, 0.00)
(338.86, 0.00, 0.00)
(338.86, 0.00, 0.00)
(338.86, 0.00, 0.00)
(338.04, 0.00, 0.00)
(338.04, 0.00, 0.00)
(338.04, 0.00, 0.00)
(343.68, 0.00, 0.00)
(343.68, 0.00, 0.00)
(343.68, 0.00, 0.00)
(343.68, 0.00, 0.00)
(343.68, 0.00, 0.00)
(352.09, 0.00, 0.00)
(352.09, 0.00, 0.00)
(352.09, 0.00, 0.00)
(352.09, 0.00, 0.00)
(353.51, 0.00, 0.00)
(353.51, 0.00, 0.00)
(353.51, 0.00, 0.00)
(353.51, 0.00, 0.00)
(353.51, 0.00, 0.00)
(354.09, 0.00, 0.00)
(354.09, 0.00, 0.00)
(354.09, 0.00, 0.00)
(339.86, 0.00, 0.00)
(339.86, 0.00, 0.00)
(339.86, 0.00, 0.00)
(339.86, 0.00, 0.00)
(339.86, 0.00, 0.00)
(338.40, 0.00, 0.00)
(338.40, 0.00, 0.00)
(338.40, 0.00, 0.00)
(338.40, 0.00, 0.00)
(338.40, 0.00, 0.00)
(329.07, 0.00, 0.00)
(329.07, 0.00, 0.00)
(329.07, 0.00, 0.00)
(327.60, 0.00, 0.00)
(327.60, 0.00, 0.00)
(327.60, 0.00, 0.00)
(326.35, 0.00, 0.00)
(326.35, 0.00, 0.00)
(326.35, 0.00, 0.00)
(326.35, 0.00, 0.00)
(326.35, 0.00, 0.00)
(326.35, 0.00, 0.00)
(296.84, 0.00, 0.00)
(296.84, 0.00, 0.00)
(292.84, 0.00, 0.00)
(292.84, 0.00, 0.00)
(292.84, 0.00, 0.00)
(292.84, 0.00, 0.00)
(292.84, 0.00, 0.00)
(289.06, 0.00, 0.00)
(289.06, 0.00, 0.00)
(289.06, 0.00, 0.00)
(290.84, 0.00, 0.00)
(290.84, 0.00, 0.00)
(290.84, 0.00, 0.00)
(290.84, 0.00, 0.00)
(290.84, 0.00, 0.00)
(294.47, 0.00, 0.00)
(294.47, 0.00, 0.00)
(294.47, 0.00, 0.00)
(294.47, 0.00, 0.00)
(294.47, 0.00, 0.00)
(282.82, 0.00, 0.00)
(282.82, 0.00, 0.00)
(282.82, 0.00, 0.00)
(282.82, 0.00, 0.00)
(295.46, 0.00, 0.00)
(295.46, 0.00, 0.00)
(295.46, 0.00, 0.00)
(295.46, 0.00, 0.00)
(288.49, 0.00, 0.00)
(281.17, 0.00, 0.00)
(280.16, 0.00, 0.00)
(280.16, 0.00, 0.00)
(276.40, 0.00, 0.00)
(276.40, 0.00, 0.00)
(276.40, 0.00, 0.00)
(276.40, 0.00, 0.00)
(279.58, 0.00, 0.00)
(279.58, 0.00, 0.00)
(279.58, 0.00, 0.00)
(279.58, 0.00, 0.00)
(277.67, 0.00, 0.00)
(277.67, 0.00, 0.00)
(277.67, 0.00, 0.00)
(277.67, 0.00, 0.00)
(277.67, 0.00, 0.00)
(277.67, 0.00, 0.00)
(274.87, 0.00, 0.00)
(274.87, 0.00, 0.00)
(275.87, 0.00, 0.00)
(275.87, 0.00, 0.00)
(275.87, 0.00, 0.00)
(275.87, 0.00, 0.00)
(275.87, 0.00, 0.00)
(275.93, 0.00, 0.00)
(275.93, 0.00, 0.00)
(275.93, 0.00, 0.00)
(275.81, 0.00, 0.00)
(275.81, 0.00, 0.00)
(275.81, 0.00, 0.00)
(275.81, 0.00, 0.00)
(275.81, 0.00, 0.00)
(275.81, 0.00, 0.00)
(275.81, 0.00, 0.00)
(275.81, 0.00, 0.00)
(276.60, 0.00, 0.00)
(276.60, 0.00, 0.00)
(276.60, 0.00, 0.00)
(277.15, 0.00, 0.00)
(277.15, 0.00, 0.00)
(277.15, 0.00, 0.00)
(277.03, 0.00, 0.00)
(277.03, 0.00, 0.00)
(277.03, 0.00, 0.00)
(277.03, 0.00, 0.00)
(277.03, 0.00, 0.00)
(276.83, 0.00, 0.00)
(276.83, 0.00, 0.00)
(276.83, 0.00, 0.00)
(277.47, 0.00, 0.00)
(277.47, 0.00, 0.00)
(277.47, 0.00, 0.00)
(277.47, 0.00, 0.00)
(277.47, 0.00, 0.00)
(278.18, 0.00, 0.00)
(278.18, 0.00, 0.00)
(278.18, 0.00, 0.00)
(278.18, 0.00, 0.00)
(278.18, 0.00, 0.00)
(278.18, 0.00, 0.00)
(278.22, 0.00, 0.00)
(278.73, 0.00, 0.00)
(278.73, 0.00, 0.00)
(278.73, 0.00, 0.00)
(278.73, 0.00, 0.00)
(278.73, 0.00, 0.00)
(278.73, 0.00, 0.00)
(278.75, 0.00, 0.00)
(278.75, 0.00, 0.00)
(278.75, 0.00, 0.00)
(278.75, 0.00, 0.00)
(278.75, 0.00, 0.00)
(278.56, 0.00, 0.00)
(278.56, 0.00, 0.00)
(278.56, 0.00, 0.00)
(278.63, 0.00, 0.00)
(278.63, 0.00, 0.00)
(278.63, 0.00, 0.00)
(278.63, 0.00, 0.00)
(278.63, 0.00, 0.00)
(279.71, 0.00, 0.00)
(279.71, 0.00, 0.00)
(279.71, 0.00, 0.00)
(279.66, 0.00, 0.00)
(279.66, 0.00, 0.00)
(279.66, 0.00, 0.00)
(279.66, 0.00, 0.00)
(279.62, 0.00, 0.00)
(279.62, 0.00, 0.00)
(279.62, 0.00, 0.00)
(279.62, 0.00, 0.00)
(279.62, 0.00, 0.00)
(280.06, 0.00, 0.00)
(280.06, 0.00, 0.00)
(280.06, 0.00, 0.00)
(280.06, 0.00, 0.00)
(280.06, 0.00, 0.00)
(280.06, 0.00, 0.00)
(280.27, 0.00, 0.00)
(280.27, 0.00, 0.00)
(280.27, 0.00, 0.00)
(280.27, 0.00, 0.00)
(280.31, 0.00, 0.00)
(280.31, 0.00, 0.00)
(280.31, 0.00, 0.00)
(280.09, 0.00, 0.00)
(280.09, 0.00, 0.00)
(280.09, 0.00, 0.00)
(280.09, 0.00, 0.00)
(280.09, 0.00, 0.00)
(280.09, 0.00, 0.00)
(280.09, 0.00, 0.00)
(280.09, 0.00, 0.00)
(280.52, 0.00, 0.00)
(281.58, 0.00, 0.00)
(281.58, 0.00, 0.00)
(281.58, 0.00, 0.00)
(281.58, 0.00, 0.00)
(281.58, 0.00, 0.00)
(281.58, 0.00, 0.00)
(281.58, 0.00, 0.00)
(281.58, 0.00, 0.00)
(281.58, 0.00, 0.00)
(281.58, 0.00, 0.00)
(281.44, 0.00, 0.00)
(281.44, 0.00, 0.00)
(281.44, 0.00, 0.00)
(281.80, 0.00, 0.00)
(281.80, 0.00, 0.00)
(281.80, 0.00, 0.00)
(281.80, 0.00, 0.00)
(281.80, 0.00, 0.00)
(281.54, 0.00, 0.00)
(281.54, 0.00, 0.00)
(281.54, 0.00, 0.00)
(281.54, 0.00, 0.00)
(281.78, 0.00, 0.00)
(281.78, 0.00, 0.00)
(282.50, 0.00, 0.00)
(282.50, 0.00, 0.00)
(282.50, 0.00, 0.00)
(282.50, 0.00, 0.00)
(282.50, 0.00, 0.00)
(282.50, 0.00, 0.00)
(282.86, 0.00, 0.00)
(282.86, 0.00, 0.00)
(282.93, 0.00, 0.00)
(282.93, 0.00, 0.00)
(282.93, 0.00, 0.00)
(282.93, 0.00, 0.00)
(282.93, 0.00, 0.00)
(282.93, 0.00, 0.00)
(282.93, 0.00, 0.00)
(282.93, 0.00, 0.00)
(282.60, 0.00, 0.00)
(282.60, 0.00, 0.00)
(282.60, 0.00, 0.00)
(283.23, 0.00, 0.00)
(283.23, 0.00, 0.00)
(283.62, 0.00, 0.00)
(283.62, 0.00, 0.00)
(283.62, 0.00, 0.00)
(283.62, 0.00, 0.00)
(283.62, 0.00, 0.00)
(283.40, 0.00, 0.00)
(283.40, 0.00, 0.00)
(283.40, 0.00, 0.00)
(283.40, 0.00, 0.00)
(283.40, 0.00, 0.00)
(283.17, 0.00, 0.00)
(283.17, 0.00, 0.00)
(283.17, 0.00, 0.00)
(283.17, 0.00, 0.00)
(283.17, 0.00, 0.00)
(282.98, 0.00, 0.00)
(282.98, 0.00, 0.00)
(282.98, 0.00, 0.00)
(283.33, 0.00, 0.00)
(283.33, 0.00, 0.00)
(283.33, 0.00, 0.00)
(283.33, 0.00, 0.00)
(283.33, 0.00, 0.00)
(283.24, 0.00, 0.00)
(283.24, 0.00, 0.00)
(283.24, 0.00, 0.00)
(283.24, 0.00, 0.00)
(282.93, 0.00, 0.00)
(282.93, 0.00, 0.00)
(282.93, 0.00, 0.00)
(282.90, 0.00, 0.00)
(282.90, 0.00, 0.00)
(282.90, 0.00, 0.00)
(282.90, 0.00, 0.00)
(282.90, 0.00, 0.00)
(282.41, 0.00, 0.00)
(282.41, 0.00, 0.00)
(282.41, 0.00, 0.00)
(282.41, 0.00, 0.00)
(282.41, 0.00, 0.00)
(281.74, 0.00, 0.00)
(281.74, 0.00, 0.00)
(281.74, 0.00, 0.00)
(281.34, 0.00, 0.00)
(281.34, 0.00, 0.00)
(281.34, 0.00, 0.00)
(281.34, 0.00, 0.00)
(281.34, 0.00, 0.00)
(280.66, 0.00, 0.00)
(280.66, 0.00, 0.00)
(280.66, 0.00, 0.00)
(280.66, 0.00, 0.00)
(280.66, 0.00, 0.00)
(279.78, 0.00, 0.00)
(279.78, 0.00, 0.00)
(278.38, 0.00, 0.00)
(278.38, 0.00, 0.00)
(278.38, 0.00, 0.00)
(278.38, 0.00, 0.00)
(278.38, 0.00, 0.00)
(277.18, 0.00, 0.00)
(277.18, 0.00, 0.00)
(277.18, 0.00, 0.00)
(277.18, 0.00, 0.00)
(277.18, 0.00, 0.00)
(277.00, 0.00, 0.00)
(277.00, 0.00, 0.00)
(277.00, 0.00, 0.00)
(277.00, 0.00, 0.00)
(277.00, 0.00, 0.00)
(275.53, 0.00, 0.00)
(275.53, 0.00, 0.00)
(275.53, 0.00, 0.00)
(274.45, 0.00, 0.00)
(274.45, 0.00, 0.00)
(274.45, 0.00, 0.00)
(274.45, 0.00, 0.00)
(274.45, 0.00, 0.00)
(274.06, 0.00, 0.00)
(274.06, 0.00, 0.00)
(274.06, 0.00, 0.00)
(274.06, 0.00, 0.00)
(280.66, 0.00, 0.00)
(280.66, 0.00, 0.00)
(280.66, 0.00, 0.00)
(281.48, 0.00, 0.00)
(281.48, 0.00, 0.00)
(281.48, 0.00, 0.00)
(281.48, 0.00, 0.00)
(281.48, 0.00, 0.00)
(279.10, 0.00, 0.00)
(279.10, 0.00, 0.00)
(279.10, 0.00, 0.00)
(279.10, 0.00, 0.00)
(281.35, 0.00, 0.00)
(281.35, 0.00, 0.00)
(281.35, 0.00, 0.00)
(281.35, 0.00, 0.00)
(281.35, 0.00, 0.00)
(281.35, 0.00, 0.00)
(283.75, 0.00, 0.00)
(283.75, 0.00, 0.00)
(285.74, 0.00, 0.00)
(285.74, 0.00, 0.00)
(285.74, 0.00, 0.00)
(285.74, 0.00, 0.00)
(285.74, 0.00, 0.00)
(291.24, 0.00, 0.00)
(291.24, 0.00, 0.00)
(291.24, 0.00, 0.00)
(294.62, 0.00, 0.00)
(294.62, 0.00, 0.00)
(294.62, 0.00, 0.00)
(294.62, 0.00, 0.00)
(296.41, 0.00, 0.00)
(296.41, 0.00, 0.00)
(296.41, 0.00, 0.00)
(296.41, 0.00, 0.00)
(296.41, 0.00, 0.00)
(301.80, 0.00, 0.00)
(301.80, 0.00, 0.00)
(301.80, 0.00, 0.00)
(301.80, 0.00, 0.00)
(301.80, 0.00, 0.00)
(301.80, 0.00, 0.00)
(304.21, 0.00, 0.00)
(304.21, 0.00, 0.00)
(305.46, 0.00, 0.00)
(305.46, 0.00, 0.00)
(305.46, 0.00, 0.00)
(305.46, 0.00, 0.00)
(311.91, 0.00, 0.00)
(311.91, 0.00, 0.00)
(311.91, 0.00, 0.00)
(311.91, 0.00, 0.00)
(311.91, 0.00, 0.00)
(311.91, 0.00, 0.00)
(316.03, 0.00, 0.00)
(316.03, 0.00, 0.00)
(316.03, 0.00, 0.00)
(316.03, 0.00, 0.00)
(316.03, 0.00, 0.00)
(318.23, 0.00, 0.00)
(318.23, 0.00, 0.00)
(318.23, 0.00, 0.00)
(320.16, 0.00, 0.00)
(320.16, 0.00, 0.00)
(320.16, 0.00, 0.00)
(320.16, 0.00, 0.00)
(320.16, 0.00, 0.00)
(320.16, 0.00, 0.00)
(320.16, 0.00, 0.00)
(319.71, 0.00, 0.00)
(319.71, 0.00, 0.00)
(319.71, 0.00, 0.00)
(322.64, 0.00, 0.00)
(322.64, 0.00, 0.00)
(327.28, 0.00, 0.00)
(327.28, 0.00, 0.00)
(327.28, 0.00, 0.00)
(327.28, 0.00, 0.00)
(327.28, 0.00, 0.00)
(334.69, 0.00, 0.00)
(334.69, 0.00, 0.00)
(334.69, 0.00, 0.00)
(338.24, 0.00, 0.00)
(338.24, 0.00, 0.00)
(338.24, 0.00, 0.00)
(338.24, 0.00, 0.00)
(338.24, 0.00, 0.00)
(342.50, 0.00, 0.00)
(342.50, 0.00, 0.00)
(342.50, 0.00, 0.00)
(342.50, 0.00, 0.00)
(342.50, 0.00, 0.00)
(342.50, 0.00, 0.00)
(343.60, 0.00, 0.00)
(343.60, 0.00, 0.00)
(344.54, 0.00, 0.00)
(344.54, 0.00, 0.00)
(344.54, 0.00, 0.00)
(344.54, 0.00, 0.00)
(344.54, 0.00, 0.00)
(344.54, 0.00, 0.00)
(344.54, 0.00, 0.00)
(344.54, 0.00, 0.00)
(345.18, 0.00, 0.00)
(345.18, 0.00, 0.00)
(341.37, 0.00, 0.00)
(341.37, 0.00, 0.00)
(341.37, 0.00, 0.00)
(344.20, 0.00, 0.00)
(344.20, 0.00, 0.00)
(344.20, 0.00, 0.00)
(344.20, 0.00, 0.00)
(344.20, 0.00, 0.00)
(347.59, 0.00, 0.00)
(347.59, 0.00, 0.00)
(347.59, 0.00, 0.00)
(347.59, 0.00, 0.00)
(347.59, 0.00, 0.00)
(347.59, 0.00, 0.00)
(352.82, 0.00, 0.00)
(352.82, 0.00, 0.00)
(352.82, 0.00, 0.00)
(352.82, 0.00, 0.00)
(353.60, 0.00, 0.00)
(353.60, 0.00, 0.00)
(353.60, 0.00, 0.00)
(348.53, 0.00, 0.00)
(348.53, 0.00, 0.00)
(348.53, 0.00, 0.00)
(348.53, 0.00, 0.00)
(348.53, 0.00, 0.00)
(347.04, 0.00, 0.00)
(347.04, 0.00, 0.00)
(347.04, 0.00, 0.00)
(347.04, 0.00, 0.00)
(347.04, 0.00, 0.00)
(349.99, 0.00, 0.00)
(349.99, 0.00, 0.00)
(349.99, 0.00, 0.00)
(351.52, 0.00, 0.00)
(351.52, 0.00, 0.00)
(351.52, 0.00, 0.00)
(351.52, 0.00, 0.00)
(343.83, 0.00, 0.00)
(343.83, 0.00, 0.00)
(343.83, 0.00, 0.00)
(343.83, 0.00, 0.00)
(343.83, 0.00, 0.00)
(343.95, 0.00, 0.00)
(343.95, 0.00, 0.00)
(343.95, 0.00, 0.00)
(343.95, 0.00, 0.00)
(343.95, 0.00, 0.00)
(347.95, 0.00, 0.00)
(347.95, 0.00, 0.00)
(348.80, 0.00, 0.00)
(348.80, 0.00, 0.00)
(348.80, 0.00, 0.00)
(348.80, 0.00, 0.00)
(348.80, 0.00, 0.00)
(348.80, 0.00, 0.00)
(347.21, 0.00, 0.00)
(347.21, 0.00, 0.00)
(340.20, 0.00, 0.00)
(340.20, 0.00, 0.00)
(340.20, 0.00, 0.00)
(340.20, 0.00, 0.00)
(338.54, 0.00, 0.00)
(338.54, 0.00, 0.00)
(338.54, 0.00, 0.00)
(338.54, 0.00, 0.00)
(338.54, 0.00, 0.00)
(344.94, 0.00, 0.00)
(344.94, 0.00, 0.00)
(344.94, 0.00, 0.00)
(344.94, 0.00, 0.00)
(344.94, 0.00, 0.00)
(348.24, 0.00, 0.00)
(348.24, 0.00, 0.00)
(348.24, 0.00, 0.00)
(348.24, 0.00, 0.00)
(348.24, 0.00, 0.00)
(340.84, 0.00, 0.00)
(340.84, 0.00, 0.00)
(340.84, 0.00, 0.00)
(337.05, 0.00, 0.00)
(337.05, 0.00, 0.00)
(337.05, 0.00, 0.00)
(337.05, 0.00, 0.00)
(337.05, 0.00, 0.00)
(337.05, 0.00, 0.00)
(337.05, 0.00, 0.00)
(337.05, 0.00, 0.00)
(330.24, 0.00, 0.00)
(330.24, 0.00, 0.00)
(330.24, 0.00, 0.00)
(330.24, 0.00, 0.00)
(330.24, 0.00, 0.00)
(330.24, 0.00, 0.00)
(327.29, 0.00, 0.00)
(327.29, 0.00, 0.00)
(327.29, 0.00, 0.00)
(315.84, 0.00, 0.00)
(315.84, 0.00, 0.00)
(310.97, 0.00, 0.00)
(310.97, 0.00, 0.00)
(310.97, 0.00, 0.00)
(310.97, 0.00, 0.00)
(310.97, 0.00, 0.00)
(306.72, 0.00, 0.00)
(306.72, 0.00, 0.00)
(306.72, 0.00, 0.00)
(306.72, 0.00, 0.00)
(306.72, 0.00, 0.00)
(300.66, 0.00, 0.00)
(300.66, 0.00, 0.00)
(295.60, 0.00, 0.00)
(295.60, 0.00, 0.00)
(295.60, 0.00, 0.00)
(295.60, 0.00, 0.00)
(292.45, 0.00, 0.00)
(292.45, 0.00, 0.00)
(292.43, 0.00, 0.00)
(292.43, 0.00, 0.00)
(292.43, 0.00, 0.00)
(292.43, 0.00, 0.00)
(292.43, 0.00, 0.00)
(288.01, 0.00, 0.00)
(288.01, 0.00, 0.00)
(288.01, 0.00, 0.00)
(282.45, 0.00, 0.00)
(282.45, 0.00, 0.00)
(282.45, 0.00, 0.00)
(282.45, 0.00, 0.00)
(282.45, 0.00, 0.00)
(282.34, 0.00, 0.00)
(282.34, 0.00, 0.00)
(282.34, 0.00, 0.00)
(282.34, 0.00, 0.00)
(282.76, 0.00, 0.00)
(282.76, 0.00, 0.00)
(277.61, 0.00, 0.00)
(277.61, 0.00, 0.00)
(277.61, 0.00, 0.00)
(277.61, 0.00, 0.00)
(277.61, 0.00, 0.00)
(274.55, 0.00, 0.00)
(274.55, 0.00, 0.00)
(274.55, 0.00, 0.00)
(274.55, 0.00, 0.00)
(274.78, 0.00, 0.00)
(274.78, 0.00, 0.00)
(274.78, 0.00, 0.00)
(274.98, 0.00, 0.00)
(274.98, 0.00, 0.00)
(274.98, 0.00, 0.00)
(274.98, 0.00, 0.00)
(274.98, 0.00, 0.00)
(275.27, 0.00, 0.00)
(275.27, 0.00, 0.00)
(275.27, 0.00, 0.00)
(275.27, 0.00, 0.00)
(275.01, 0.00, 0.00)
(275.01, 0.00, 0.00)
(274.91, 0.00, 0.00)
(274.91, 0.00, 0.00)
(274.91, 0.00, 0.00)
(274.91, 0.00, 0.00)
(274.91, 0.00, 0.00)
(274.97, 0.00, 0.00)
(274.97, 0.00, 0.00)
(274.97, 0.00, 0.00)
(274.97, 0.00, 0.00)
(276.07, 0.00, 0.00)
(276.07, 0.00, 0.00)
(276.07, 0.00, 0.00)
(276.07, 0.00, 0.00)
(276.07, 0.00, 0.00)
(276.07, 0.00, 0.00)
(276.13, 0.00, 0.00)
(276.13, 0.00, 0.00)
(276.44, 0.00, 0.00)
(276.44, 0.00, 0.00)
(276.44, 0.00, 0.00)
(276.44, 0.00, 0.00)
(276.44, 0.00, 0.00)
(276.95, 0.00, 0.00)
(276.95, 0.00, 0.00)
(276.95, 0.00, 0.00)
(276.95, 0.00, 0.00)
(277.19, 0.00, 0.00)
(277.19, 0.00, 0.00)
(277.19, 0.00, 0.00)
(276.99, 0.00, 0.00)
(276.99, 0.00, 0.00)
(276.99, 0.00, 0.00)
(276.99, 0.00, 0.00)
(276.99, 0.00, 0.00)
(277.14, 0.00, 0.00)
(277.14, 0.00, 0.00)
(277.14, 0.00, 0.00)
(277.14, 0.00, 0.00)
(277.14, 0.00, 0.00)
(277.50, 0.00, 0.00)
(277.50, 0.00, 0.00)
(277.50, 0.00, 0.00)
(277.70, 0.00, 0.00)
(277.70, 0.00, 0.00)
(277.70, 0.00, 0.00)
(277.70, 0.00, 0.00)
(277.70, 0.00, 0.00)
(277.22, 0.00, 0.00)
(277.22, 0.00, 0.00)
(277.18, 0.00, 0.00)
(277.18, 0.00, 0.00)
(277.18, 0.00, 0.00)
(277.18, 0.00, 0.00)
(277.92, 0.00, 0.00)
(277.92, 0.00, 0.00)
(277.92, 0.00, 0.00)
(277.92, 0.00, 0.00)
(277.92, 0.00, 0.00)
(277.68, 0.00, 0.00)
(277.68, 0.00, 0.00)
(277.68, 0.00, 0.00)
(277.68, 0.00, 0.00)
(277.68, 0.00, 0.00)
(277.07, 0.00, 0.00)
(277.07, 0.00, 0.00)
(277.07, 0.00, 0.00)
(277.59, 0.00, 0.00)
(277.59, 0.00, 0.00)
(277.59, 0.00, 0.00)
(277.59, 0.00, 0.00)
(277.59, 0.00, 0.00)
(277.72, 0.00, 0.00)
(277.72, 0.00, 0.00)
(277.72, 0.00, 0.00)
(277.72, 0.00, 0.00)
(277.37, 0.00, 0.00)
(277.37, 0.00, 0.00)
(277.35, 0.00, 0.00)
(277.35, 0.00, 0.00)
(277.35, 0.00, 0.00)
(277.35, 0.00, 0.00)
(277.35, 0.00, 0.00)
(276.95, 0.00, 0.00)
(276.95, 0.00, 0.00)
(276.95, 0.00, 0.00)
(276.95, 0.00, 0.00)
(276.95, 0.00, 0.00)
(276.95, 0.00, 0.00)
(276.95, 0.00, 0.00)
(276.95, 0.00, 0.00)
(276.95, 0.00, 0.00)
(276.95, 0.00, 0.00)
(276.95, 0.00, 0.00)
(276.95, 0.00, 0.00)
(276.95, 0.00, 0.00)
(276.92, 0.00, 0.00)
(276.92, 0.00, 0.00)
(276.92, 0.00, 0.00)
(276.92, 0.00, 0.00)
(276.92, 0.00, 0.00)
(276.68, 0.00, 0.00)
(276.68, 0.00, 0.00)
(276.34, 0.00, 0.00)
(276.34, 0.00, 0.00)
(276.34, 0.00, 0.00)
(276.34, 0.00, 0.00)
(276.13, 0.00, 0.00)
(276.13, 0.00, 0.00)
(276.13, 0.00, 0.00)
(276.13, 0.00, 0.00)
(276.13, 0.00, 0.00)
(275.65, 0.00, 0.00)
(275.65, 0.00, 0.00)
(275.65, 0.00, 0.00)
(275.65, 0.00, 0.00)
(275.65, 0.00, 0.00)
(276.35, 0.00, 0.00)
(276.35, 0.00, 0.00)
(275.35, 0.00, 0.00)
(275.35, 0.00, 0.00)
(275.35, 0.00, 0.00)
(275.35, 0.00, 0.00)
(275.06, 0.00, 0.00)
(275.06, 0.00, 0.00)
(275.06, 0.00, 0.00)
(275.06, 0.00, 0.00)
(274.48, 0.00, 0.00)
(274.48, 0.00, 0.00)
(274.48, 0.00, 0.00)
(273.65, 0.00, 0.00)
(273.65, 0.00, 0.00)
(273.65, 0.00, 0.00)
(273.65, 0.00, 0.00)
(273.65, 0.00, 0.00)
(273.17, 0.00, 0.00)
(273.17, 0.00, 0.00)
(273.17, 0.00, 0.00)
(273.17, 0.00, 0.00)
(273.17, 0.00, 0.00)
(274.21, 0.00, 0.00)
(274.21, 0.00, 0.00)
(278.83, 0.00, 0.00)
(278.83, 0.00, 0.00)
(278.83, 0.00, 0.00)
(278.83, 0.00, 0.00)
(279.07, 0.00, 0.00)
(279.07, 0.00, 0.00)
(279.07, 0.00, 0.00)
(279.07, 0.00, 0.00)
(284.43, 0.00, 0.00)
(284.43, 0.00, 0.00)
(284.43, 0.00, 0.00)
(290.69, 0.00, 0.00)
(290.69, 0.00, 0.00)
(290.69, 0.00, 0.00)
(290.69, 0.00, 0.00)
(290.40, 0.00, 0.00)
(290.40, 0.00, 0.00)
(290.40, 0.00, 0.00)
(290.40, 0.00, 0.00)
(290.40, 0.00, 0.00)
(291.97, 0.00, 0.00)
(291.97, 0.00, 0.00)
(291.97, 0.00, 0.00)
(295.49, 0.00, 0.00)
(295.49, 0.00, 0.00)
(295.49, 0.00, 0.00)
(295.49, 0.00, 0.00)
(297.18, 0.00, 0.00)
(297.18, 0.00, 0.00)
(297.18, 0.00, 0.00)
(297.18, 0.00, 0.00)
(302.18, 0.00, 0.00)
(302.18, 0.00, 0.00)
(302.18, 0.00, 0.00)
(302.18, 0.00, 0.00)
(302.18, 0.00, 0.00)
(306.97, 0.00, 0.00)
(306.97, 0.00, 0.00)
(313.51, 0.00, 0.00)
(313.51, 0.00, 0.00)
(313.51, 0.00, 0.00)
(313.51, 0.00, 0.00)
(313.51, 0.00, 0.00)
(320.77, 0.00, 0.00)
(320.77, 0.00, 0.00)
(320.77, 0.00, 0.00)
(320.77, 0.00, 0.00)
(320.77, 0.00, 0.00)
(320.77, 0.00, 0.00)
(327.25, 0.00, 0.00)
(327.25, 0.00, 0.00)
(325.89, 0.00, 0.00)
(325.89, 0.00, 0.00)
(325.89, 0.00, 0.00)
(325.89, 0.00, 0.00)
(323.92, 0.00, 0.00)
(323.92, 0.00, 0.00)
(323.92, 0.00, 0.00)
(323.92, 0.00, 0.00)
(323.92, 0.00, 0.00)
(333.42, 0.00, 0.00)
(333.42, 0.00, 0.00)
(333.42, 0.00, 0.00)
(333.42, 0.00, 0.00)
(333.42, 0.00, 0.00)
(333.57, 0.00, 0.00)
(333.57, 0.00, 0.00)
(333.57, 0.00, 0.00)
(333.57, 0.00, 0.00)
(333.57, 0.00, 0.00)
(333.57, 0.00, 0.00)
(333.57, 0.00, 0.00)
(333.57, 0.00, 0.00)
(337.05, 0.00, 0.00)
(337.05, 0.00, 0.00)
(337.05, 0.00, 0.00)
(337.05, 0.00, 0.00)
(343.20, 0.00, 0.00)
(343.20, 0.00, 0.00)
(343.20, 0.00, 0.00)
(343.20, 0.00, 0.00)
(343.20, 0.00, 0.00)
(344.23, 0.00, 0.00)
(344.23, 0.00, 0.00)
(346.61, 0.00, 0.00)
(346.61, 0.00, 0.00)
(346.61, 0.00, 0.00)
(346.61, 0.00, 0.00)
(346.61, 0.00, 0.00)
(350.12, 0.00, 0.00)
(350.12, 0.00, 0.00)
(350.12, 0.00, 0.00)
(352.12, 0.00, 0.00)
(352.12, 0.00, 0.00)
(352.12, 0.00, 0.00)
(352.12, 0.00, 0.00)
(352.12, 0.00, 0.00)
(350.48, 0.00, 0.00)
(350.48, 0.00, 0.00)
(350.48, 0.00, 0.00)
(350.48, 0.00, 0.00)
(350.48, 0.00, 0.00)
(347.55, 0.00, 0.00)
(347.55, 0.00, 0.00)
(346.87, 0.00, 0.00)
(346.87, 0.00, 0.00)
(346.87, 0.00, 0.00)
(346.87, 0.00, 0.00)
(346.87, 0.00, 0.00)
(348.59, 0.00, 0.00)
(348.59, 0.00, 0.00)
(348.59, 0.00, 0.00)
(348.59, 0.00, 0.00)
(348.59, 0.00, 0.00)
(352.92, 0.00, 0.00)
(352.92, 0.00, 0.00)
(352.92, 0.00, 0.00)
(352.92, 0.00, 0.00)
(352.92, 0.00, 0.00)
(346.24, 0.00, 0.00)
(346.24, 0.00, 0.00)
(346.24, 0.00, 0.00)
(336.03, 0.00, 0.00)
(336.03, 0.00, 0.00)
(336.03, 0.00, 0.00)
(336.03, 0.00, 0.00)
(331.55, 0.00, 0.00)
(333.42, 0.00, 0.00)
(333.42, 0.00, 0.00)
(340.79, 0.00, 0.00)
(340.79, 0.00, 0.00)
(340.79, 0.00, 0.00)
(340.79, 0.00, 0.00)
(341.93, 0.00, 0.00)
(341.93, 0.00, 0.00)
(341.93, 0.00, 0.00)
(338.88, 0.00, 0.00)
(337.56, 0.00, 0.00)
(337.56, 0.00, 0.00)
(337.56, 0.00, 0.00)
(337.56, 0.00, 0.00)
(338.09, 0.00, 0.00)
(338.09, 0.00, 0.00)
(338.09, 0.00, 0.00)
(338.09, 0.00, 0.00)
(338.09, 0.00, 0.00)
(338.09, 0.00, 0.00)
(339.03, 0.00, 0.00)
(339.03, 0.00, 0.00)
(339.03, 0.00, 0.00)
(339.03, 0.00, 0.00)
(338.83, 0.00, 0.00)
(338.83, 0.00, 0.00)
(338.83, 0.00, 0.00)
(338.83, 0.00, 0.00)
(338.83, 0.00, 0.00)
(337.75, 0.00, 0.00)
(337.75, 0.00, 0.00)
(337.55, 0.00, 0.00)
(337.55, 0.00, 0.00)
(337.55, 0.00, 0.00)
(337.55, 0.00, 0.00)
(337.55, 0.00, 0.00)
(340.31, 0.00, 0.00)
(340.31, 0.00, 0.00)
(340.31, 0.00, 0.00)
(340.31, 0.00, 0.00)
(338.77, 0.00, 0.00)
(338.77, 0.00, 0.00)
(338.77, 0.00, 0.00)
(338.28, 0.00, 0.00)
(338.28, 0.00, 0.00)
(338.28, 0.00, 0.00)
(338.28, 0.00, 0.00)
(338.28, 0.00, 0.00)
(338.89, 0.00, 0.00)
(338.89, 0.00, 0.00)
(338.89, 0.00, 0.00)
(338.89, 0.00, 0.00)
(341.04, 0.00, 0.00)
(341.04, 0.00, 0.00)
(341.04, 0.00, 0.00)
(341.04, 0.00, 0.00)
(344.69, 0.00, 0.00)
(343.13, 0.00, 0.00)
(343.13, 0.00, 0.00)
(343.13, 0.00, 0.00)
(335.34, 0.00, 0.00)
(335.34, 0.00, 0.00)
(335.34, 0.00, 0.00)
(335.34, 0.00, 0.00)
(328.25, 0.00, 0.00)
(328.25, 0.00, 0.00)
(328.25, 0.00, 0.00)
(328.25, 0.00, 0.00)
(328.25, 0.00, 0.00)
(315.26, 0.00, 0.00)
(315.26, 0.00, 0.00)
(315.26, 0.00, 0.00)
(296.77, 0.00, 0.00)
(296.77, 0.00, 0.00)
(296.77, 0.00, 0.00)
(296.77, 0.00, 0.00)
(296.77, 0.00, 0.00)
(294.94, 0.00, 0.00)
(294.94, 0.00, 0.00)
(294.94, 0.00, 0.00)
(294.94, 0.00, 0.00)
(294.76, 0.00, 0.00)
(294.76, 0.00, 0.00)
(294.76, 0.00, 0.00)
(294.76, 0.00, 0.00)
(294.76, 0.00, 0.00)
(295.99, 0.00, 0.00)
(295.99, 0.00, 0.00)
(289.43, 0.00, 0.00)
(289.43, 0.00, 0.00)
(289.43, 0.00, 0.00)
(284.37, 0.00, 0.00)
(284.37, 0.00, 0.00)
(284.37, 0.00, 0.00)
(284.37, 0.00, 0.00)
(284.37, 0.00, 0.00)
(279.40, 0.00, 0.00)
(279.40, 0.00, 0.00)
(279.40, 0.00, 0.00)
(279.40, 0.00, 0.00)
(279.40, 0.00, 0.00)
(276.21, 0.00, 0.00)
(276.21, 0.00, 0.00)
(276.21, 0.00, 0.00)
(276.21, 0.00, 0.00)
(276.21, 0.00, 0.00)
(276.21, 0.00, 0.00)
(276.21, 0.00, 0.00)
(276.21, 0.00, 0.00)
(276.21, 0.00, 0.00)
(276.21, 0.00, 0.00)
(276.21, 0.00, 0.00)
(276.21, 0.00, 0.00)
(276.21, 0.00, 0.00)
(276.21, 0.00, 0.00)
(276.21, 0.00, 0.00)
(276.21, 0.00, 0.00)
(276.21, 0.00, 0.00)
(275.91, 0.00, 0.00)
(275.91, 0.00, 0.00)
(276.62, 0.00, 0.00)
(276.62, 0.00, 0.00)
(276.62, 0.00, 0.00)
(276.62, 0.00, 0.00)
(276.62, 0.00, 0.00)
(277.08, 0.00, 0.00)
(277.08, 0.00, 0.00)
(277.08, 0.00, 0.00)
(277.08, 0.00, 0.00)
(277.08, 0.00, 0.00)
(278.30, 0.00, 0.00)
(278.30, 0.00, 0.00)
(279.87, 0.00, 0.00)
(279.87, 0.00, 0.00)
(279.87, 0.00, 0.00)
(279.87, 0.00, 0.00)
(279.87, 0.00, 0.00)
(280.31, 0.00, 0.00)
(280.31, 0.00, 0.00)
(280.31, 0.00, 0.00)
(280.31, 0.00, 0.00)
(280.31, 0.00, 0.00)
(280.90, 0.00, 0.00)
(280.90, 0.00, 0.00)
(280.90, 0.00, 0.00)
(280.90, 0.00, 0.00)
(280.90, 0.00, 0.00)
(282.54, 0.00, 0.00)
(282.54, 0.00, 0.00)
(284.84, 0.00, 0.00)
(284.84, 0.00, 0.00)
(284.84, 0.00, 0.00)
(284.84, 0.00, 0.00)
(284.84, 0.00, 0.00)
(284.12, 0.00, 0.00)
(284.12, 0.00, 0.00)
(283.80, 0.00, 0.00)
(283.80, 0.00, 0.00)
(283.80, 0.00, 0.00)
(283.80, 0.00, 0.00)
(284.50, 0.00, 0.00)
(284.50, 0.00, 0.00)
(284.50, 0.00, 0.00)
(284.50, 0.00, 0.00)
(284.50, 0.00, 0.00)
(284.50, 0.00, 0.00)
(285.34, 0.00, 0.00)
(285.34, 0.00, 0.00)
(285.34, 0.00, 0.00)
(285.34, 0.00, 0.00)
(285.34, 0.00, 0.00)
(284.94, 0.00, 0.00)
(284.94, 0.00, 0.00)
(284.94, 0.00, 0.00)
(284.94, 0.00, 0.00)
(284.94, 0.00, 0.00)
(285.94, 0.00, 0.00)
(285.94, 0.00, 0.00)
(285.29, 0.00, 0.00)
(285.29, 0.00, 0.00)
(285.29, 0.00, 0.00)
(285.29, 0.00, 0.00)
(285.29, 0.00, 0.00)
(285.14, 0.00, 0.00)
(285.14, 0.00, 0.00)
(285.14, 0.00, 0.00)
(285.14, 0.00, 0.00)
(285.22, 0.00, 0.00)
(285.22, 0.00, 0.00)
(285.22, 0.00, 0.00)
(284.44, 0.00, 0.00)
(284.44, 0.00, 0.00)
(284.44, 0.00, 0.00)
(284.44, 0.00, 0.00)
(284.44, 0.00, 0.00)
(284.54, 0.00, 0.00)
(284.54, 0.00, 0.00)
(284.54, 0.00, 0.00)
(284.54, 0.00, 0.00)
(284.54, 0.00, 0.00)
(284.26, 0.00, 0.00)
(284.26, 0.00, 0.00)
(284.26, 0.00, 0.00)
(283.27, 0.00, 0.00)
(283.27, 0.00, 0.00)
(283.27, 0.00, 0.00)
(283.27, 0.00, 0.00)
(282.00, 0.00, 0.00)
(282.00, 0.00, 0.00)
(282.00, 0.00, 0.00)
(282.00, 0.00, 0.00)
(282.00, 0.00, 0.00)
(280.59, 0.00, 0.00)
(280.59, 0.00, 0.00)
(278.70, 0.00, 0.00)
(278.70, 0.00, 0.00)
(278.70, 0.00, 0.00)
(278.70, 0.00, 0.00)
(278.70, 0.00, 0.00)
(277.12, 0.00, 0.00)
(277.12, 0.00, 0.00)
(277.12, 0.00, 0.00)
(277.12, 0.00, 0.00)
(277.12, 0.00, 0.00)
(277.12, 0.00, 0.00)
(274.70, 0.00, 0.00)
(274.70, 0.00, 0.00)
(274.70, 0.00, 0.00)
(274.70, 0.00, 0.00)
(274.70, 0.00, 0.00)
(275.20, 0.00, 0.00)
(280.83, 0.00, 0.00)
(280.83, 0.00, 0.00)
(280.83, 0.00, 0.00)
(280.83, 0.00, 0.00)
(280.83, 0.00, 0.00)
(282.85, 0.00, 0.00)
(282.85, 0.00, 0.00)
(282.85, 0.00, 0.00)
(282.85, 0.00, 0.00)
(282.85, 0.00, 0.00)
(282.85, 0.00, 0.00)
(288.72, 0.00, 0.00)
(288.72, 0.00, 0.00)
(292.84, 0.00, 0.00)
(292.84, 0.00, 0.00)
(292.84, 0.00, 0.00)
(292.84, 0.00, 0.00)
(292.84, 0.00, 0.00)
(292.84, 0.00, 0.00)
(300.47, 0.00, 0.00)
(300.47, 0.00, 0.00)
(300.47, 0.00, 0.00)
(300.47, 0.00, 0.00)
(300.47, 0.00, 0.00)
(304.42, 0.00, 0.00)
(308.37, 0.00, 0.00)
(308.37, 0.00, 0.00)
(308.37, 0.00, 0.00)
(308.37, 0.00, 0.00)
(308.37, 0.00, 0.00)
(308.37, 0.00, 0.00)
(317.72, 0.00, 0.00)
(317.72, 0.00, 0.00)
(317.72, 0.00, 0.00)
(317.72, 0.00, 0.00)
(323.22, 0.00, 0.00)
(323.22, 0.00, 0.00)
(323.22, 0.00, 0.00)
(323.67, 0.00, 0.00)
(323.67, 0.00, 0.00)
(323.67, 0.00, 0.00)
(326.02, 0.00, 0.00)
(326.02, 0.00, 0.00)
(326.02, 0.00, 0.00)
(326.02, 0.00, 0.00)
(326.02, 0.00, 0.00)
(328.54, 0.00, 0.00)
(328.54, 0.00, 0.00)
(328.54, 0.00, 0.00)
(330.04, 0.00, 0.00)
(330.04, 0.00, 0.00)
(330.04, 0.00, 0.00)
(330.04, 0.00, 0.00)
(333.85, 0.00, 0.00)
(333.85, 0.00, 0.00)
(333.85, 0.00, 0.00)
(333.85, 0.00, 0.00)
(333.85, 0.00, 0.00)
(336.12, 0.00, 0.00)
(336.12, 0.00, 0.00)
(336.12, 0.00, 0.00)
(341.03, 0.00, 0.00)
(341.03, 0.00, 0.00)
(341.03, 0.00, 0.00)
(341.03, 0.00, 0.00)
(341.03, 0.00, 0.00)
(341.03, 0.00, 0.00)
(345.73, 0.00, 0.00)
(345.73, 0.00, 0.00)
(345.73, 0.00, 0.00)
(345.73, 0.00, 0.00)
(347.14, 0.00, 0.00)
(347.14, 0.00, 0.00)
(347.14, 0.00, 0.00)
(347.14, 0.00, 0.00)
(350.81, 0.00, 0.00)
(350.81, 0.00, 0.00)
(350.81, 0.00, 0.00)
(352.10, 0.00, 0.00)
(352.10, 0.00, 0.00)
(352.10, 0.00, 0.00)
(352.10, 0.00, 0.00)
(352.10, 0.00, 0.00)
(350.20, 0.00, 0.00)
(350.20, 0.00, 0.00)
(350.20, 0.00, 0.00)
(348.70, 0.00, 0.00)
(348.70, 0.00, 0.00)
(348.70, 0.00, 0.00)
(348.70, 0.00, 0.00)
(348.70, 0.00, 0.00)
(347.99, 0.00, 0.00)
(347.99, 0.00, 0.00)
(347.99, 0.00, 0.00)
(347.99, 0.00, 0.00)
(347.99, 0.00, 0.00)
(347.53, 0.00, 0.00)
(347.53, 0.00, 0.00)
(347.53, 0.00, 0.00)
(347.53, 0.00, 0.00)
(347.40, 0.00, 0.00)
(347.40, 0.00, 0.00)
(347.40, 0.00, 0.00)
(347.40, 0.00, 0.00)
(347.40, 0.00, 0.00)
(347.40, 0.00, 0.00)
(347.40, 0.00, 0.00)
(348.77, 0.00, 0.00)
(348.77, 0.00, 0.00)
(348.77, 0.00, 0.00)
(348.77, 0.00, 0.00)
(348.77, 0.00, 0.00)
(347.02, 0.00, 0.00)
(347.02, 0.00, 0.00)
(347.02, 0.00, 0.00)
(347.02, 0.00, 0.00)
(347.02, 0.00, 0.00)
(347.02, 0.00, 0.00)
(347.03, 0.00, 0.00)
(347.03, 0.00, 0.00)
(347.03, 0.00, 0.00)
(347.61, 0.00, 0.00)
(347.61, 0.00, 0.00)
(347.61, 0.00, 0.00)
(347.61, 0.00, 0.00)
(348.88, 0.00, 0.00)
(348.88, 0.00, 0.00)
(348.88, 0.00, 0.00)
(348.88, 0.00, 0.00)
(348.88, 0.00, 0.00)
(347.66, 0.00, 0.00)
(347.66, 0.00, 0.00)
(346.81, 0.00, 0.00)
(346.81, 0.00, 0.00)
(346.81, 0.00, 0.00)
(346.81, 0.00, 0.00)
(346.81, 0.00, 0.00)
(347.50, 0.00, 0.00)
(347.50, 0.00, 0.00)
(347.50, 0.00, 0.00)
(347.50, 0.00, 0.00)
(347.50, 0.00, 0.00)
(347.50, 0.00, 0.00)
(348.28, 0.00, 0.00)
(348.28, 0.00, 0.00)
(348.82, 0.00, 0.00)
(348.82, 0.00, 0.00)
(348.82, 0.00, 0.00)
(348.82, 0.00, 0.00)
(347.78, 0.00, 0.00)
(347.78, 0.00, 0.00)
(347.78, 0.00, 0.00)
(347.78, 0.00, 0.00)
(347.78, 0.00, 0.00)
(348.18, 0.00, 0.00)
(348.18, 0.00, 0.00)
(350.20, 0.00, 0.00)
(350.20, 0.00, 0.00)
(350.20, 0.00, 0.00)
(350.20, 0.00, 0.00)
(350.20, 0.00, 0.00)
(350.20, 0.00, 0.00)
(350.20, 0.00, 0.00)
(350.20, 0.00, 0.00)
(344.36, 0.00, 0.00)
(344.36, 0.00, 0.00)
(344.36, 0.00, 0.00)
(344.36, 0.00, 0.00)
(344.36, 0.00, 0.00)
(344.36, 0.00, 0.00)
(344.36, 0.00, 0.00)
(347.13, 0.00, 0.00)
(340.82, 0.00, 0.00)
(340.82, 0.00, 0.00)
(340.82, 0.00, 0.00)
(340.82, 0.00, 0.00)
(329.94, 0.00, 0.00)
(329.94, 0.00, 0.00)
(329.94, 0.00, 0.00)
(329.94, 0.00, 0.00)
(329.94, 0.00, 0.00)
(311.46, 0.00, 0.00)
(311.46, 0.00, 0.00)
(299.60, 0.00, 0.00)
(299.60, 0.00, 0.00)
(299.60, 0.00, 0.00)
(299.60, 0.00, 0.00)
(299.60, 0.00, 0.00)
(296.20, 0.00, 0.00)
(296.20, 0.00, 0.00)
(296.20, 0.00, 0.00)
(290.64, 0.00, 0.00)
(290.64, 0.00, 0.00)
(290.64, 0.00, 0.00)
(290.64, 0.00, 0.00)
(289.32, 0.00, 0.00)
(289.32, 0.00, 0.00)
(289.32, 0.00, 0.00)
(289.32, 0.00, 0.00)
(285.55, 0.00, 0.00)
(285.55, 0.00, 0.00)
(285.55, 0.00, 0.00)
(285.55, 0.00, 0.00)
(285.55, 0.00, 0.00)
(285.55, 0.00, 0.00)
(282.37, 0.00, 0.00)
(282.37, 0.00, 0.00)
(282.37, 0.00, 0.00)
(282.37, 0.00, 0.00)
(282.37, 0.00, 0.00)
(278.67, 0.00, 0.00)
(278.67, 0.00, 0.00)
(276.75, 0.00, 0.00)
(276.75, 0.00, 0.00)
(276.75, 0.00, 0.00)
(276.75, 0.00, 0.00)
(276.75, 0.00, 0.00)
(276.75, 0.00, 0.00)
(276.57, 0.00, 0.00)
(277.63, 0.00, 0.00)
(277.63, 0.00, 0.00)
(277.63, 0.00, 0.00)
(277.63, 0.00, 0.00)
(277.63, 0.00, 0.00)
(277.63, 0.00, 0.00)
(277.63, 0.00, 0.00)
(277.53, 0.00, 0.00)
(277.53, 0.00, 0.00)
(277.53, 0.00, 0.00)
(281.05, 0.00, 0.00)
(281.05, 0.00, 0.00)
(281.05, 0.00, 0.00)
(281.57, 0.00, 0.00)
(281.57, 0.00, 0.00)
(281.57, 0.00, 0.00)
(281.57, 0.00, 0.00)
(281.57, 0.00, 0.00)
(281.57, 0.00, 0.00)
(281.57, 0.00, 0.00)
(282.19, 0.00, 0.00)
(282.19, 0.00, 0.00)
(282.19, 0.00, 0.00)
(282.53, 0.00, 0.00)
(282.53, 0.00, 0.00)
(283.91, 0.00, 0.00)
(283.91, 0.00, 0.00)
(283.91, 0.00, 0.00)
(283.91, 0.00, 0.00)
(283.91, 0.00, 0.00)
(283.91, 0.00, 0.00)
(283.91, 0.00, 0.00)
(286.24, 0.00, 0.00)
(286.24, 0.00, 0.00)
(286.24, 0.00, 0.00)
(289.04, 0.00, 0.00)
(289.04, 0.00, 0.00)
(289.04, 0.00, 0.00)
(289.04, 0.00, 0.00)
(289.04, 0.00, 0.00)
(286.04, 0.00, 0.00)
(286.04, 0.00, 0.00)
(288.66, 0.00, 0.00)
(288.66, 0.00, 0.00)
(288.66, 0.00, 0.00)
(290.58, 0.00, 0.00)
(290.58, 0.00, 0.00)
(290.58, 0.00, 0.00)
(290.58, 0.00, 0.00)
(288.45, 0.00, 0.00)
(288.45, 0.00, 0.00)
(288.45, 0.00, 0.00)
(287.20, 0.00, 0.00)
(287.20, 0.00, 0.00)
(287.20, 0.00, 0.00)
(287.20, 0.00, 0.00)
(287.20, 0.00, 0.00)
(291.27, 0.00, 0.00)
(291.27, 0.00, 0.00)
(291.27, 0.00, 0.00)
(291.27, 0.00, 0.00)
(291.27, 0.00, 0.00)
(289.44, 0.00, 0.00)
(289.44, 0.00, 0.00)
(289.44, 0.00, 0.00)
(286.25, 0.00, 0.00)
(286.25, 0.00, 0.00)
(286.25, 0.00, 0.00)
(286.25, 0.00, 0.00)
(285.80, 0.00, 0.00)
(285.80, 0.00, 0.00)
(285.80, 0.00, 0.00)
(285.80, 0.00, 0.00)
(285.80, 0.00, 0.00)
(287.14, 0.00, 0.00)
(287.14, 0.00, 0.00)
(287.14, 0.00, 0.00)
(284.59, 0.00, 0.00)
(284.59, 0.00, 0.00)
(284.59, 0.00, 0.00)
(284.59, 0.00, 0.00)
(284.59, 0.00, 0.00)
(280.99, 0.00, 0.00)
(280.99, 0.00, 0.00)
(280.99, 0.00, 0.00)
(280.99, 0.00, 0.00)
(280.99, 0.00, 0.00)
(279.44, 0.00, 0.00)
(279.44, 0.00, 0.00)
(280.26, 0.00, 0.00)
(280.26, 0.00, 0.00)
(280.26, 0.00, 0.00)
(280.26, 0.00, 0.00)
(280.26, 0.00, 0.00)
(278.02, 0.00, 0.00)
(278.02, 0.00, 0.00)
(278.02, 0.00, 0.00)
(278.02, 0.00, 0.00)
(276.98, 0.00, 0.00)
(276.98, 0.00, 0.00)
(276.98, 0.00, 0.00)
(276.98, 0.00, 0.00)
(276.98, 0.00, 0.00)
(276.98, 0.00, 0.00)
(276.98, 0.00, 0.00)
(276.98, 0.00, 0.00)
(276.98, 0.00, 0.00)
(276.98, 0.00, 0.00)
(276.98, 0.00, 0.00)
(278.79, 0.00, 0.00)
(278.79, 0.00, 0.00)
(287.70, 0.00, 0.00)
(287.70, 0.00, 0.00)
(287.70, 0.00, 0.00)
(287.70, 0.00, 0.00)
(287.70, 0.00, 0.00)
(289.83, 0.00, 0.00)
(289.83, 0.00, 0.00)
(308.44, 0.00, 0.00)
(308.44, 0.00, 0.00)
(308.44, 0.00, 0.00)
(308.44, 0.00, 0.00)
(310.36, 0.00, 0.00)
(310.36, 0.00, 0.00)
(308.64, 0.00, 0.00)
(308.64, 0.00, 0.00)
(308.64, 0.00, 0.00)
(308.64, 0.00, 0.00)
(333.25, 0.00, 0.00)
(333.25, 0.00, 0.00)
(333.25, 0.00, 0.00)
(336.54, 0.00, 0.00)
(336.54, 0.00, 0.00)
(336.54, 0.00, 0.00)
(347.42, 0.00, 0.00)
(347.42, 0.00, 0.00)
(345.50, 0.00, 0.00)
(345.50, 0.00, 0.00)
(345.50, 0.00, 0.00)
(345.50, 0.00, 0.00)
(345.50, 0.00, 0.00)
(346.80, 0.00, 0.00)
(346.80, 0.00, 0.00)
(346.80, 0.00, 0.00)
(346.80, 0.00, 0.00)
(346.80, 0.00, 0.00)
(346.80, 0.00, 0.00)
(346.80, 0.00, 0.00)
(346.80, 0.00, 0.00)
(346.80, 0.00, 0.00)
(346.80, 0.00, 0.00)
(346.80, 0.00, 0.00)
(345.31, 0.00, 0.00)
(345.31, 0.00, 0.00)
(344.38, 0.00, 0.00)
(344.38, 0.00, 0.00)
(344.38, 0.00, 0.00)
(344.38, 0.00, 0.00)
(344.38, 0.00, 0.00)
(351.57, 0.00, 0.00)
(351.57, 0.00, 0.00)
(353.32, 0.00, 0.00)
(353.32, 0.00, 0.00)
(353.32, 0.00, 0.00)
(353.32, 0.00, 0.00)
(353.32, 0.00, 0.00)
(355.03, 0.00, 0.00)
(355.03, 0.00, 0.00)
(355.03, 0.00, 0.00)
(355.03, 0.00, 0.00)
(354.85, 0.00, 0.00)
(354.85, 0.00, 0.00)
(354.85, 0.00, 0.00)
(351.34, 0.00, 0.00)
(351.34, 0.00, 0.00)
(351.34, 0.00, 0.00)
(351.34, 0.00, 0.00)
(351.34, 0.00, 0.00)
(351.34, 0.00, 0.00)
(351.34, 0.00, 0.00)
(351.34, 0.00, 0.00)
(354.40, 0.00, 0.00)
(354.40, 0.00, 0.00)
(354.40, 0.00, 0.00)
(354.40, 0.00, 0.00)
(355.61, 0.00, 0.00)
(355.61, 0.00, 0.00)
(355.61, 0.00, 0.00)
(355.61, 0.00, 0.00)
(356.86, 0.00, 0.00)
(356.86, 0.00, 0.00)
(356.86, 0.00, 0.00)
(348.26, 0.00, 0.00)
(348.26, 0.00, 0.00)
(348.26, 0.00, 0.00)
(348.26, 0.00, 0.00)
(348.26, 0.00, 0.00)
(335.52, 0.00, 0.00)
(335.52, 0.00, 0.00)
(335.52, 0.00, 0.00)
(335.52, 0.00, 0.00)
(326.20, 0.00, 0.00)
(326.20, 0.00, 0.00)
(326.20, 0.00, 0.00)
(326.20, 0.00, 0.00)
(326.20, 0.00, 0.00)
(323.35, 0.00, 0.00)
(323.35, 0.00, 0.00)
(316.45, 0.00, 0.00)
(316.45, 0.00, 0.00)
(316.45, 0.00, 0.00)
(316.45, 0.00, 0.00)
(316.45, 0.00, 0.00)
(309.09, 0.00, 0.00)
(309.09, 0.00, 0.00)
(309.09, 0.00, 0.00)
(309.09, 0.00, 0.00)
(309.09, 0.00, 0.00)
(306.41, 0.00, 0.00)
(306.41, 0.00, 0.00)
(306.41, 0.00, 0.00)
(306.41, 0.00, 0.00)
(306.41, 0.00, 0.00)
(301.65, 0.00, 0.00)
(301.65, 0.00, 0.00)
(301.65, 0.00, 0.00)
(296.75, 0.00, 0.00)
(296.75, 0.00, 0.00)
(296.75, 0.00, 0.00)
(296.75, 0.00, 0.00)
(292.81, 0.00, 0.00)
(292.81, 0.00, 0.00)
(292.81, 0.00, 0.00)
(292.81, 0.00, 0.00)
(292.81, 0.00, 0.00)
(285.68, 0.00, 0.00)
(285.68, 0.00, 0.00)
(282.21, 0.00, 0.00)
(282.21, 0.00, 0.00)
(282.21, 0.00, 0.00)
(282.21, 0.00, 0.00)
(282.21, 0.00, 0.00)
(277.78, 0.00, 0.00)
(277.78, 0.00, 0.00)
(277.78, 0.00, 0.00)
(277.78, 0.00, 0.00)
(277.78, 0.00, 0.00)
(278.51, 0.00, 0.00)
(278.51, 0.00, 0.00)
(278.51, 0.00, 0.00)
(276.28, 0.00, 0.00)
(276.28, 0.00, 0.00)
(276.28, 0.00, 0.00)
(276.28, 0.00, 0.00)
(276.28, 0.00, 0.00)
(274.25, 0.00, 0.00)
(274.25, 0.00, 0.00)
(274.25, 0.00, 0.00)
(274.25, 0.00, 0.00)
(274.94, 0.00, 0.00)
(274.94, 0.00, 0.00)
(274.94, 0.00, 0.00)
(274.94, 0.00, 0.00)
(274.53, 0.00, 0.00)
(274.53, 0.00, 0.00)
(274.53, 0.00, 0.00)
(274.53, 0.00, 0.00)
(274.53, 0.00, 0.00)
(271.13, 0.00, 0.00)
(271.13, 0.00, 0.00)
(271.13, 0.00, 0.00)
(272.83, 0.00, 0.00)
(272.83, 0.00, 0.00)
(272.83, 0.00, 0.00)
(272.83, 0.00, 0.00)
(272.83, 0.00, 0.00)
(272.47, 0.00, 0.00)
(272.47, 0.00, 0.00)
(272.18, 0.00, 0.00)
(272.18, 0.00, 0.00)
(272.18, 0.00, 0.00)
(272.18, 0.00, 0.00)
(272.13, 0.00, 0.00)
(272.13, 0.00, 0.00)
(272.13, 0.00, 0.00)
(272.13, 0.00, 0.00)
(272.13, 0.00, 0.00)
(271.88, 0.00, 0.00)
(271.88, 0.00, 0.00)
(271.88, 0.00, 0.00)
(272.22, 0.00, 0.00)
(272.22, 0.00, 0.00)
(272.22, 0.00, 0.00)
(272.22, 0.00, 0.00)
(272.22, 0.00, 0.00)
(272.22, 0.00, 0.00)
(272.22, 0.00, 0.00)
(272.22, 0.00, 0.00)
(272.22, 0.00, 0.00)
(272.52, 0.00, 0.00)
(272.52, 0.00, 0.00)
(272.52, 0.00, 0.00)
(272.52, 0.00, 0.00)
(272.52, 0.00, 0.00)
(272.52, 0.00, 0.00)
(272.52, 0.00, 0.00)
(272.44, 0.00, 0.00)
(272.44, 0.00, 0.00)
(272.44, 0.00, 0.00)
(272.44, 0.00, 0.00)
(272.44, 0.00, 0.00)
(272.70, 0.00, 0.00)
(272.70, 0.00, 0.00)
(272.70, 0.00, 0.00)
(272.70, 0.00, 0.00)
(272.55, 0.00, 0.00)
(272.55, 0.00, 0.00)
(272.55, 0.00, 0.00)
(272.55, 0.00, 0.00)
(272.55, 0.00, 0.00)
(272.61, 0.00, 0.00)
(272.61, 0.00, 0.00)
(272.61, 0.00, 0.00)
(272.64, 0.00, 0.00)
(272.64, 0.00, 0.00)
(272.64, 0.00, 0.00)
(272.64, 0.00, 0.00)
(272.70, 0.00, 0.00)
(272.81, 0.00, 0.00)
(272.81, 0.00, 0.00)
(272.81, 0.00, 0.00)
(272.86, 0.00, 0.00)
(272.86, 0.00, 0.00)
(272.86, 0.00, 0.00)
(272.86, 0.00, 0.00)
(272.80, 0.00, 0.00)
(272.80, 0.00, 0.00)
(272.80, 0.00, 0.00)
(272.80, 0.00, 0.00)
(272.80, 0.00, 0.00)
(272.80, 0.00, 0.00)
(273.16, 0.00, 0.00)
(273.16, 0.00, 0.00)
(273.16, 0.00, 0.00)
(273.16, 0.00, 0.00)
(273.16, 0.00, 0.00)
(273.28, 0.00, 0.00)
(273.28, 0.00, 0.00)
(273.25, 0.00, 0.00)
(273.25, 0.00, 0.00)
(273.25, 0.00, 0.00)
(273.25, 0.00, 0.00)
(272.78, 0.00, 0.00)
(272.78, 0.00, 0.00)
(272.78, 0.00, 0.00)
(272.78, 0.00, 0.00)
(272.78, 0.00, 0.00)
(272.82, 0.00, 0.00)
(272.82, 0.00, 0.00)
(272.82, 0.00, 0.00)
(273.04, 0.00, 0.00)
(273.04, 0.00, 0.00)
(273.04, 0.00, 0.00)
(273.04, 0.00, 0.00)
(273.04, 0.00, 0.00)
(273.21, 0.00, 0.00)
(273.21, 0.00, 0.00)
(273.21, 0.00, 0.00)
(273.21, 0.00, 0.00)
(273.21, 0.00, 0.00)
(272.95, 0.00, 0.00)
(272.95, 0.00, 0.00)
(272.95, 0.00, 0.00)
(273.00, 0.00, 0.00)
(273.00, 0.00, 0.00)
(273.00, 0.00, 0.00)
(273.00, 0.00, 0.00)
(273.29, 0.00, 0.00)
(273.29, 0.00, 0.00)
(273.29, 0.00, 0.00)
(273.29, 0.00, 0.00)
(273.48, 0.00, 0.00)
(273.48, 0.00, 0.00)
(273.48, 0.00, 0.00)
(273.48, 0.00, 0.00)
(273.48, 0.00, 0.00)
(273.47, 0.00, 0.00)
(273.47, 0.00, 0.00)
(273.45, 0.00, 0.00)
(273.45, 0.00, 0.00)
(273.45, 0.00, 0.00)
(273.45, 0.00, 0.00)
(273.59, 0.00, 0.00)
(273.59, 0.00, 0.00)
(273.59, 0.00, 0.00)
(273.51, 0.00, 0.00)
(273.51, 0.00, 0.00)
(273.51, 0.00, 0.00)
(273.51, 0.00, 0.00)
(273.67, 0.00, 0.00)
(273.67, 0.00, 0.00)
(273.67, 0.00, 0.00)
(273.53, 0.00, 0.00)
(273.53, 0.00, 0.00)
(273.53, 0.00, 0.00)
(273.53, 0.00, 0.00)
(273.53, 0.00, 0.00)
(273.53, 0.00, 0.00)
(273.53, 0.00, 0.00)
(273.55, 0.00, 0.00)
(273.55, 0.00, 0.00)
(273.98, 0.00, 0.00)
(273.98, 0.00, 0.00)
(273.98, 0.00, 0.00)
(273.98, 0.00, 0.00)
(273.98, 0.00, 0.00)
(273.98, 0.00, 0.00)
(273.90, 0.00, 0.00)
(273.90, 0.00, 0.00)
(273.90, 0.00, 0.00)
(273.90, 0.00, 0.00)
(273.90, 0.00, 0.00)
(273.78, 0.00, 0.00)
(273.78, 0.00, 0.00)
(273.92, 0.00, 0.00)
(273.92, 0.00, 0.00)
(273.92, 0.00, 0.00)
(273.92, 0.00, 0.00)
(273.92, 0.00, 0.00)
(274.04, 0.00, 0.00)
(274.04, 0.00, 0.00)
(273.80, 0.00, 0.00)
(273.80, 0.00, 0.00)
(273.80, 0.00, 0.00)
(273.80, 0.00, 0.00)
(273.80, 0.00, 0.00)
(273.89, 0.00, 0.00)
(273.89, 0.00, 0.00)
(273.89, 0.00, 0.00)
(273.89, 0.00, 0.00)
(273.89, 0.00, 0.00)
(273.89, 0.00, 0.00)
(273.97, 0.00, 0.00)
(273.97, 0.00, 0.00)
(273.82, 0.00, 0.00)
(273.82, 0.00, 0.00)
(273.82, 0.00, 0.00)
(273.82, 0.00, 0.00)
(273.82, 0.00, 0.00)
(273.94, 0.00, 0.00)
(273.94, 0.00, 0.00)
(273.94, 0.00, 0.00)
(273.94, 0.00, 0.00)
(273.95, 0.00, 0.00)
(273.95, 0.00, 0.00)
(273.95, 0.00, 0.00)
(273.74, 0.00, 0.00)
(273.74, 0.00, 0.00)
(273.74, 0.00, 0.00)
(273.74, 0.00, 0.00)
(273.74, 0.00, 0.00)
(274.12, 0.00, 0.00)
(274.12, 0.00, 0.00)
(274.12, 0.00, 0.00)
(274.12, 0.00, 0.00)
(274.12, 0.00, 0.00)
(274.07, 0.00, 0.00)
(274.07, 0.00, 0.00)
(274.07, 0.00, 0.00)
(274.07, 0.00, 0.00)
(274.07, 0.00, 0.00)
(274.07, 0.00, 0.00)
(273.98, 0.00, 0.00)
(273.75, 0.00, 0.00)
(273.75, 0.00, 0.00)
(273.75, 0.00, 0.00)
(273.75, 0.00, 0.00)
(273.75, 0.00, 0.00)
(274.12, 0.00, 0.00)
(274.12, 0.00, 0.00)
(274.12, 0.00, 0.00)
(274.12, 0.00, 0.00)
(274.12, 0.00, 0.00)
(274.21, 0.00, 0.00)
(274.21, 0.00, 0.00)
(274.21, 0.00, 0.00)
(274.21, 0.00, 0.00)
(274.21, 0.00, 0.00)
(274.21, 0.00, 0.00)
(273.84, 0.00, 0.00)
(273.84, 0.00, 0.00)
(273.81, 0.00, 0.00)
(273.81, 0.00, 0.00)
(273.81, 0.00, 0.00)
(273.81, 0.00, 0.00)
(273.81, 0.00, 0.00)
(273.81, 0.00, 0.00)
(274.28, 0.00, 0.00)
(274.49, 0.00, 0.00)
(274.49, 0.00, 0.00)
(274.49, 0.00, 0.00)
(274.49, 0.00, 0.00)
(274.49, 0.00, 0.00)
(273.92, 0.00, 0.00)
(273.92, 0.00, 0.00)
(273.92, 0.00, 0.00)
(273.92, 0.00, 0.00)
(273.92, 0.00, 0.00)
(273.92, 0.00, 0.00)
(273.93, 0.00, 0.00)
(273.93, 0.00, 0.00)
(273.93, 0.00, 0.00)
(273.93, 0.00, 0.00)
(273.93, 0.00, 0.00)
(274.07, 0.00, 0.00)
(274.07, 0.00, 0.00)
(274.07, 0.00, 0.00)
(273.95, 0.00, 0.00)
(273.95, 0.00, 0.00)
(273.95, 0.00, 0.00)
(273.95, 0.00, 0.00)
(273.95, 0.00, 0.00)
(273.81, 0.00, 0.00)
(273.81, 0.00, 0.00)
(273.81, 0.00, 0.00)
(273.81, 0.00, 0.00)
(273.81, 0.00, 0.00)
(274.25, 0.00, 0.00)
(274.25, 0.00, 0.00)
(274.25, 0.00, 0.00)
(274.25, 0.00, 0.00)
(274.25, 0.00, 0.00)
(275.36, 0.00, 0.00)
(275.36, 0.00, 0.00)
(275.36, 0.00, 0.00)
(273.73, 0.00, 0.00)
(273.73, 0.00, 0.00)
(273.73, 0.00, 0.00)
(273.73, 0.00, 0.00)
(273.73, 0.00, 0.00)
(273.11, 0.00, 0.00)
(273.11, 0.00, 0.00)
(273.11, 0.00, 0.00)
(273.11, 0.00, 0.00)
(273.11, 0.00, 0.00)
(273.11, 0.00, 0.00)
(273.11, 0.00, 0.00)
(271.92, 0.00, 0.00)
(271.92, 0.00, 0.00)
(271.92, 0.00, 0.00)
(271.92, 0.00, 0.00)
(271.92, 0.00, 0.00)
(272.99, 0.00, 0.00)
(272.99, 0.00, 0.00)
(272.29, 0.00, 0.00)
(272.29, 0.00, 0.00)
(272.29, 0.00, 0.00)
(272.29, 0.00, 0.00)
(272.29, 0.00, 0.00)
(272.29, 0.00, 0.00)
(272.29, 0.00, 0.00)
(272.04, 0.00, 0.00)
(272.04, 0.00, 0.00)
(272.04, 0.00, 0.00)
(272.10, 0.00, 0.00)
(272.10, 0.00, 0.00)
(272.10, 0.00, 0.00)
(272.10, 0.00, 0.00)
(272.10, 0.00, 0.00)
(271.12, 0.00, 0.00)
(271.12, 0.00, 0.00)
(271.12, 0.00, 0.00)
(271.83, 0.00, 0.00)
(271.83, 0.00, 0.00)
(271.83, 0.00, 0.00)
(271.83, 0.00, 0.00)
(271.18, 0.00, 0.00)
(271.18, 0.00, 0.00)
(271.18, 0.00, 0.00)
(271.18, 0.00, 0.00)
(271.18, 0.00, 0.00)
(270.89, 0.00, 0.00)
(270.89, 0.00, 0.00)
(270.89, 0.00, 0.00)
(271.13, 0.00, 0.00)
(271.13, 0.00, 0.00)
(271.13, 0.00, 0.00)
(271.13, 0.00, 0.00)
(271.13, 0.00, 0.00)
(270.99, 0.00, 0.00)
(270.99, 0.00, 0.00)
(270.99, 0.00, 0.00)
(270.99, 0.00, 0.00)
(270.99, 0.00, 0.00)
(271.55, 0.00, 0.00)
(271.55, 0.00, 0.00)
(271.55, 0.00, 0.00)
(271.86, 0.00, 0.00)
(271.86, 0.00, 0.00)
(271.86, 0.00, 0.00)
(271.86, 0.00, 0.00)
(273.01, 0.00, 0.00)
(273.01, 0.00, 0.00)
(273.01, 0.00, 0.00)
(273.01, 0.00, 0.00)
(273.01, 0.00, 0.00)
(272.04, 0.00, 0.00)
(272.04, 0.00, 0.00)
(272.02, 0.00, 0.00)
(272.02, 0.00, 0.00)
(272.02, 0.00, 0.00)
(272.02, 0.00, 0.00)
(272.02, 0.00, 0.00)
(272.99, 0.00, 0.00)
(272.99, 0.00, 0.00)
(272.99, 0.00, 0.00)
(272.99, 0.00, 0.00)
(272.99, 0.00, 0.00)
(273.25, 0.00, 0.00)
(273.25, 0.00, 0.00)
(273.25, 0.00, 0.00)
(272.32, 0.00, 0.00)
(272.32, 0.00, 0.00)
(272.32, 0.00, 0.00)
(272.32, 0.00, 0.00)
(272.73, 0.00, 0.00)
(272.73, 0.00, 0.00)
(272.73, 0.00, 0.00)
(272.73, 0.00, 0.00)
(272.73, 0.00, 0.00)
(272.73, 0.00, 0.00)
(272.73, 0.00, 0.00)
(272.73, 0.00, 0.00)
(272.85, 0.00, 0.00)
(272.85, 0.00, 0.00)
(272.85, 0.00, 0.00)
(272.85, 0.00, 0.00)
(272.85, 0.00, 0.00)
(272.85, 0.00, 0.00)
(272.89, 0.00, 0.00)
(272.89, 0.00, 0.00)
(272.89, 0.00, 0.00)
(272.89, 0.00, 0.00)
(272.89, 0.00, 0.00)
(272.92, 0.00, 0.00)
(272.92, 0.00, 0.00)
(272.92, 0.00, 0.00)
(272.92, 0.00, 0.00)
(273.17, 0.00, 0.00)
(273.17, 0.00, 0.00)
(273.17, 0.00, 0.00)
(273.07, 0.00, 0.00)
(273.07, 0.00, 0.00)
(273.07, 0.00, 0.00)
(273.07, 0.00, 0.00)
(271.77, 0.00, 0.00)
(271.77, 0.00, 0.00)
(271.77, 0.00, 0.00)
(271.67, 0.00, 0.00)
(271.67, 0.00, 0.00)
(271.67, 0.00, 0.00)
(271.67, 0.00, 0.00)
(271.67, 0.00, 0.00)
(271.96, 0.00, 0.00)
(271.96, 0.00, 0.00)
(271.96, 0.00, 0.00)
(271.96, 0.00, 0.00)
(271.96, 0.00, 0.00)
(272.49, 0.00, 0.00)
(272.49, 0.00, 0.00)
(272.49, 0.00, 0.00)
(272.49, 0.00, 0.00)
(272.49, 0.00, 0.00)
(271.56, 0.00, 0.00)
(271.56, 0.00, 0.00)
(271.56, 0.00, 0.00)
(273.31, 0.00, 0.00)
(273.31, 0.00, 0.00)
(273.31, 0.00, 0.00)
(274.52, 0.00, 0.00)
(274.52, 0.00, 0.00)
(274.52, 0.00, 0.00)
(274.52, 0.00, 0.00)
(274.52, 0.00, 0.00)
(286.51, 0.00, 0.00)
(286.51, 0.00, 0.00)
(286.51, 0.00, 0.00)
(285.01, 0.00, 0.00)
(285.01, 0.00, 0.00)
(285.01, 0.00, 0.00)
(285.01, 0.00, 0.00)
(285.01, 0.00, 0.00)
(274.81, 0.00, 0.00)
(274.81, 0.00, 0.00)
(274.81, 0.00, 0.00)
(274.81, 0.00, 0.00)
(274.81, 0.00, 0.00)
(283.73, 0.00, 0.00)
(283.73, 0.00, 0.00)
(283.73, 0.00, 0.00)
(292.01, 0.00, 0.00)
(292.01, 0.00, 0.00)
(292.01, 0.00, 0.00)
(292.01, 0.00, 0.00)
(292.01, 0.00, 0.00)
(292.01, 0.00, 0.00)
(292.01, 0.00, 0.00)
(291.44, 0.00, 0.00)
(291.44, 0.00, 0.00)
(296.35, 0.00, 0.00)
(296.35, 0.00, 0.00)
(296.35, 0.00, 0.00)
(296.35, 0.00, 0.00)
(296.35, 0.00, 0.00)
(296.35, 0.00, 0.00)
(301.74, 0.00, 0.00)
(301.74, 0.00, 0.00)
(301.74, 0.00, 0.00)
(306.51, 0.00, 0.00)
(306.51, 0.00, 0.00)
(306.51, 0.00, 0.00)
(306.51, 0.00, 0.00)
(306.51, 0.00, 0.00)
(308.26, 0.00, 0.00)
(308.26, 0.00, 0.00)
(308.26, 0.00, 0.00)
(308.26, 0.00, 0.00)
(308.26, 0.00, 0.00)
(308.26, 0.00, 0.00)
(308.26, 0.00, 0.00)
(308.26, 0.00, 0.00)
(308.26, 0.00, 0.00)
(308.26, 0.00, 0.00)
(308.26, 0.00, 0.00)
(308.26, 0.00, 0.00)
(331.17, 0.00, 0.00)
(331.17, 0.00, 0.00)
(331.17, 0.00, 0.00)
(331.17, 0.00, 0.00)
(331.17, 0.00, 0.00)
(336.72, 0.00, 0.00)
(336.72, 0.00, 0.00)
(336.72, 0.00, 0.00)
(336.72, 0.00, 0.00)
(336.72, 0.00, 0.00)
(347.31, 0.00, 0.00)
(347.31, 0.00, 0.00)
(347.31, 0.00, 0.00)
(345.58, 0.00, 0.00)
(345.58, 0.00, 0.00)
(345.58, 0.00, 0.00)
(345.58, 0.00, 0.00)
(345.58, 0.00, 0.00)
(347.18, 0.00, 0.00)
(347.18, 0.00, 0.00)
(347.83, 0.00, 0.00)
(347.83, 0.00, 0.00)
(347.83, 0.00, 0.00)
(347.83, 0.00, 0.00)
(347.83, 0.00, 0.00)
(345.05, 0.00, 0.00)
(345.05, 0.00, 0.00)
(345.05, 0.00, 0.00)
(345.05, 0.00, 0.00)
(345.05, 0.00, 0.00)
(345.05, 0.00, 0.00)
(346.82, 0.00, 0.00)
(346.82, 0.00, 0.00)
(349.35, 0.00, 0.00)
(349.35, 0.00, 0.00)
(349.35, 0.00, 0.00)
(349.35, 0.00, 0.00)
(349.35, 0.00, 0.00)
(349.35, 0.00, 0.00)
(349.35, 0.00, 0.00)
(349.35, 0.00, 0.00)
(349.35, 0.00, 0.00)
(355.98, 0.00, 0.00)
(355.98, 0.00, 0.00)
(357.04, 0.00, 0.00)
(357.04, 0.00, 0.00)
(351.65, 0.00, 0.00)
(351.65, 0.00, 0.00)
(351.65, 0.00, 0.00)
(351.65, 0.00, 0.00)
(355.32, 0.00, 0.00)
(355.32, 0.00, 0.00)
(355.32, 0.00, 0.00)
(355.32, 0.00, 0.00)
(355.32, 0.00, 0.00)
(355.32, 0.00, 0.00)
(3.00, 0.00, 0.00)
(3.00, 0.00, 0.00)
(3.00, 0.00, 0.00)
(1.00, 0.00, 0.00)
(1.00, 0.00, 0.00)
(1.00, 0.00, 0.00)
(1.00, 0.00, 0.00)
(1.00, 0.00, 0.00)
(1.00, 0.00, 0.00)
(1.00, 0.00, 0.00)
(1.00, 0.00, 0.00)
(341.59, 0.00, 0.00)
(341.59, 0.00, 0.00)
(341.59, 0.00, 0.00)
(321.74, 0.00, 0.00)
(311.44, 0.00, 0.00)
(311.44, 0.00, 0.00)
(311.44, 0.00, 0.00)
(311.44, 0.00, 0.00)
(311.44, 0.00, 0.00)
(307.22, 0.00, 0.00)
(307.22, 0.00, 0.00)
(307.22, 0.00, 0.00)
(307.22, 0.00, 0.00)
(307.22, 0.00, 0.00)
(300.71, 0.00, 0.00)
(300.71, 0.00, 0.00)
(300.71, 0.00, 0.00)
(300.71, 0.00, 0.00)
(300.71, 0.00, 0.00)
(294.21, 0.00, 0.00)
(294.21, 0.00, 0.00)
(290.82, 0.00, 0.00)
(290.82, 0.00, 0.00)
(290.82, 0.00, 0.00)
(290.82, 0.00, 0.00)
(290.82, 0.00, 0.00)
(290.82, 0.00, 0.00)
(290.82, 0.00, 0.00)
(290.23, 0.00, 0.00)
(290.23, 0.00, 0.00)
(290.23, 0.00, 0.00)
(290.23, 0.00, 0.00)
(290.23, 0.00, 0.00)
(290.23, 0.00, 0.00)
(290.23, 0.00, 0.00)
(290.23, 0.00, 0.00)
(281.15, 0.00, 0.00)
(281.15, 0.00, 0.00)
(275.50, 0.00, 0.00)
(275.50, 0.00, 0.00)
(275.50, 0.00, 0.00)
(275.50, 0.00, 0.00)
(275.50, 0.00, 0.00)
(275.50, 0.00, 0.00)
(275.94, 0.00, 0.00)
(275.94, 0.00, 0.00)
(275.74, 0.00, 0.00)
(275.74, 0.00, 0.00)
(275.74, 0.00, 0.00)
(275.74, 0.00, 0.00)
(275.74, 0.00, 0.00)
(275.74, 0.00, 0.00)
(275.74, 0.00, 0.00)
(272.77, 0.00, 0.00)
(272.77, 0.00, 0.00)
(272.77, 0.00, 0.00)
(272.77, 0.00, 0.00)
(272.77, 0.00, 0.00)
(270.60, 0.00, 0.00)
(270.60, 0.00, 0.00)
(270.60, 0.00, 0.00)
(270.60, 0.00, 0.00)
(270.60, 0.00, 0.00)
(271.72, 0.00, 0.00)
(271.72, 0.00, 0.00)
(271.77, 0.00, 0.00)
(271.77, 0.00, 0.00)
(271.77, 0.00, 0.00)
(271.77, 0.00, 0.00)
(271.77, 0.00, 0.00)
(271.77, 0.00, 0.00)
(271.77, 0.00, 0.00)
(271.77, 0.00, 0.00)
(272.98, 0.00, 0.00)
(272.98, 0.00, 0.00)
(272.98, 0.00, 0.00)
(272.98, 0.00, 0.00)
(274.77, 0.00, 0.00)
(274.77, 0.00, 0.00)
(274.77, 0.00, 0.00)
(274.77, 0.00, 0.00)
(276.12, 0.00, 0.00)
(276.12, 0.00, 0.00)
(276.12, 0.00, 0.00)
(276.12, 0.00, 0.00)
(276.03, 0.00, 0.00)
(276.03, 0.00, 0.00)
(276.03, 0.00, 0.00)
(276.03, 0.00, 0.00)
(276.03, 0.00, 0.00)
(276.03, 0.00, 0.00)
(275.94, 0.00, 0.00)
(275.94, 0.00, 0.00)
(275.94, 0.00, 0.00)
(275.94, 0.00, 0.00)
(275.94, 0.00, 0.00)
(275.78, 0.00, 0.00)
(275.78, 0.00, 0.00)
(276.14, 0.00, 0.00)
(276.14, 0.00, 0.00)
(276.14, 0.00, 0.00)
(276.14, 0.00, 0.00)
(276.62, 0.00, 0.00)
(276.62, 0.00, 0.00)
(276.62, 0.00, 0.00)
(276.62, 0.00, 0.00)
(276.01, 0.00, 0.00)
(276.01, 0.00, 0.00)
(276.01, 0.00, 0.00)
(276.23, 0.00, 0.00)
(276.23, 0.00, 0.00)
(276.23, 0.00, 0.00)
(276.23, 0.00, 0.00)
(276.23, 0.00, 0.00)
(276.55, 0.00, 0.00)
(276.55, 0.00, 0.00)
(276.55, 0.00, 0.00)
(276.55, 0.00, 0.00)
(276.55, 0.00, 0.00)
(276.34, 0.00, 0.00)
(276.34, 0.00, 0.00)
(276.34, 0.00, 0.00)
(276.34, 0.00, 0.00)
(276.34, 0.00, 0.00)
(276.66, 0.00, 0.00)
(276.66, 0.00, 0.00)
(276.76, 0.00, 0.00)
(276.76, 0.00, 0.00)
(276.92, 0.00, 0.00)
(276.92, 0.00, 0.00)
(276.92, 0.00, 0.00)
(276.92, 0.00, 0.00)
(276.92, 0.00, 0.00)
(276.82, 0.00, 0.00)
(276.82, 0.00, 0.00)
(276.82, 0.00, 0.00)
(276.82, 0.00, 0.00)
(276.82, 0.00, 0.00)
(276.63, 0.00, 0.00)
(276.63, 0.00, 0.00)
(276.63, 0.00, 0.00)
(276.63, 0.00, 0.00)
(276.63, 0.00, 0.00)
(275.97, 0.00, 0.00)
(275.97, 0.00, 0.00)
(275.97, 0.00, 0.00)
(275.97, 0.00, 0.00)
(275.97, 0.00, 0.00)
(275.68, 0.00, 0.00)
(275.68, 0.00, 0.00)
(274.63, 0.00, 0.00)
(274.63, 0.00, 0.00)
(274.63, 0.00, 0.00)
(274.63, 0.00, 0.00)
(274.63, 0.00, 0.00)
(273.48, 0.00, 0.00)
(273.48, 0.00, 0.00)
(273.48, 0.00, 0.00)
(273.48, 0.00, 0.00)
(273.48, 0.00, 0.00)
(271.11, 0.00, 0.00)
(271.11, 0.00, 0.00)
(271.11, 0.00, 0.00)
(271.11, 0.00, 0.00)
(271.11, 0.00, 0.00)
(271.11, 0.00, 0.00)
(271.11, 0.00, 0.00)
(271.11, 0.00, 0.00)
(271.11, 0.00, 0.00)
(271.11, 0.00, 0.00)
(271.11, 0.00, 0.00)
(271.11, 0.00, 0.00)
(271.11, 0.00, 0.00)
(283.15, 0.00, 0.00)
(283.15, 0.00, 0.00)
(292.08, 0.00, 0.00)
(292.08, 0.00, 0.00)
(292.08, 0.00, 0.00)
(292.08, 0.00, 0.00)
(292.08, 0.00, 0.00)
(291.58, 0.00, 0.00)
(291.58, 0.00, 0.00)
(291.58, 0.00, 0.00)
(291.58, 0.00, 0.00)
(291.58, 0.00, 0.00)
(289.76, 0.00, 0.00)
(289.76, 0.00, 0.00)
(291.56, 0.00, 0.00)
(291.56, 0.00, 0.00)
(291.56, 0.00, 0.00)
(291.56, 0.00, 0.00)
(291.56, 0.00, 0.00)
(291.56, 0.00, 0.00)
(313.51, 0.00, 0.00)
(313.51, 0.00, 0.00)
(313.51, 0.00, 0.00)
(313.51, 0.00, 0.00)
(313.51, 0.00, 0.00)
(313.51, 0.00, 0.00)
(313.51, 0.00, 0.00)
(313.51, 0.00, 0.00)
(313.51, 0.00, 0.00)
(349.57, 0.00, 0.00)
(349.57, 0.00, 0.00)
(333.11, 0.00, 0.00)
(333.11, 0.00, 0.00)
(333.11, 0.00, 0.00)
(333.11, 0.00, 0.00)
(333.11, 0.00, 0.00)
(333.11, 0.00, 0.00)
(326.79, 0.00, 0.00)
(326.79, 0.00, 0.00)
(339.08, 0.00, 0.00)
(339.08, 0.00, 0.00)
(339.08, 0.00, 0.00)
(339.08, 0.00, 0.00)
(339.08, 0.00, 0.00)
(339.08, 0.00, 0.00)
(342.94, 0.00, 0.00)
(342.94, 0.00, 0.00)
(342.94, 0.00, 0.00)
(342.94, 0.00, 0.00)
(346.68, 0.00, 0.00)
(346.68, 0.00, 0.00)
(344.33, 0.00, 0.00)
(344.33, 0.00, 0.00)
(344.33, 0.00, 0.00)
(344.33, 0.00, 0.00)
(344.33, 0.00, 0.00)
(347.27, 0.00, 0.00)
(347.27, 0.00, 0.00)
(347.27, 0.00, 0.00)
(347.27, 0.00, 0.00)
(347.27, 0.00, 0.00)
(347.27, 0.00, 0.00)
(347.27, 0.00, 0.00)
(347.27, 0.00, 0.00)
(347.27, 0.00, 0.00)
(347.27, 0.00, 0.00)
(347.27, 0.00, 0.00)
(347.27, 0.00, 0.00)
(347.27, 0.00, 0.00)
(347.27, 0.00, 0.00)
(347.27, 0.00, 0.00)
(347.27, 0.00, 0.00)
(352.89, 0.00, 0.00)
(352.89, 0.00, 0.00)
(353.11, 0.00, 0.00)
(353.11, 0.00, 0.00)
(353.11, 0.00, 0.00)
(353.29, 0.00, 0.00)
(353.29, 0.00, 0.00)
(353.29, 0.00, 0.00)
(353.29, 0.00, 0.00)
(354.95, 0.00, 0.00)
(354.95, 0.00, 0.00)
(354.95, 0.00, 0.00)
(354.95, 0.00, 0.00)
(354.95, 0.00, 0.00)
(353.92, 0.00, 0.00)
(353.92, 0.00, 0.00)
(348.65, 0.00, 0.00)
(348.65, 0.00, 0.00)
(348.65, 0.00, 0.00)
(336.90, 0.00, 0.00)
(336.90, 0.00, 0.00)
(336.90, 0.00, 0.00)
(328.67, 0.00, 0.00)
(328.67, 0.00, 0.00)
(328.67, 0.00, 0.00)
(328.67, 0.00, 0.00)
(318.34, 0.00, 0.00)
(318.34, 0.00, 0.00)
(312.74, 0.00, 0.00)
(312.74, 0.00, 0.00)
(312.74, 0.00, 0.00)
(312.74, 0.00, 0.00)
(312.74, 0.00, 0.00)
(311.46, 0.00, 0.00)
(311.46, 0.00, 0.00)
(311.46, 0.00, 0.00)
(311.46, 0.00, 0.00)
(311.46, 0.00, 0.00)
(309.09, 0.00, 0.00)
(309.09, 0.00, 0.00)
(309.09, 0.00, 0.00)
(306.46, 0.00, 0.00)
(306.46, 0.00, 0.00)
(306.46, 0.00, 0.00)
(306.46, 0.00, 0.00)
(306.46, 0.00, 0.00)
(303.78, 0.00, 0.00)
(303.78, 0.00, 0.00)
(303.78, 0.00, 0.00)
(303.78, 0.00, 0.00)
(303.78, 0.00, 0.00)
(299.13, 0.00, 0.00)
(299.13, 0.00, 0.00)
(299.13, 0.00, 0.00)
(299.13, 0.00, 0.00)
(294.85, 0.00, 0.00)
(294.85, 0.00, 0.00)
(294.85, 0.00, 0.00)
(293.86, 0.00, 0.00)
(293.86, 0.00, 0.00)
(293.86, 0.00, 0.00)
(293.86, 0.00, 0.00)
(292.06, 0.00, 0.00)
(292.06, 0.00, 0.00)
(292.06, 0.00, 0.00)
(292.06, 0.00, 0.00)
(292.06, 0.00, 0.00)
(292.06, 0.00, 0.00)
(288.90, 0.00, 0.00)
(288.90, 0.00, 0.00)
(288.90, 0.00, 0.00)
(285.28, 0.00, 0.00)
(285.28, 0.00, 0.00)
(285.28, 0.00, 0.00)
(285.28, 0.00, 0.00)
(283.59, 0.00, 0.00)
(283.59, 0.00, 0.00)
(283.59, 0.00, 0.00)
(283.59, 0.00, 0.00)
(283.59, 0.00, 0.00)
(280.07, 0.00, 0.00)
(280.07, 0.00, 0.00)
(278.83, 0.00, 0.00)
(278.83, 0.00, 0.00)
(278.83, 0.00, 0.00)
(278.83, 0.00, 0.00)
(277.29, 0.00, 0.00)
(277.29, 0.00, 0.00)
(277.29, 0.00, 0.00)
(277.29, 0.00, 0.00)
(277.29, 0.00, 0.00)
(276.24, 0.00, 0.00)
(276.24, 0.00, 0.00)
(276.24, 0.00, 0.00)
(273.80, 0.00, 0.00)
(273.80, 0.00, 0.00)
(273.80, 0.00, 0.00)
(273.80, 0.00, 0.00)
(272.28, 0.00, 0.00)
(272.28, 0.00, 0.00)
(272.28, 0.00, 0.00)
(272.28, 0.00, 0.00)
(271.03, 0.00, 0.00)
(271.03, 0.00, 0.00)
(271.03, 0.00, 0.00)
(270.55, 0.00, 0.00)
(270.55, 0.00, 0.00)
(270.55, 0.00, 0.00)
(270.55, 0.00, 0.00)
(270.55, 0.00, 0.00)
(270.14, 0.00, 0.00)
(270.14, 0.00, 0.00)
(270.14, 0.00, 0.00)
(270.14, 0.00, 0.00)
(270.14, 0.00, 0.00)
(271.08, 0.00, 0.00)
(271.08, 0.00, 0.00)
(271.08, 0.00, 0.00)
(271.08, 0.00, 0.00)
(271.08, 0.00, 0.00)
(273.71, 0.00, 0.00)
(273.71, 0.00, 0.00)
(275.57, 0.00, 0.00)
(275.57, 0.00, 0.00)
(275.57, 0.00, 0.00)
(275.57, 0.00, 0.00)
(275.57, 0.00, 0.00)
(275.57, 0.00, 0.00)
(275.57, 0.00, 0.00)
(274.22, 0.00, 0.00)
(274.22, 0.00, 0.00)
(274.22, 0.00, 0.00)
(274.22, 0.00, 0.00)
(274.22, 0.00, 0.00)
(272.37, 0.00, 0.00)
(272.37, 0.00, 0.00)
(272.37, 0.00, 0.00)
(272.37, 0.00, 0.00)
(272.37, 0.00, 0.00)
(274.35, 0.00, 0.00)
(274.35, 0.00, 0.00)
(274.35, 0.00, 0.00)
(274.35, 0.00, 0.00)
(274.35, 0.00, 0.00)
(274.35, 0.00, 0.00)
(271.62, 0.00, 0.00)
(271.62, 0.00, 0.00)
(272.07, 0.00, 0.00)
(272.07, 0.00, 0.00)
(272.07, 0.00, 0.00)
(272.07, 0.00, 0.00)
(271.31, 0.00, 0.00)
(271.31, 0.00, 0.00)
(271.31, 0.00, 0.00)
(270.79, 0.00, 0.00)
(270.79, 0.00, 0.00)
(270.79, 0.00, 0.00)
(270.79, 0.00, 0.00)
(270.72, 0.00, 0.00)
(270.72, 0.00, 0.00)
(270.72, 0.00, 0.00)
(270.72, 0.00, 0.00)
(270.72, 0.00, 0.00)
(270.72, 0.00, 0.00)
(271.52, 0.00, 0.00)
(271.52, 0.00, 0.00)
(271.52, 0.00, 0.00)
(273.08, 0.00, 0.00)
(273.08, 0.00, 0.00)
(273.08, 0.00, 0.00)
(273.08, 0.00, 0.00)
(273.08, 0.00, 0.00)
(273.08, 0.00, 0.00)
(271.58, 0.00, 0.00)
(271.58, 0.00, 0.00)
(271.58, 0.00, 0.00)
(270.59, 0.00, 0.00)
(270.59, 0.00, 0.00)
(270.59, 0.00, 0.00)
(270.59, 0.00, 0.00)
(270.59, 0.00, 0.00)
(270.59, 0.00, 0.00)
(270.59, 0.00, 0.00)
(270.48, 0.00, 0.00)
(270.48, 0.00, 0.00)
(270.48, 0.00, 0.00)
(270.48, 0.00, 0.00)
(270.48, 0.00, 0.00)
(270.66, 0.00, 0.00)
(270.66, 0.00, 0.00)
(270.66, 0.00, 0.00)
(270.66, 0.00, 0.00)
(270.66, 0.00, 0.00)
(270.66, 0.00, 0.00)
(270.39, 0.00, 0.00)
(270.39, 0.00, 0.00)
(270.39, 0.00, 0.00)
(270.39, 0.00, 0.00)
(271.03, 0.00, 0.00)
(271.03, 0.00, 0.00)
(270.61, 0.00, 0.00)
(270.61, 0.00, 0.00)
(270.61, 0.00, 0.00)
(270.61, 0.00, 0.00)
(270.61, 0.00, 0.00)
(270.84, 0.00, 0.00)
(270.84, 0.00, 0.00)
(270.84, 0.00, 0.00)
(270.84, 0.00, 0.00)
(270.84, 0.00, 0.00)
(271.38, 0.00, 0.00)
(271.38, 0.00, 0.00)
(271.38, 0.00, 0.00)
(271.38, 0.00, 0.00)
(271.38, 0.00, 0.00)
(270.31, 0.00, 0.00)
(270.31, 0.00, 0.00)
(270.60, 0.00, 0.00)
(270.60, 0.00, 0.00)
(270.60, 0.00, 0.00)
(270.60, 0.00, 0.00)
(270.60, 0.00, 0.00)
(270.39, 0.00, 0.00)
(272.31, 0.00, 0.00)
(272.31, 0.00, 0.00)
(272.31, 0.00, 0.00)
(272.31, 0.00, 0.00)
(272.31, 0.00, 0.00)
(272.50, 0.00, 0.00)
(272.50, 0.00, 0.00)
(272.50, 0.00, 0.00)
(272.50, 0.00, 0.00)
(272.50, 0.00, 0.00)
(272.50, 0.00, 0.00)
(272.50, 0.00, 0.00)
(272.50, 0.00, 0.00)
(273.42, 0.00, 0.00)
(273.42, 0.00, 0.00)
(273.42, 0.00, 0.00)
(273.42, 0.00, 0.00)
(273.42, 0.00, 0.00)
(273.42, 0.00, 0.00)
(273.42, 0.00, 0.00)
(275.00, 0.00, 0.00)
(275.00, 0.00, 0.00)
(275.00, 0.00, 0.00)
(278.68, 0.00, 0.00)
(278.68, 0.00, 0.00)
(281.38, 0.00, 0.00)
(281.38, 0.00, 0.00)
(281.38, 0.00, 0.00)
(281.38, 0.00, 0.00)
(281.91, 0.00, 0.00)
(281.91, 0.00, 0.00)
(281.91, 0.00, 0.00)
(281.91, 0.00, 0.00)
(281.91, 0.00, 0.00)
(282.53, 0.00, 0.00)
(282.53, 0.00, 0.00)
(282.53, 0.00, 0.00)
(282.53, 0.00, 0.00)
(282.53, 0.00, 0.00)
(281.35, 0.00, 0.00)
(281.35, 0.00, 0.00)
(279.59, 0.00, 0.00)
(279.59, 0.00, 0.00)
(279.59, 0.00, 0.00)
(279.59, 0.00, 0.00)
(279.59, 0.00, 0.00)
(279.24, 0.00, 0.00)
(279.24, 0.00, 0.00)
(279.24, 0.00, 0.00)
(279.24, 0.00, 0.00)
(277.93, 0.00, 0.00)
(277.93, 0.00, 0.00)
(277.93, 0.00, 0.00)
(275.12, 0.00, 0.00)
(275.12, 0.00, 0.00)
(275.12, 0.00, 0.00)
(275.12, 0.00, 0.00)
(275.12, 0.00, 0.00)
(275.84, 0.00, 0.00)
(275.84, 0.00, 0.00)
(275.84, 0.00, 0.00)
(275.84, 0.00, 0.00)
(275.84, 0.00, 0.00)
(276.16, 0.00, 0.00)
(276.16, 0.00, 0.00)
(276.21, 0.00, 0.00)
(276.21, 0.00, 0.00)
(276.21, 0.00, 0.00)
(276.21, 0.00, 0.00)
(276.21, 0.00, 0.00)
(277.71, 0.00, 0.00)
(277.71, 0.00, 0.00)
(277.71, 0.00, 0.00)
(278.72, 0.00, 0.00)
(278.72, 0.00, 0.00)
(277.91, 0.00, 0.00)
(277.91, 0.00, 0.00)
(277.91, 0.00, 0.00)
(277.91, 0.00, 0.00)
(277.91, 0.00, 0.00)
(277.33, 0.00, 0.00)
(277.33, 0.00, 0.00)
(277.33, 0.00, 0.00)
(277.33, 0.00, 0.00)
(277.30, 0.00, 0.00)
(277.30, 0.00, 0.00)
(277.30, 0.00, 0.00)
(277.30, 0.00, 0.00)
(277.30, 0.00, 0.00)
(275.03, 0.00, 0.00)
(275.03, 0.00, 0.00)
(276.01, 0.00, 0.00)
(276.01, 0.00, 0.00)
(276.01, 0.00, 0.00)
(276.52, 0.00, 0.00)
(276.52, 0.00, 0.00)
(276.52, 0.00, 0.00)
(276.52, 0.00, 0.00)
(276.71, 0.00, 0.00)
(276.71, 0.00, 0.00)
(276.71, 0.00, 0.00)
(276.71, 0.00, 0.00)
(276.71, 0.00, 0.00)
(277.75, 0.00, 0.00)
(277.75, 0.00, 0.00)
(277.75, 0.00, 0.00)
(277.41, 0.00, 0.00)
(277.41, 0.00, 0.00)
(277.41, 0.00, 0.00)
(277.41, 0.00, 0.00)
(277.70, 0.00, 0.00)
(277.70, 0.00, 0.00)
(277.65, 0.00, 0.00)
(277.65, 0.00, 0.00)
(277.65, 0.00, 0.00)
(276.49, 0.00, 0.00)
(276.49, 0.00, 0.00)
(276.49, 0.00, 0.00)
(276.49, 0.00, 0.00)
(276.71, 0.00, 0.00)
(276.71, 0.00, 0.00)
(276.71, 0.00, 0.00)
(277.86, 0.00, 0.00)
(277.86, 0.00, 0.00)
(277.86, 0.00, 0.00)
(277.86, 0.00, 0.00)
(277.67, 0.00, 0.00)
(277.67, 0.00, 0.00)
(277.67, 0.00, 0.00)
(277.67, 0.00, 0.00)
(276.79, 0.00, 0.00)
(276.79, 0.00, 0.00)
(276.79, 0.00, 0.00)
(276.79, 0.00, 0.00)
(276.79, 0.00, 0.00)
(276.79, 0.00, 0.00)
(277.55, 0.00, 0.00)
(277.26, 0.00, 0.00)
