(271.64, 0.00, 0.00)
(271.64, 0.00, 0.00)
(271.64, 0.00, 0.00)
(271.64, 0.00, 0.00)
(271.64, 0.00, 0.00)
(271.64, 0.00, 0.00)
(271.95, 0.00, 0.00)
(271.95, 0.00, 0.00)
(271.95, 0.00, 0.00)
(271.95, 0.00, 0.00)
(271.95, 0.00, 0.00)
(272.74, 0.00, 0.00)
(272.74, 0.00, 0.00)
(271.53, 0.00, 0.00)
(271.53, 0.00, 0.00)
(271.53, 0.00, 0.00)
(271.52, 0.00, 0.00)
(273.07, 0.00, 0.00)
(273.07, 0.00, 0.00)
(273.07, 0.00, 0.00)
(273.07, 0.00, 0.00)
(273.07, 0.00, 0.00)
(273.07, 0.00, 0.00)
(273.51, 0.00, 0.00)
(273.51, 0.00, 0.00)
(273.51, 0.00, 0.00)
(273.51, 0.00, 0.00)
(273.51, 0.00, 0.00)
(273.51, 0.00, 0.00)
(273.51, 0.00, 0.00)
(271.91, 0.00, 0.00)
(271.91, 0.00, 0.00)
(272.78, 0.00, 0.00)
(272.78, 0.00, 0.00)
(272.78, 0.00, 0.00)
(272.78, 0.00, 0.00)
(272.14, 0.00, 0.00)
(272.14, 0.00, 0.00)
(272.14, 0.00, 0.00)
(272.28, 0.00, 0.00)
(272.28, 0.00, 0.00)
(272.28, 0.00, 0.00)
(272.28, 0.00, 0.00)
(272.28, 0.00, 0.00)
(272.28, 0.00, 0.00)
(272.28, 0.00, 0.00)
(271.83, 0.00, 0.00)
(271.83, 0.00, 0.00)
(271.83, 0.00, 0.00)
(271.83, 0.00, 0.00)
(272.65, 0.00, 0.00)
(272.65, 0.00, 0.00)
(272.65, 0.00, 0.00)
(272.65, 0.00, 0.00)
(272.22, 0.00, 0.00)
(272.22, 0.00, 0.00)
(272.22, 0.00, 0.00)
(272.22, 0.00, 0.00)
(272.64, 0.00, 0.00)
(272.64, 0.00, 0.00)
(272.64, 0.00, 0.00)
(272.84, 0.00, 0.00)
(272.84, 0.00, 0.00)
(272.84, 0.00, 0.00)
(272.84, 0.00, 0.00)
(272.84, 0.00, 0.00)
(271.95, 0.00, 0.00)
(271.95, 0.00, 0.00)
(271.95, 0.00, 0.00)
(271.95, 0.00, 0.00)
(272.88, 0.00, 0.00)
(272.88, 0.00, 0.00)
(272.88, 0.00, 0.00)
(272.91, 0.00, 0.00)
(272.91, 0.00, 0.00)
(272.91, 0.00, 0.00)
(272.91, 0.00, 0.00)
(272.91, 0.00, 0.00)
(272.94, 0.00, 0.00)
(272.94, 0.00, 0.00)
(272.94, 0.00, 0.00)
(272.94, 0.00, 0.00)
(274.30, 0.00, 0.00)
(274.30, 0.00, 0.00)
(274.30, 0.00, 0.00)
(271.47, 0.00, 0.00)
(271.47, 0.00, 0.00)
(271.47, 0.00, 0.00)
(271.47, 0.00, 0.00)
(271.77, 0.00, 0.00)
(271.77, 0.00, 0.00)
(271.77, 0.00, 0.00)
(271.77, 0.00, 0.00)
(271.77, 0.00, 0.00)
(271.77, 0.00, 0.00)
(272.90, 0.00, 0.00)
(272.90, 0.00, 0.00)
(274.29, 0.00, 0.00)
(274.29, 0.00, 0.00)
(274.29, 0.00, 0.00)
(274.29, 0.00, 0.00)
(274.29, 0.00, 0.00)
(273.93, 0.00, 0.00)
(273.93, 0.00, 0.00)
(273.93, 0.00, 0.00)
(273.93, 0.00, 0.00)
(274.25, 0.00, 0.00)
(274.25, 0.00, 0.00)
(275.36, 0.00, 0.00)
(275.36, 0.00, 0.00)
(275.36, 0.00, 0.00)
(275.36, 0.00, 0.00)
(275.36, 0.00, 0.00)
(275.94, 0.00, 0.00)
(275.94, 0.00, 0.00)
(275.94, 0.00, 0.00)
(275.94, 0.00, 0.00)
(274.63, 0.00, 0.00)
(274.63, 0.00, 0.00)
(274.63, 0.00, 0.00)
(272.01, 0.00, 0.00)
(272.01, 0.00, 0.00)
(272.01, 0.00, 0.00)
(272.01, 0.00, 0.00)
(271.86, 0.00, 0.00)
(271.86, 0.00, 0.00)
(271.86, 0.00, 0.00)
(271.86, 0.00, 0.00)
(271.86, 0.00, 0.00)
(272.64, 0.00, 0.00)
(272.64, 0.00, 0.00)
(272.64, 0.00, 0.00)
(272.64, 0.00, 0.00)
(272.64, 0.00, 0.00)
(271.55, 0.00, 0.00)
(271.55, 0.00, 0.00)
(271.55, 0.00, 0.00)
(271.55, 0.00, 0.00)
(271.55, 0.00, 0.00)
(270.44, 0.00, 0.00)
(270.44, 0.00, 0.00)
(271.58, 0.00, 0.00)
(271.58, 0.00, 0.00)
(271.58, 0.00, 0.00)
(270.77, 0.00, 0.00)
(270.77, 0.00, 0.00)
(270.77, 0.00, 0.00)
(270.77, 0.00, 0.00)
(270.77, 0.00, 0.00)
(270.77, 0.00, 0.00)
(274.68, 0.00, 0.00)
(274.68, 0.00, 0.00)
(274.68, 0.00, 0.00)
(271.43, 0.00, 0.00)
(271.43, 0.00, 0.00)
(271.43, 0.00, 0.00)
(271.43, 0.00, 0.00)
(271.43, 0.00, 0.00)
(270.70, 0.00, 0.00)
(271.64, 0.00, 0.00)
(271.64, 0.00, 0.00)
(271.64, 0.00, 0.00)
(271.64, 0.00, 0.00)
(271.64, 0.00, 0.00)
(271.66, 0.00, 0.00)
(271.66, 0.00, 0.00)
(271.66, 0.00, 0.00)
(271.66, 0.00, 0.00)
(271.66, 0.00, 0.00)
(286.16, 0.00, 0.00)
(286.16, 0.00, 0.00)
(286.16, 0.00, 0.00)
(286.16, 0.00, 0.00)
(286.16, 0.00, 0.00)
(279.91, 0.00, 0.00)
(279.91, 0.00, 0.00)
(276.01, 0.00, 0.00)
(276.01, 0.00, 0.00)
(276.01, 0.00, 0.00)
(276.01, 0.00, 0.00)
(280.68, 0.00, 0.00)
(280.68, 0.00, 0.00)
(280.68, 0.00, 0.00)
(280.68, 0.00, 0.00)
(280.68, 0.00, 0.00)
(285.94, 0.00, 0.00)
(284.71, 0.00, 0.00)
(284.71, 0.00, 0.00)
(284.71, 0.00, 0.00)
(284.71, 0.00, 0.00)
(284.71, 0.00, 0.00)
(284.71, 0.00, 0.00)
(283.42, 0.00, 0.00)
(283.42, 0.00, 0.00)
(299.82, 0.00, 0.00)
(299.82, 0.00, 0.00)
(299.82, 0.00, 0.00)
(299.82, 0.00, 0.00)
(297.81, 0.00, 0.00)
(297.81, 0.00, 0.00)
(297.81, 0.00, 0.00)
(297.81, 0.00, 0.00)
(297.81, 0.00, 0.00)
(294.25, 0.00, 0.00)
(294.25, 0.00, 0.00)
(302.05, 0.00, 0.00)
(302.05, 0.00, 0.00)
(302.05, 0.00, 0.00)
(302.05, 0.00, 0.00)
(317.04, 0.00, 0.00)
(317.04, 0.00, 0.00)
(317.04, 0.00, 0.00)
(317.04, 0.00, 0.00)
(317.04, 0.00, 0.00)
(317.04, 0.00, 0.00)
(317.04, 0.00, 0.00)
(312.86, 0.00, 0.00)
(312.86, 0.00, 0.00)
(312.86, 0.00, 0.00)
(312.86, 0.00, 0.00)
(312.63, 0.00, 0.00)
(312.63, 0.00, 0.00)
(328.21, 0.00, 0.00)
(328.21, 0.00, 0.00)
(328.21, 0.00, 0.00)
(328.21, 0.00, 0.00)
(329.58, 0.00, 0.00)
(329.58, 0.00, 0.00)
(329.58, 0.00, 0.00)
(329.58, 0.00, 0.00)
(331.92, 0.00, 0.00)
(331.92, 0.00, 0.00)
(331.92, 0.00, 0.00)
(331.92, 0.00, 0.00)
(331.92, 0.00, 0.00)
(335.27, 0.00, 0.00)
(335.27, 0.00, 0.00)
(342.21, 0.00, 0.00)
(342.21, 0.00, 0.00)
(342.21, 0.00, 0.00)
(342.21, 0.00, 0.00)
(342.21, 0.00, 0.00)
(342.21, 0.00, 0.00)
(334.84, 0.00, 0.00)
(334.84, 0.00, 0.00)
(339.11, 0.00, 0.00)
(339.11, 0.00, 0.00)
(339.11, 0.00, 0.00)
(339.11, 0.00, 0.00)
(328.41, 0.00, 0.00)
(328.41, 0.00, 0.00)
(328.41, 0.00, 0.00)
(328.41, 0.00, 0.00)
(328.41, 0.00, 0.00)
(340.08, 0.00, 0.00)
(340.08, 0.00, 0.00)
(340.08, 0.00, 0.00)
(340.08, 0.00, 0.00)
(340.08, 0.00, 0.00)
(340.08, 0.00, 0.00)
(340.08, 0.00, 0.00)
(332.70, 0.00, 0.00)
(332.70, 0.00, 0.00)
(332.70, 0.00, 0.00)
(332.70, 0.00, 0.00)
(332.70, 0.00, 0.00)
(342.78, 0.00, 0.00)
(342.78, 0.00, 0.00)
(339.05, 0.00, 0.00)
(339.05, 0.00, 0.00)
(339.05, 0.00, 0.00)
(339.05, 0.00, 0.00)
(339.05, 0.00, 0.00)
(339.77, 0.00, 0.00)
(339.77, 0.00, 0.00)
(339.77, 0.00, 0.00)
(338.47, 0.00, 0.00)
(338.47, 0.00, 0.00)
(338.47, 0.00, 0.00)
(338.47, 0.00, 0.00)
(338.47, 0.00, 0.00)
(347.42, 0.00, 0.00)
(347.42, 0.00, 0.00)
(333.50, 0.00, 0.00)
(333.50, 0.00, 0.00)
(333.50, 0.00, 0.00)
(333.50, 0.00, 0.00)
(320.57, 0.00, 0.00)
(320.57, 0.00, 0.00)
(320.57, 0.00, 0.00)
(320.57, 0.00, 0.00)
(319.67, 0.00, 0.00)
(319.67, 0.00, 0.00)
(319.67, 0.00, 0.00)
(305.79, 0.00, 0.00)
(305.79, 0.00, 0.00)
(305.79, 0.00, 0.00)
(305.79, 0.00, 0.00)
(298.15, 0.00, 0.00)
(298.15, 0.00, 0.00)
(298.15, 0.00, 0.00)
(298.15, 0.00, 0.00)
(298.15, 0.00, 0.00)
(298.41, 0.00, 0.00)
(298.41, 0.00, 0.00)
(293.25, 0.00, 0.00)
(293.25, 0.00, 0.00)
(293.25, 0.00, 0.00)
(293.25, 0.00, 0.00)
(293.25, 0.00, 0.00)
(291.66, 0.00, 0.00)
(291.66, 0.00, 0.00)
(291.66, 0.00, 0.00)
(291.66, 0.00, 0.00)
(288.69, 0.00, 0.00)
(290.28, 0.00, 0.00)
(290.28, 0.00, 0.00)
(290.28, 0.00, 0.00)
(290.28, 0.00, 0.00)
(290.28, 0.00, 0.00)
(290.28, 0.00, 0.00)
(288.68, 0.00, 0.00)
(288.68, 0.00, 0.00)
(288.68, 0.00, 0.00)
(288.68, 0.00, 0.00)
(288.68, 0.00, 0.00)
(285.12, 0.00, 0.00)
(285.12, 0.00, 0.00)
(282.52, 0.00, 0.00)
(282.52, 0.00, 0.00)
(282.52, 0.00, 0.00)
(282.52, 0.00, 0.00)
(282.52, 0.00, 0.00)
(282.89, 0.00, 0.00)
(282.89, 0.00, 0.00)
(282.89, 0.00, 0.00)
(282.91, 0.00, 0.00)
(282.91, 0.00, 0.00)
(282.91, 0.00, 0.00)
(282.91, 0.00, 0.00)
(280.27, 0.00, 0.00)
(280.27, 0.00, 0.00)
(280.27, 0.00, 0.00)
(280.27, 0.00, 0.00)
(278.41, 0.00, 0.00)
(278.41, 0.00, 0.00)
(278.41, 0.00, 0.00)
(278.41, 0.00, 0.00)
(279.15, 0.00, 0.00)
(279.15, 0.00, 0.00)
(279.15, 0.00, 0.00)
(279.15, 0.00, 0.00)
(278.37, 0.00, 0.00)
(278.37, 0.00, 0.00)
(278.37, 0.00, 0.00)
(275.63, 0.00, 0.00)
(275.63, 0.00, 0.00)
(275.63, 0.00, 0.00)
(275.63, 0.00, 0.00)
(275.63, 0.00, 0.00)
(275.68, 0.00, 0.00)
(275.68, 0.00, 0.00)
(275.68, 0.00, 0.00)
(273.03, 0.00, 0.00)
(273.03, 0.00, 0.00)
(273.03, 0.00, 0.00)
(273.03, 0.00, 0.00)
(270.81, 0.00, 0.00)
(270.81, 0.00, 0.00)
(270.81, 0.00, 0.00)
(270.81, 0.00, 0.00)
(270.81, 0.00, 0.00)
(274.87, 0.00, 0.00)
(274.87, 0.00, 0.00)
(270.93, 0.00, 0.00)
(270.93, 0.00, 0.00)
(270.93, 0.00, 0.00)
(270.93, 0.00, 0.00)
(270.93, 0.00, 0.00)
(270.93, 0.00, 0.00)
(270.93, 0.00, 0.00)
(270.93, 0.00, 0.00)
(271.57, 0.00, 0.00)
(272.31, 0.00, 0.00)
(272.31, 0.00, 0.00)
(272.31, 0.00, 0.00)
(272.31, 0.00, 0.00)
(273.35, 0.00, 0.00)
(273.35, 0.00, 0.00)
(274.42, 0.00, 0.00)
(274.42, 0.00, 0.00)
(274.42, 0.00, 0.00)
(274.42, 0.00, 0.00)
(274.42, 0.00, 0.00)
(274.42, 0.00, 0.00)
(274.42, 0.00, 0.00)
(274.42, 0.00, 0.00)
(274.70, 0.00, 0.00)
(274.70, 0.00, 0.00)
(274.75, 0.00, 0.00)
(274.75, 0.00, 0.00)
(274.75, 0.00, 0.00)
(274.75, 0.00, 0.00)
(274.75, 0.00, 0.00)
(276.24, 0.00, 0.00)
(276.24, 0.00, 0.00)
(276.11, 0.00, 0.00)
(276.11, 0.00, 0.00)
(276.11, 0.00, 0.00)
(276.71, 0.00, 0.00)
(276.71, 0.00, 0.00)
(276.71, 0.00, 0.00)
(276.71, 0.00, 0.00)
(276.71, 0.00, 0.00)
(274.78, 0.00, 0.00)
(274.78, 0.00, 0.00)
(274.78, 0.00, 0.00)
(274.78, 0.00, 0.00)
(274.78, 0.00, 0.00)
(273.38, 0.00, 0.00)
(272.66, 0.00, 0.00)
(272.66, 0.00, 0.00)
(272.66, 0.00, 0.00)
(272.66, 0.00, 0.00)
(272.66, 0.00, 0.00)
(272.66, 0.00, 0.00)
(270.84, 0.00, 0.00)
(270.84, 0.00, 0.00)
(277.70, 0.00, 0.00)
(277.70, 0.00, 0.00)
(277.70, 0.00, 0.00)
(277.70, 0.00, 0.00)
(282.01, 0.00, 0.00)
(282.01, 0.00, 0.00)
(282.01, 0.00, 0.00)
(282.01, 0.00, 0.00)
(282.01, 0.00, 0.00)
(283.76, 0.00, 0.00)
(283.76, 0.00, 0.00)
(283.76, 0.00, 0.00)
(283.76, 0.00, 0.00)
(291.54, 0.00, 0.00)
(297.78, 0.00, 0.00)
(297.78, 0.00, 0.00)
(297.78, 0.00, 0.00)
(304.65, 0.00, 0.00)
(304.65, 0.00, 0.00)
(304.65, 0.00, 0.00)
(304.65, 0.00, 0.00)
(304.65, 0.00, 0.00)
(304.65, 0.00, 0.00)
(309.86, 0.00, 0.00)
(309.86, 0.00, 0.00)
(310.80, 0.00, 0.00)
(310.80, 0.00, 0.00)
(310.80, 0.00, 0.00)
(310.80, 0.00, 0.00)
(310.80, 0.00, 0.00)
(310.46, 0.00, 0.00)
(310.46, 0.00, 0.00)
(310.46, 0.00, 0.00)
(310.46, 0.00, 0.00)
(310.46, 0.00, 0.00)
(316.23, 0.00, 0.00)
(316.23, 0.00, 0.00)
(322.00, 0.00, 0.00)
(322.00, 0.00, 0.00)
(322.00, 0.00, 0.00)
(322.00, 0.00, 0.00)
(322.00, 0.00, 0.00)
(323.63, 0.00, 0.00)
(323.63, 0.00, 0.00)
(326.27, 0.00, 0.00)
(326.27, 0.00, 0.00)
(326.27, 0.00, 0.00)
(326.07, 0.00, 0.00)
(326.07, 0.00, 0.00)
(326.07, 0.00, 0.00)
(326.07, 0.00, 0.00)
(326.07, 0.00, 0.00)
(326.07, 0.00, 0.00)
(320.99, 0.00, 0.00)
(320.99, 0.00, 0.00)
(320.99, 0.00, 0.00)
(320.99, 0.00, 0.00)
(324.26, 0.00, 0.00)
(324.26, 0.00, 0.00)
(327.99, 0.00, 0.00)
(327.99, 0.00, 0.00)
(327.99, 0.00, 0.00)
(327.99, 0.00, 0.00)
(327.99, 0.00, 0.00)
(328.91, 0.00, 0.00)
(328.91, 0.00, 0.00)
(328.91, 0.00, 0.00)
(336.69, 0.00, 0.00)
(329.67, 0.00, 0.00)
(329.67, 0.00, 0.00)
(329.67, 0.00, 0.00)
(329.67, 0.00, 0.00)
(329.67, 0.00, 0.00)
(329.67, 0.00, 0.00)
(330.48, 0.00, 0.00)
(330.48, 0.00, 0.00)
(330.48, 0.00, 0.00)
(325.41, 0.00, 0.00)
(325.41, 0.00, 0.00)
(330.09, 0.00, 0.00)
(330.09, 0.00, 0.00)
(330.09, 0.00, 0.00)
(330.09, 0.00, 0.00)
(330.09, 0.00, 0.00)
(328.83, 0.00, 0.00)
(328.83, 0.00, 0.00)
(328.83, 0.00, 0.00)
(328.83, 0.00, 0.00)
(328.83, 0.00, 0.00)
(324.80, 0.00, 0.00)
(329.04, 0.00, 0.00)
(329.04, 0.00, 0.00)
(329.04, 0.00, 0.00)
(329.04, 0.00, 0.00)
(329.04, 0.00, 0.00)
(336.27, 0.00, 0.00)
(336.27, 0.00, 0.00)
(336.27, 0.00, 0.00)
(336.27, 0.00, 0.00)
(334.59, 0.00, 0.00)
(334.59, 0.00, 0.00)
(334.59, 0.00, 0.00)
(334.59, 0.00, 0.00)
(334.59, 0.00, 0.00)
(336.12, 0.00, 0.00)
(336.12, 0.00, 0.00)
(336.12, 0.00, 0.00)
(336.12, 0.00, 0.00)
(337.95, 0.00, 0.00)
(337.95, 0.00, 0.00)
(337.95, 0.00, 0.00)
(345.36, 0.00, 0.00)
(345.36, 0.00, 0.00)
(345.36, 0.00, 0.00)
(345.36, 0.00, 0.00)
(342.99, 0.00, 0.00)
(342.99, 0.00, 0.00)
(342.48, 0.00, 0.00)
(342.48, 0.00, 0.00)
(342.48, 0.00, 0.00)
(342.48, 0.00, 0.00)
(339.95, 0.00, 0.00)
(339.95, 0.00, 0.00)
(339.95, 0.00, 0.00)
(339.95, 0.00, 0.00)
(339.95, 0.00, 0.00)
(337.75, 0.00, 0.00)
(337.75, 0.00, 0.00)
(338.77, 0.00, 0.00)
(338.77, 0.00, 0.00)
(338.77, 0.00, 0.00)
(338.77, 0.00, 0.00)
(338.77, 0.00, 0.00)
(338.77, 0.00, 0.00)
(338.77, 0.00, 0.00)
(319.98, 0.00, 0.00)
(319.98, 0.00, 0.00)
(319.98, 0.00, 0.00)
(319.98, 0.00, 0.00)
(319.98, 0.00, 0.00)
(306.64, 0.00, 0.00)
(306.64, 0.00, 0.00)
(306.64, 0.00, 0.00)
(306.64, 0.00, 0.00)
(306.64, 0.00, 0.00)
(297.79, 0.00, 0.00)
(297.79, 0.00, 0.00)
(297.79, 0.00, 0.00)
(297.79, 0.00, 0.00)
(292.28, 0.00, 0.00)
(292.28, 0.00, 0.00)
(292.28, 0.00, 0.00)
(292.28, 0.00, 0.00)
(290.61, 0.00, 0.00)
(290.61, 0.00, 0.00)
(290.61, 0.00, 0.00)
(294.33, 0.00, 0.00)
(294.33, 0.00, 0.00)
(294.33, 0.00, 0.00)
(291.12, 0.00, 0.00)
(291.12, 0.00, 0.00)
(291.12, 0.00, 0.00)
(291.12, 0.00, 0.00)
(291.12, 0.00, 0.00)
(286.75, 0.00, 0.00)
(286.75, 0.00, 0.00)
(286.75, 0.00, 0.00)
(285.14, 0.00, 0.00)
(285.14, 0.00, 0.00)
(285.14, 0.00, 0.00)
(285.14, 0.00, 0.00)
(285.14, 0.00, 0.00)
(283.01, 0.00, 0.00)
(283.01, 0.00, 0.00)
(283.01, 0.00, 0.00)
(283.01, 0.00, 0.00)
(282.45, 0.00, 0.00)
(282.45, 0.00, 0.00)
(282.45, 0.00, 0.00)
(277.73, 0.00, 0.00)
(277.73, 0.00, 0.00)
(277.73, 0.00, 0.00)
(276.91, 0.00, 0.00)
(276.91, 0.00, 0.00)
(276.91, 0.00, 0.00)
(276.91, 0.00, 0.00)
(276.78, 0.00, 0.00)
(276.78, 0.00, 0.00)
(276.78, 0.00, 0.00)
(275.42, 0.00, 0.00)
(275.42, 0.00, 0.00)
(275.42, 0.00, 0.00)
(275.42, 0.00, 0.00)
(273.53, 0.00, 0.00)
(273.53, 0.00, 0.00)
(273.53, 0.00, 0.00)
(273.53, 0.00, 0.00)
(272.90, 0.00, 0.00)
(272.90, 0.00, 0.00)
(272.90, 0.00, 0.00)
(272.90, 0.00, 0.00)
(272.58, 0.00, 0.00)
(272.58, 0.00, 0.00)
(272.41, 0.00, 0.00)
(272.41, 0.00, 0.00)
(272.41, 0.00, 0.00)
(272.41, 0.00, 0.00)
(270.63, 0.00, 0.00)
(270.63, 0.00, 0.00)
(270.63, 0.00, 0.00)
(270.29, 0.00, 0.00)
(270.29, 0.00, 0.00)
(270.29, 0.00, 0.00)
(270.81, 0.00, 0.00)
(270.81, 0.00, 0.00)
(270.81, 0.00, 0.00)
(270.81, 0.00, 0.00)
(270.81, 0.00, 0.00)
(270.17, 0.00, 0.00)
(270.17, 0.00, 0.00)
(270.13, 0.00, 0.00)
(270.13, 0.00, 0.00)
(270.13, 0.00, 0.00)
(270.47, 0.00, 0.00)
(270.47, 0.00, 0.00)
(270.47, 0.00, 0.00)
(270.47, 0.00, 0.00)
(270.47, 0.00, 0.00)
(270.49, 0.00, 0.00)
(270.49, 0.00, 0.00)
(270.84, 0.00, 0.00)
(270.84, 0.00, 0.00)
(270.84, 0.00, 0.00)
(270.84, 0.00, 0.00)
(270.91, 0.00, 0.00)
(270.91, 0.00, 0.00)
(270.91, 0.00, 0.00)
(270.91, 0.00, 0.00)
(270.91, 0.00, 0.00)
(273.01, 0.00, 0.00)
(273.01, 0.00, 0.00)
(273.01, 0.00, 0.00)
(273.01, 0.00, 0.00)
(275.49, 0.00, 0.00)
(275.49, 0.00, 0.00)
(275.49, 0.00, 0.00)
(275.49, 0.00, 0.00)
(275.49, 0.00, 0.00)
(276.95, 0.00, 0.00)
(280.35, 0.00, 0.00)
(280.35, 0.00, 0.00)
(280.35, 0.00, 0.00)
(280.35, 0.00, 0.00)
(286.29, 0.00, 0.00)
(286.29, 0.00, 0.00)
(286.29, 0.00, 0.00)
(286.29, 0.00, 0.00)
(286.29, 0.00, 0.00)
(298.24, 0.00, 0.00)
(298.24, 0.00, 0.00)
(304.47, 0.00, 0.00)
(304.47, 0.00, 0.00)
(304.47, 0.00, 0.00)
(304.47, 0.00, 0.00)
(304.47, 0.00, 0.00)
(304.47, 0.00, 0.00)
(315.27, 0.00, 0.00)
(315.27, 0.00, 0.00)
(315.27, 0.00, 0.00)
(315.27, 0.00, 0.00)
(315.27, 0.00, 0.00)
(315.27, 0.00, 0.00)
(319.55, 0.00, 0.00)
(319.55, 0.00, 0.00)
(321.33, 0.00, 0.00)
(321.33, 0.00, 0.00)
(321.33, 0.00, 0.00)
(321.33, 0.00, 0.00)
(321.33, 0.00, 0.00)
(322.50, 0.00, 0.00)
(322.50, 0.00, 0.00)
(320.47, 0.00, 0.00)
(320.47, 0.00, 0.00)
(320.47, 0.00, 0.00)
(320.47, 0.00, 0.00)
(320.47, 0.00, 0.00)
(320.47, 0.00, 0.00)
(340.53, 0.00, 0.00)
(340.53, 0.00, 0.00)
(340.53, 0.00, 0.00)
(340.53, 0.00, 0.00)
(336.44, 0.00, 0.00)
(336.44, 0.00, 0.00)
(336.44, 0.00, 0.00)
(336.44, 0.00, 0.00)
(336.13, 0.00, 0.00)
(336.13, 0.00, 0.00)
(336.13, 0.00, 0.00)
(336.13, 0.00, 0.00)
(336.13, 0.00, 0.00)
(342.47, 0.00, 0.00)
(342.47, 0.00, 0.00)
(339.26, 0.00, 0.00)
(339.26, 0.00, 0.00)
(339.26, 0.00, 0.00)
(339.26, 0.00, 0.00)
(327.37, 0.00, 0.00)
(327.37, 0.00, 0.00)
(327.37, 0.00, 0.00)
(327.37, 0.00, 0.00)
(327.37, 0.00, 0.00)
(327.37, 0.00, 0.00)
(327.37, 0.00, 0.00)
(327.37, 0.00, 0.00)
(327.37, 0.00, 0.00)
(327.37, 0.00, 0.00)
(346.33, 0.00, 0.00)
(346.33, 0.00, 0.00)
(345.56, 0.00, 0.00)
(345.56, 0.00, 0.00)
(345.56, 0.00, 0.00)
(333.13, 0.00, 0.00)
(333.13, 0.00, 0.00)
(334.00, 0.00, 0.00)
(334.00, 0.00, 0.00)
(334.00, 0.00, 0.00)
(334.00, 0.00, 0.00)
(334.00, 0.00, 0.00)
(334.88, 0.00, 0.00)
(334.88, 0.00, 0.00)
(334.88, 0.00, 0.00)
(334.88, 0.00, 0.00)
(315.53, 0.00, 0.00)
(315.53, 0.00, 0.00)
(315.53, 0.00, 0.00)
(315.53, 0.00, 0.00)
(315.53, 0.00, 0.00)
(315.53, 0.00, 0.00)
(315.53, 0.00, 0.00)
(315.53, 0.00, 0.00)
(315.53, 0.00, 0.00)
(315.53, 0.00, 0.00)
(315.53, 0.00, 0.00)
(315.53, 0.00, 0.00)
(284.54, 0.00, 0.00)
(284.54, 0.00, 0.00)
(284.54, 0.00, 0.00)
(287.00, 0.00, 0.00)
(287.00, 0.00, 0.00)
(287.00, 0.00, 0.00)
(287.00, 0.00, 0.00)
(287.00, 0.00, 0.00)
(287.00, 0.00, 0.00)
(286.50, 0.00, 0.00)
(286.50, 0.00, 0.00)
(286.50, 0.00, 0.00)
(286.50, 0.00, 0.00)
(286.50, 0.00, 0.00)
(286.50, 0.00, 0.00)
(280.50, 0.00, 0.00)
(280.50, 0.00, 0.00)
(278.64, 0.00, 0.00)
(278.64, 0.00, 0.00)
(278.64, 0.00, 0.00)
(278.64, 0.00, 0.00)
(274.33, 0.00, 0.00)
(274.33, 0.00, 0.00)
(274.33, 0.00, 0.00)
(274.33, 0.00, 0.00)
(276.70, 0.00, 0.00)
(276.70, 0.00, 0.00)
(276.70, 0.00, 0.00)
(273.47, 0.00, 0.00)
(273.47, 0.00, 0.00)
(273.47, 0.00, 0.00)
(273.47, 0.00, 0.00)
(273.32, 0.00, 0.00)
(271.33, 0.00, 0.00)
(271.33, 0.00, 0.00)
(271.33, 0.00, 0.00)
(271.33, 0.00, 0.00)
(271.33, 0.00, 0.00)
(271.33, 0.00, 0.00)
(271.45, 0.00, 0.00)
(271.45, 0.00, 0.00)
(271.08, 0.00, 0.00)
(271.08, 0.00, 0.00)
(271.08, 0.00, 0.00)
(271.06, 0.00, 0.00)
(271.06, 0.00, 0.00)
(271.06, 0.00, 0.00)
(270.99, 0.00, 0.00)
(270.99, 0.00, 0.00)
(270.99, 0.00, 0.00)
(270.99, 0.00, 0.00)
(270.99, 0.00, 0.00)
(270.99, 0.00, 0.00)
(270.99, 0.00, 0.00)
(270.99, 0.00, 0.00)
(271.80, 0.00, 0.00)
(271.80, 0.00, 0.00)
(271.80, 0.00, 0.00)
(272.40, 0.00, 0.00)
(272.40, 0.00, 0.00)
(272.40, 0.00, 0.00)
(272.14, 0.00, 0.00)
(272.14, 0.00, 0.00)
(272.14, 0.00, 0.00)
(272.14, 0.00, 0.00)
(271.58, 0.00, 0.00)
(271.58, 0.00, 0.00)
(272.34, 0.00, 0.00)
(272.34, 0.00, 0.00)
(272.34, 0.00, 0.00)
(272.23, 0.00, 0.00)
(272.23, 0.00, 0.00)
(272.23, 0.00, 0.00)
(272.09, 0.00, 0.00)
(272.09, 0.00, 0.00)
(272.09, 0.00, 0.00)
(272.09, 0.00, 0.00)
(272.09, 0.00, 0.00)
(272.97, 0.00, 0.00)
(272.97, 0.00, 0.00)
(272.97, 0.00, 0.00)
(272.97, 0.00, 0.00)
(272.12, 0.00, 0.00)
(272.12, 0.00, 0.00)
(272.34, 0.00, 0.00)
(272.34, 0.00, 0.00)
(272.34, 0.00, 0.00)
(272.34, 0.00, 0.00)
(272.34, 0.00, 0.00)
(272.30, 0.00, 0.00)
(271.81, 0.00, 0.00)
(271.81, 0.00, 0.00)
(271.81, 0.00, 0.00)
(271.81, 0.00, 0.00)
(271.81, 0.00, 0.00)
(271.81, 0.00, 0.00)
(274.30, 0.00, 0.00)
(274.30, 0.00, 0.00)
(274.30, 0.00, 0.00)
(277.49, 0.00, 0.00)
(277.49, 0.00, 0.00)
(277.49, 0.00, 0.00)
(277.49, 0.00, 0.00)
(281.07, 0.00, 0.00)
(281.07, 0.00, 0.00)
(281.07, 0.00, 0.00)
(281.07, 0.00, 0.00)
(281.07, 0.00, 0.00)
(288.50, 0.00, 0.00)
(292.90, 0.00, 0.00)
(292.90, 0.00, 0.00)
(292.90, 0.00, 0.00)
(292.90, 0.00, 0.00)
(292.90, 0.00, 0.00)
(298.14, 0.00, 0.00)
(298.14, 0.00, 0.00)
(298.14, 0.00, 0.00)
(298.14, 0.00, 0.00)
(298.14, 0.00, 0.00)
(298.14, 0.00, 0.00)
(313.65, 0.00, 0.00)
(313.65, 0.00, 0.00)
(318.70, 0.00, 0.00)
(318.70, 0.00, 0.00)
(318.70, 0.00, 0.00)
(318.70, 0.00, 0.00)
(318.70, 0.00, 0.00)
(319.51, 0.00, 0.00)
(319.51, 0.00, 0.00)
(317.14, 0.00, 0.00)
(321.54, 0.00, 0.00)
(321.54, 0.00, 0.00)
(321.54, 0.00, 0.00)
(321.54, 0.00, 0.00)
(328.00, 0.00, 0.00)
(328.00, 0.00, 0.00)
(328.00, 0.00, 0.00)
(328.00, 0.00, 0.00)
(328.00, 0.00, 0.00)
(331.36, 0.00, 0.00)
(331.36, 0.00, 0.00)
(337.48, 0.00, 0.00)
(337.48, 0.00, 0.00)
(337.48, 0.00, 0.00)
(337.48, 0.00, 0.00)
(337.83, 0.00, 0.00)
(337.83, 0.00, 0.00)
(337.83, 0.00, 0.00)
(337.83, 0.00, 0.00)
(332.42, 0.00, 0.00)
(329.54, 0.00, 0.00)
(329.54, 0.00, 0.00)
(329.54, 0.00, 0.00)
(329.54, 0.00, 0.00)
(329.54, 0.00, 0.00)
(343.33, 0.00, 0.00)
(343.33, 0.00, 0.00)
(343.33, 0.00, 0.00)
(343.33, 0.00, 0.00)
(343.33, 0.00, 0.00)
(343.33, 0.00, 0.00)
(343.33, 0.00, 0.00)
(332.43, 0.00, 0.00)
(332.43, 0.00, 0.00)
(332.43, 0.00, 0.00)
(332.43, 0.00, 0.00)
(345.74, 0.00, 0.00)
(345.74, 0.00, 0.00)
(345.74, 0.00, 0.00)
(345.74, 0.00, 0.00)
(345.07, 0.00, 0.00)
(345.07, 0.00, 0.00)
(345.07, 0.00, 0.00)
(345.07, 0.00, 0.00)
(345.07, 0.00, 0.00)
(333.33, 0.00, 0.00)
(333.33, 0.00, 0.00)
(347.32, 0.00, 0.00)
(347.32, 0.00, 0.00)
(347.32, 0.00, 0.00)
(347.32, 0.00, 0.00)
(347.09, 0.00, 0.00)
(347.09, 0.00, 0.00)
(347.09, 0.00, 0.00)
(347.09, 0.00, 0.00)
(328.60, 0.00, 0.00)
(328.60, 0.00, 0.00)
(309.91, 0.00, 0.00)
(309.91, 0.00, 0.00)
(309.91, 0.00, 0.00)
(309.91, 0.00, 0.00)
(309.91, 0.00, 0.00)
(293.75, 0.00, 0.00)
(293.75, 0.00, 0.00)
(293.75, 0.00, 0.00)
(293.75, 0.00, 0.00)
(289.10, 0.00, 0.00)
(289.10, 0.00, 0.00)
(289.10, 0.00, 0.00)
(289.10, 0.00, 0.00)
(289.10, 0.00, 0.00)
(283.19, 0.00, 0.00)
(283.19, 0.00, 0.00)
(282.63, 0.00, 0.00)
(282.63, 0.00, 0.00)
(282.63, 0.00, 0.00)
(282.63, 0.00, 0.00)
(286.48, 0.00, 0.00)
(286.48, 0.00, 0.00)
(286.48, 0.00, 0.00)
(286.48, 0.00, 0.00)
(286.48, 0.00, 0.00)
(286.48, 0.00, 0.00)
(284.14, 0.00, 0.00)
(284.14, 0.00, 0.00)
(284.14, 0.00, 0.00)
(284.14, 0.00, 0.00)
(282.81, 0.00, 0.00)
(281.79, 0.00, 0.00)
(281.79, 0.00, 0.00)
(281.79, 0.00, 0.00)
(278.41, 0.00, 0.00)
(278.41, 0.00, 0.00)
(278.41, 0.00, 0.00)
(278.41, 0.00, 0.00)
(276.87, 0.00, 0.00)
(276.87, 0.00, 0.00)
(276.87, 0.00, 0.00)
(276.87, 0.00, 0.00)
(275.92, 0.00, 0.00)
(275.92, 0.00, 0.00)
(275.92, 0.00, 0.00)
(275.90, 0.00, 0.00)
(275.90, 0.00, 0.00)
(275.90, 0.00, 0.00)
(275.90, 0.00, 0.00)
(275.90, 0.00, 0.00)
(275.90, 0.00, 0.00)
(275.90, 0.00, 0.00)
(275.31, 0.00, 0.00)
(275.54, 0.00, 0.00)
(275.54, 0.00, 0.00)
(275.54, 0.00, 0.00)
(275.43, 0.00, 0.00)
(275.43, 0.00, 0.00)
(275.43, 0.00, 0.00)
(275.43, 0.00, 0.00)
(274.42, 0.00, 0.00)
(274.42, 0.00, 0.00)
(274.42, 0.00, 0.00)
(274.42, 0.00, 0.00)
(273.12, 0.00, 0.00)
(273.12, 0.00, 0.00)
(273.12, 0.00, 0.00)
(273.12, 0.00, 0.00)
(273.12, 0.00, 0.00)
(272.39, 0.00, 0.00)
(271.98, 0.00, 0.00)
(271.98, 0.00, 0.00)
(271.98, 0.00, 0.00)
(271.98, 0.00, 0.00)
(271.98, 0.00, 0.00)
(271.29, 0.00, 0.00)
(271.29, 0.00, 0.00)
(271.29, 0.00, 0.00)
(271.01, 0.00, 0.00)
(272.04, 0.00, 0.00)
(272.04, 0.00, 0.00)
(272.04, 0.00, 0.00)
(272.04, 0.00, 0.00)
(271.15, 0.00, 0.00)
(271.15, 0.00, 0.00)
(271.15, 0.00, 0.00)
(271.15, 0.00, 0.00)
(271.15, 0.00, 0.00)
(271.15, 0.00, 0.00)
(271.49, 0.00, 0.00)
(271.49, 0.00, 0.00)
(271.49, 0.00, 0.00)
(271.53, 0.00, 0.00)
(271.48, 0.00, 0.00)
(271.48, 0.00, 0.00)
(271.48, 0.00, 0.00)
(271.48, 0.00, 0.00)
(271.48, 0.00, 0.00)
(271.46, 0.00, 0.00)
(271.46, 0.00, 0.00)
(271.46, 0.00, 0.00)
(274.68, 0.00, 0.00)
(274.68, 0.00, 0.00)
(274.68, 0.00, 0.00)
(274.68, 0.00, 0.00)
(275.86, 0.00, 0.00)
(275.86, 0.00, 0.00)
(279.14, 0.00, 0.00)
(279.14, 0.00, 0.00)
(279.14, 0.00, 0.00)
(279.14, 0.00, 0.00)
(279.14, 0.00, 0.00)
(284.00, 0.00, 0.00)
(284.00, 0.00, 0.00)
(284.00, 0.00, 0.00)
(284.00, 0.00, 0.00)
(284.00, 0.00, 0.00)
(284.00, 0.00, 0.00)
(285.23, 0.00, 0.00)
(285.23, 0.00, 0.00)
(285.23, 0.00, 0.00)
(285.23, 0.00, 0.00)
(306.08, 0.00, 0.00)
(306.08, 0.00, 0.00)
(306.08, 0.00, 0.00)
(306.08, 0.00, 0.00)
(306.08, 0.00, 0.00)
(315.47, 0.00, 0.00)
(315.47, 0.00, 0.00)
(315.47, 0.00, 0.00)
(319.44, 0.00, 0.00)
(319.44, 0.00, 0.00)
(319.44, 0.00, 0.00)
(319.44, 0.00, 0.00)
(323.59, 0.00, 0.00)
(323.59, 0.00, 0.00)
(323.59, 0.00, 0.00)
(326.15, 0.00, 0.00)
(326.15, 0.00, 0.00)
(326.15, 0.00, 0.00)
(326.15, 0.00, 0.00)
(329.26, 0.00, 0.00)
(329.26, 0.00, 0.00)
(329.26, 0.00, 0.00)
(329.26, 0.00, 0.00)
(330.50, 0.00, 0.00)
(330.50, 0.00, 0.00)
(330.50, 0.00, 0.00)
(330.50, 0.00, 0.00)
(330.50, 0.00, 0.00)
(332.41, 0.00, 0.00)
(332.41, 0.00, 0.00)
(332.23, 0.00, 0.00)
(332.23, 0.00, 0.00)
(342.26, 0.00, 0.00)
(342.26, 0.00, 0.00)
(342.26, 0.00, 0.00)
(342.26, 0.00, 0.00)
(342.26, 0.00, 0.00)
(341.57, 0.00, 0.00)
(341.57, 0.00, 0.00)
(341.57, 0.00, 0.00)
(334.99, 0.00, 0.00)
(334.99, 0.00, 0.00)
(334.99, 0.00, 0.00)
(334.99, 0.00, 0.00)
(336.45, 0.00, 0.00)
(336.45, 0.00, 0.00)
(336.45, 0.00, 0.00)
(336.45, 0.00, 0.00)
(336.45, 0.00, 0.00)
(336.45, 0.00, 0.00)
(342.00, 0.00, 0.00)
(342.00, 0.00, 0.00)
(342.00, 0.00, 0.00)
(342.00, 0.00, 0.00)
(322.45, 0.00, 0.00)
(322.45, 0.00, 0.00)
(322.45, 0.00, 0.00)
(322.45, 0.00, 0.00)
(320.24, 0.00, 0.00)
(320.24, 0.00, 0.00)
(332.24, 0.00, 0.00)
(332.24, 0.00, 0.00)
(332.24, 0.00, 0.00)
(332.24, 0.00, 0.00)
(341.09, 0.00, 0.00)
(341.09, 0.00, 0.00)
(341.09, 0.00, 0.00)
(341.09, 0.00, 0.00)
(341.09, 0.00, 0.00)
(328.12, 0.00, 0.00)
(328.12, 0.00, 0.00)
(299.58, 0.00, 0.00)
(299.58, 0.00, 0.00)
(299.58, 0.00, 0.00)
(299.58, 0.00, 0.00)
(292.09, 0.00, 0.00)
(292.09, 0.00, 0.00)
(292.09, 0.00, 0.00)
(292.09, 0.00, 0.00)
(292.09, 0.00, 0.00)
(290.56, 0.00, 0.00)
(290.56, 0.00, 0.00)
(289.17, 0.00, 0.00)
(289.17, 0.00, 0.00)
(289.17, 0.00, 0.00)
(289.17, 0.00, 0.00)
(289.17, 0.00, 0.00)
(289.17, 0.00, 0.00)
(286.48, 0.00, 0.00)
(286.48, 0.00, 0.00)
(287.54, 0.00, 0.00)
(287.54, 0.00, 0.00)
(287.54, 0.00, 0.00)
(287.23, 0.00, 0.00)
(287.23, 0.00, 0.00)
(286.68, 0.00, 0.00)
(286.68, 0.00, 0.00)
(286.68, 0.00, 0.00)
(286.68, 0.00, 0.00)
(286.68, 0.00, 0.00)
(286.68, 0.00, 0.00)
(286.68, 0.00, 0.00)
(286.68, 0.00, 0.00)
(283.74, 0.00, 0.00)
(283.74, 0.00, 0.00)
(283.74, 0.00, 0.00)
(283.74, 0.00, 0.00)
(283.74, 0.00, 0.00)
(283.74, 0.00, 0.00)
(283.74, 0.00, 0.00)
(284.13, 0.00, 0.00)
(284.13, 0.00, 0.00)
(283.28, 0.00, 0.00)
(283.28, 0.00, 0.00)
(283.28, 0.00, 0.00)
(283.28, 0.00, 0.00)
(281.23, 0.00, 0.00)
(281.23, 0.00, 0.00)
(279.89, 0.00, 0.00)
(279.89, 0.00, 0.00)
(279.89, 0.00, 0.00)
(279.89, 0.00, 0.00)
(279.89, 0.00, 0.00)
(279.61, 0.00, 0.00)
(279.61, 0.00, 0.00)
(279.92, 0.00, 0.00)
(279.92, 0.00, 0.00)
(279.92, 0.00, 0.00)
(279.92, 0.00, 0.00)
(279.92, 0.00, 0.00)
(279.92, 0.00, 0.00)
(279.92, 0.00, 0.00)
(279.10, 0.00, 0.00)
(279.09, 0.00, 0.00)
(279.09, 0.00, 0.00)
(279.09, 0.00, 0.00)
(279.09, 0.00, 0.00)
(279.09, 0.00, 0.00)
(278.81, 0.00, 0.00)
(278.81, 0.00, 0.00)
(277.80, 0.00, 0.00)
(277.80, 0.00, 0.00)
(277.80, 0.00, 0.00)
(277.80, 0.00, 0.00)
(276.92, 0.00, 0.00)
(276.92, 0.00, 0.00)
(276.92, 0.00, 0.00)
(276.92, 0.00, 0.00)
(275.62, 0.00, 0.00)
(275.62, 0.00, 0.00)
(275.62, 0.00, 0.00)
(275.62, 0.00, 0.00)
(275.62, 0.00, 0.00)
(274.85, 0.00, 0.00)
(274.85, 0.00, 0.00)
(274.85, 0.00, 0.00)
(274.85, 0.00, 0.00)
(275.55, 0.00, 0.00)
(276.03, 0.00, 0.00)
(276.03, 0.00, 0.00)
(276.03, 0.00, 0.00)
(276.03, 0.00, 0.00)
(276.03, 0.00, 0.00)
(275.84, 0.00, 0.00)
(275.68, 0.00, 0.00)
(275.68, 0.00, 0.00)
(275.68, 0.00, 0.00)
(275.68, 0.00, 0.00)
(274.97, 0.00, 0.00)
(274.97, 0.00, 0.00)
(274.97, 0.00, 0.00)
(274.97, 0.00, 0.00)
(274.97, 0.00, 0.00)
(275.10, 0.00, 0.00)
(275.10, 0.00, 0.00)
(275.10, 0.00, 0.00)
(275.10, 0.00, 0.00)
(275.10, 0.00, 0.00)
(275.10, 0.00, 0.00)
(275.10, 0.00, 0.00)
(275.10, 0.00, 0.00)
(275.10, 0.00, 0.00)
(275.10, 0.00, 0.00)
(275.10, 0.00, 0.00)
(275.10, 0.00, 0.00)
(275.10, 0.00, 0.00)
(275.10, 0.00, 0.00)
(275.10, 0.00, 0.00)
(275.10, 0.00, 0.00)
(275.10, 0.00, 0.00)
(275.10, 0.00, 0.00)
(275.10, 0.00, 0.00)
(275.10, 0.00, 0.00)
(275.10, 0.00, 0.00)
(275.10, 0.00, 0.00)
(275.05, 0.00, 0.00)
(275.05, 0.00, 0.00)
(275.05, 0.00, 0.00)
(275.05, 0.00, 0.00)
(275.05, 0.00, 0.00)
(274.89, 0.00, 0.00)
(274.89, 0.00, 0.00)
(274.89, 0.00, 0.00)
(274.89, 0.00, 0.00)
(274.73, 0.00, 0.00)
(274.73, 0.00, 0.00)
(274.73, 0.00, 0.00)
(274.73, 0.00, 0.00)
(274.64, 0.00, 0.00)
(274.64, 0.00, 0.00)
(274.64, 0.00, 0.00)
(274.87, 0.00, 0.00)
(274.87, 0.00, 0.00)
(274.87, 0.00, 0.00)
(274.87, 0.00, 0.00)
(274.65, 0.00, 0.00)
(275.06, 0.00, 0.00)
(275.06, 0.00, 0.00)
(275.06, 0.00, 0.00)
(275.06, 0.00, 0.00)
(275.06, 0.00, 0.00)
(275.06, 0.00, 0.00)
(275.11, 0.00, 0.00)
(275.11, 0.00, 0.00)
(275.09, 0.00, 0.00)
(275.09, 0.00, 0.00)
(275.09, 0.00, 0.00)
(274.99, 0.00, 0.00)
(274.99, 0.00, 0.00)
(274.99, 0.00, 0.00)
(274.99, 0.00, 0.00)
(275.11, 0.00, 0.00)
(275.11, 0.00, 0.00)
(275.11, 0.00, 0.00)
(275.11, 0.00, 0.00)
(275.11, 0.00, 0.00)
(275.11, 0.00, 0.00)
(275.48, 0.00, 0.00)
(275.12, 0.00, 0.00)
(275.12, 0.00, 0.00)
(275.10, 0.00, 0.00)
(275.10, 0.00, 0.00)
(274.91, 0.00, 0.00)
(274.91, 0.00, 0.00)
(274.91, 0.00, 0.00)
(274.91, 0.00, 0.00)
(274.54, 0.00, 0.00)
(274.54, 0.00, 0.00)
(275.08, 0.00, 0.00)
(275.08, 0.00, 0.00)
(275.08, 0.00, 0.00)
(275.29, 0.00, 0.00)
(275.29, 0.00, 0.00)
(275.29, 0.00, 0.00)
(275.29, 0.00, 0.00)
(275.29, 0.00, 0.00)
(275.22, 0.00, 0.00)
(275.22, 0.00, 0.00)
(275.25, 0.00, 0.00)
(275.25, 0.00, 0.00)
(275.25, 0.00, 0.00)
(275.25, 0.00, 0.00)
(275.25, 0.00, 0.00)
(274.68, 0.00, 0.00)
(274.68, 0.00, 0.00)
(274.68, 0.00, 0.00)
(274.86, 0.00, 0.00)
(274.86, 0.00, 0.00)
(274.86, 0.00, 0.00)
(274.86, 0.00, 0.00)
(275.20, 0.00, 0.00)
(275.20, 0.00, 0.00)
(275.20, 0.00, 0.00)
(275.20, 0.00, 0.00)
(275.29, 0.00, 0.00)
(275.29, 0.00, 0.00)
(275.29, 0.00, 0.00)
(275.29, 0.00, 0.00)
(274.95, 0.00, 0.00)
(274.95, 0.00, 0.00)
(274.95, 0.00, 0.00)
(274.77, 0.00, 0.00)
(274.77, 0.00, 0.00)
(274.77, 0.00, 0.00)
(274.77, 0.00, 0.00)
(275.06, 0.00, 0.00)
(275.06, 0.00, 0.00)
(275.06, 0.00, 0.00)
(275.28, 0.00, 0.00)
(275.28, 0.00, 0.00)
(275.28, 0.00, 0.00)
(275.28, 0.00, 0.00)
(274.68, 0.00, 0.00)
(274.68, 0.00, 0.00)
(274.68, 0.00, 0.00)
(274.68, 0.00, 0.00)
(274.87, 0.00, 0.00)
(274.87, 0.00, 0.00)
(274.87, 0.00, 0.00)
(274.91, 0.00, 0.00)
(274.91, 0.00, 0.00)
(274.91, 0.00, 0.00)
(275.12, 0.00, 0.00)
(275.12, 0.00, 0.00)
(275.12, 0.00, 0.00)
(275.12, 0.00, 0.00)
(274.67, 0.00, 0.00)
(274.67, 0.00, 0.00)
(274.67, 0.00, 0.00)
(274.83, 0.00, 0.00)
(274.83, 0.00, 0.00)
(274.83, 0.00, 0.00)
(274.83, 0.00, 0.00)
(274.96, 0.00, 0.00)
(274.96, 0.00, 0.00)
(274.96, 0.00, 0.00)
(274.96, 0.00, 0.00)
(274.95, 0.00, 0.00)
(274.95, 0.00, 0.00)
(274.95, 0.00, 0.00)
(274.95, 0.00, 0.00)
(274.95, 0.00, 0.00)
(274.58, 0.00, 0.00)
(274.58, 0.00, 0.00)
(274.58, 0.00, 0.00)
(274.58, 0.00, 0.00)
(274.90, 0.00, 0.00)
(274.90, 0.00, 0.00)
(274.75, 0.00, 0.00)
(274.75, 0.00, 0.00)
(274.75, 0.00, 0.00)
(274.75, 0.00, 0.00)
(274.53, 0.00, 0.00)
(274.53, 0.00, 0.00)
(274.53, 0.00, 0.00)
(274.53, 0.00, 0.00)
(274.53, 0.00, 0.00)
(274.53, 0.00, 0.00)
(274.92, 0.00, 0.00)
(274.92, 0.00, 0.00)
(274.63, 0.00, 0.00)
(274.63, 0.00, 0.00)
(274.63, 0.00, 0.00)
(274.63, 0.00, 0.00)
(274.20, 0.00, 0.00)
(274.20, 0.00, 0.00)
(274.20, 0.00, 0.00)
(274.20, 0.00, 0.00)
(274.20, 0.00, 0.00)
(274.34, 0.00, 0.00)
(274.34, 0.00, 0.00)
(274.34, 0.00, 0.00)
(274.34, 0.00, 0.00)
(274.34, 0.00, 0.00)
(274.39, 0.00, 0.00)
(274.47, 0.00, 0.00)
(274.47, 0.00, 0.00)
(274.47, 0.00, 0.00)
(274.41, 0.00, 0.00)
(274.41, 0.00, 0.00)
(274.41, 0.00, 0.00)
(274.41, 0.00, 0.00)
(274.55, 0.00, 0.00)
(274.55, 0.00, 0.00)
(274.55, 0.00, 0.00)
(274.55, 0.00, 0.00)
(274.57, 0.00, 0.00)
(274.57, 0.00, 0.00)
(274.02, 0.00, 0.00)
(274.02, 0.00, 0.00)
(274.02, 0.00, 0.00)
(274.02, 0.00, 0.00)
(274.02, 0.00, 0.00)
(274.24, 0.00, 0.00)
(274.24, 0.00, 0.00)
(274.24, 0.00, 0.00)
(274.24, 0.00, 0.00)
(274.53, 0.00, 0.00)
(274.53, 0.00, 0.00)
(274.53, 0.00, 0.00)
(274.23, 0.00, 0.00)
(274.23, 0.00, 0.00)
(274.23, 0.00, 0.00)
(274.12, 0.00, 0.00)
(274.12, 0.00, 0.00)
(274.12, 0.00, 0.00)
(274.12, 0.00, 0.00)
(274.12, 0.00, 0.00)
(273.92, 0.00, 0.00)
(273.92, 0.00, 0.00)
(273.92, 0.00, 0.00)
(273.92, 0.00, 0.00)
(273.79, 0.00, 0.00)
(273.79, 0.00, 0.00)
(273.79, 0.00, 0.00)
(273.79, 0.00, 0.00)
(273.79, 0.00, 0.00)
(274.05, 0.00, 0.00)
(274.05, 0.00, 0.00)
(274.05, 0.00, 0.00)
(273.70, 0.00, 0.00)
(273.70, 0.00, 0.00)
(273.70, 0.00, 0.00)
(273.61, 0.00, 0.00)
(273.61, 0.00, 0.00)
(273.73, 0.00, 0.00)
(273.73, 0.00, 0.00)
(273.73, 0.00, 0.00)
(273.73, 0.00, 0.00)
(273.88, 0.00, 0.00)
(273.88, 0.00, 0.00)
(273.88, 0.00, 0.00)
(273.31, 0.00, 0.00)
(273.31, 0.00, 0.00)
(273.31, 0.00, 0.00)
(273.31, 0.00, 0.00)
(273.31, 0.00, 0.00)
(273.33, 0.00, 0.00)
(273.33, 0.00, 0.00)
(273.26, 0.00, 0.00)
(273.26, 0.00, 0.00)
(273.26, 0.00, 0.00)
(273.26, 0.00, 0.00)
(273.26, 0.00, 0.00)
(273.26, 0.00, 0.00)
(273.26, 0.00, 0.00)
(273.33, 0.00, 0.00)
(273.33, 0.00, 0.00)
(273.33, 0.00, 0.00)
(273.33, 0.00, 0.00)
(273.01, 0.00, 0.00)
(273.01, 0.00, 0.00)
(273.01, 0.00, 0.00)
(273.01, 0.00, 0.00)
(273.02, 0.00, 0.00)
(273.02, 0.00, 0.00)
(273.02, 0.00, 0.00)
(273.00, 0.00, 0.00)
(273.00, 0.00, 0.00)
(273.00, 0.00, 0.00)
(273.00, 0.00, 0.00)
(272.94, 0.00, 0.00)
(272.94, 0.00, 0.00)
(272.94, 0.00, 0.00)
(272.94, 0.00, 0.00)
(272.71, 0.00, 0.00)
(272.71, 0.00, 0.00)
(272.71, 0.00, 0.00)
(272.71, 0.00, 0.00)
(272.71, 0.00, 0.00)
(272.71, 0.00, 0.00)
(272.59, 0.00, 0.00)
(272.53, 0.00, 0.00)
(272.53, 0.00, 0.00)
(272.53, 0.00, 0.00)
(272.53, 0.00, 0.00)
(272.36, 0.00, 0.00)
(272.36, 0.00, 0.00)
(272.36, 0.00, 0.00)
(272.36, 0.00, 0.00)
(272.36, 0.00, 0.00)
(272.20, 0.00, 0.00)
(272.20, 0.00, 0.00)
(272.20, 0.00, 0.00)
(272.20, 0.00, 0.00)
(272.38, 0.00, 0.00)
(272.38, 0.00, 0.00)
(272.41, 0.00, 0.00)
(272.41, 0.00, 0.00)
(272.41, 0.00, 0.00)
(272.41, 0.00, 0.00)
(272.11, 0.00, 0.00)
(272.11, 0.00, 0.00)
(272.11, 0.00, 0.00)
(272.11, 0.00, 0.00)
(272.11, 0.00, 0.00)
(271.50, 0.00, 0.00)
(271.50, 0.00, 0.00)
(271.50, 0.00, 0.00)
(271.50, 0.00, 0.00)
(272.02, 0.00, 0.00)
(272.02, 0.00, 0.00)
(272.02, 0.00, 0.00)
(272.02, 0.00, 0.00)
(272.02, 0.00, 0.00)
(272.02, 0.00, 0.00)
(272.02, 0.00, 0.00)
(272.02, 0.00, 0.00)
(272.02, 0.00, 0.00)
(272.02, 0.00, 0.00)
(272.02, 0.00, 0.00)
(271.82, 0.00, 0.00)
(271.82, 0.00, 0.00)
(271.82, 0.00, 0.00)
(271.82, 0.00, 0.00)
(271.55, 0.00, 0.00)
(271.55, 0.00, 0.00)
(271.55, 0.00, 0.00)
(271.55, 0.00, 0.00)
(271.12, 0.00, 0.00)
(271.12, 0.00, 0.00)
(271.12, 0.00, 0.00)
(271.50, 0.00, 0.00)
(271.50, 0.00, 0.00)
(271.50, 0.00, 0.00)
(271.50, 0.00, 0.00)
(272.09, 0.00, 0.00)
(271.02, 0.00, 0.00)
(271.02, 0.00, 0.00)
(271.02, 0.00, 0.00)
(271.02, 0.00, 0.00)
(271.53, 0.00, 0.00)
(271.53, 0.00, 0.00)
(271.53, 0.00, 0.00)
(271.53, 0.00, 0.00)
(271.53, 0.00, 0.00)
(271.41, 0.00, 0.00)
(271.41, 0.00, 0.00)
(271.41, 0.00, 0.00)
(271.41, 0.00, 0.00)
(271.41, 0.00, 0.00)
(271.55, 0.00, 0.00)
(271.55, 0.00, 0.00)
(271.55, 0.00, 0.00)
(270.90, 0.00, 0.00)
(270.90, 0.00, 0.00)
(270.90, 0.00, 0.00)
(271.11, 0.00, 0.00)
(271.11, 0.00, 0.00)
(271.11, 0.00, 0.00)
(271.11, 0.00, 0.00)
(270.77, 0.00, 0.00)
(270.77, 0.00, 0.00)
(270.77, 0.00, 0.00)
(270.77, 0.00, 0.00)
(270.77, 0.00, 0.00)
(270.77, 0.00, 0.00)
(270.77, 0.00, 0.00)
(270.77, 0.00, 0.00)
(270.40, 0.00, 0.00)
(270.40, 0.00, 0.00)
(270.40, 0.00, 0.00)
(270.40, 0.00, 0.00)
(270.40, 0.00, 0.00)
(270.40, 0.00, 0.00)
(270.80, 0.00, 0.00)
(270.80, 0.00, 0.00)
(271.05, 0.00, 0.00)
(271.05, 0.00, 0.00)
(271.05, 0.00, 0.00)
(271.05, 0.00, 0.00)
(270.62, 0.00, 0.00)
(270.62, 0.00, 0.00)
(270.62, 0.00, 0.00)
(270.62, 0.00, 0.00)
(271.05, 0.00, 0.00)
(271.05, 0.00, 0.00)
(271.05, 0.00, 0.00)
(271.05, 0.00, 0.00)
(272.24, 0.00, 0.00)
(272.24, 0.00, 0.00)
(271.69, 0.00, 0.00)
(271.69, 0.00, 0.00)
(271.69, 0.00, 0.00)
(271.69, 0.00, 0.00)
(270.85, 0.00, 0.00)
(270.85, 0.00, 0.00)
(270.85, 0.00, 0.00)
(271.48, 0.00, 0.00)
(271.48, 0.00, 0.00)
(271.48, 0.00, 0.00)
(271.48, 0.00, 0.00)
(270.44, 0.00, 0.00)
(270.44, 0.00, 0.00)
(270.44, 0.00, 0.00)
(270.44, 0.00, 0.00)
(271.62, 0.00, 0.00)
(271.62, 0.00, 0.00)
(271.62, 0.00, 0.00)
(271.62, 0.00, 0.00)
(272.78, 0.00, 0.00)
(272.78, 0.00, 0.00)
(272.78, 0.00, 0.00)
(274.30, 0.00, 0.00)
(274.30, 0.00, 0.00)
(274.30, 0.00, 0.00)
(274.30, 0.00, 0.00)
(275.05, 0.00, 0.00)
(275.05, 0.00, 0.00)
(275.05, 0.00, 0.00)
(274.78, 0.00, 0.00)
(274.78, 0.00, 0.00)
(274.78, 0.00, 0.00)
(274.78, 0.00, 0.00)
(274.78, 0.00, 0.00)
(273.45, 0.00, 0.00)
(273.45, 0.00, 0.00)
(272.05, 0.00, 0.00)
(272.05, 0.00, 0.00)
(272.05, 0.00, 0.00)
(272.05, 0.00, 0.00)
(272.05, 0.00, 0.00)
(271.78, 0.00, 0.00)
(271.78, 0.00, 0.00)
(271.78, 0.00, 0.00)
(271.78, 0.00, 0.00)
(272.29, 0.00, 0.00)
(272.29, 0.00, 0.00)
(272.29, 0.00, 0.00)
(272.56, 0.00, 0.00)
(272.56, 0.00, 0.00)
(272.56, 0.00, 0.00)
(273.27, 0.00, 0.00)
(273.27, 0.00, 0.00)
(273.27, 0.00, 0.00)
(273.27, 0.00, 0.00)
(273.27, 0.00, 0.00)
(272.91, 0.00, 0.00)
(272.91, 0.00, 0.00)
(272.27, 0.00, 0.00)
(272.27, 0.00, 0.00)
(272.27, 0.00, 0.00)
(272.27, 0.00, 0.00)
(272.31, 0.00, 0.00)
(272.31, 0.00, 0.00)
(272.31, 0.00, 0.00)
(272.71, 0.00, 0.00)
(272.71, 0.00, 0.00)
(272.71, 0.00, 0.00)
(272.51, 0.00, 0.00)
(272.51, 0.00, 0.00)
(272.51, 0.00, 0.00)
(272.51, 0.00, 0.00)
(272.51, 0.00, 0.00)
(273.04, 0.00, 0.00)
(273.04, 0.00, 0.00)
(273.04, 0.00, 0.00)
(272.61, 0.00, 0.00)
(272.61, 0.00, 0.00)
(273.01, 0.00, 0.00)
(273.01, 0.00, 0.00)
(273.01, 0.00, 0.00)
(273.01, 0.00, 0.00)
(272.74, 0.00, 0.00)
(272.74, 0.00, 0.00)
(272.74, 0.00, 0.00)
(272.74, 0.00, 0.00)
(273.14, 0.00, 0.00)
(273.14, 0.00, 0.00)
(273.14, 0.00, 0.00)
(273.14, 0.00, 0.00)
(273.36, 0.00, 0.00)
(273.36, 0.00, 0.00)
(273.36, 0.00, 0.00)
(272.84, 0.00, 0.00)
(272.84, 0.00, 0.00)
(272.84, 0.00, 0.00)
(272.89, 0.00, 0.00)
(272.89, 0.00, 0.00)
(272.89, 0.00, 0.00)
(272.89, 0.00, 0.00)
(274.00, 0.00, 0.00)
(274.00, 0.00, 0.00)
(274.00, 0.00, 0.00)
(274.00, 0.00, 0.00)
(275.00, 0.00, 0.00)
(275.00, 0.00, 0.00)
(275.00, 0.00, 0.00)
(275.83, 0.00, 0.00)
(275.83, 0.00, 0.00)
(275.83, 0.00, 0.00)
(275.83, 0.00, 0.00)
(292.67, 0.00, 0.00)
(292.67, 0.00, 0.00)
(292.67, 0.00, 0.00)
(292.67, 0.00, 0.00)
(292.67, 0.00, 0.00)
(292.01, 0.00, 0.00)
(292.01, 0.00, 0.00)
(286.04, 0.00, 0.00)
(286.04, 0.00, 0.00)
(286.04, 0.00, 0.00)
(286.04, 0.00, 0.00)
(286.04, 0.00, 0.00)
(289.78, 0.00, 0.00)
(289.78, 0.00, 0.00)
(289.78, 0.00, 0.00)
(289.78, 0.00, 0.00)
(289.78, 0.00, 0.00)
(292.21, 0.00, 0.00)
(301.91, 0.00, 0.00)
(301.91, 0.00, 0.00)
(301.91, 0.00, 0.00)
(301.91, 0.00, 0.00)
(301.91, 0.00, 0.00)
(299.75, 0.00, 0.00)
(299.75, 0.00, 0.00)
(299.75, 0.00, 0.00)
(299.75, 0.00, 0.00)
(299.75, 0.00, 0.00)
(304.11, 0.00, 0.00)
(309.30, 0.00, 0.00)
(309.30, 0.00, 0.00)
(309.30, 0.00, 0.00)
(309.30, 0.00, 0.00)
(309.30, 0.00, 0.00)
(308.63, 0.00, 0.00)
(308.63, 0.00, 0.00)
(308.63, 0.00, 0.00)
(308.63, 0.00, 0.00)
(308.63, 0.00, 0.00)
(308.63, 0.00, 0.00)
(314.42, 0.00, 0.00)
(327.40, 0.00, 0.00)
(327.40, 0.00, 0.00)
(327.40, 0.00, 0.00)
(327.40, 0.00, 0.00)
(327.40, 0.00, 0.00)
(321.61, 0.00, 0.00)
(321.61, 0.00, 0.00)
(321.61, 0.00, 0.00)
(317.58, 0.00, 0.00)
(317.58, 0.00, 0.00)
(317.58, 0.00, 0.00)
(323.27, 0.00, 0.00)
(323.27, 0.00, 0.00)
(323.27, 0.00, 0.00)
(323.27, 0.00, 0.00)
(323.27, 0.00, 0.00)
(336.81, 0.00, 0.00)
(336.81, 0.00, 0.00)
(336.81, 0.00, 0.00)
(336.81, 0.00, 0.00)
(336.81, 0.00, 0.00)
(330.96, 0.00, 0.00)
(330.96, 0.00, 0.00)
(333.64, 0.00, 0.00)
(333.64, 0.00, 0.00)
(333.64, 0.00, 0.00)
(333.64, 0.00, 0.00)
(333.64, 0.00, 0.00)
(333.97, 0.00, 0.00)
(333.97, 0.00, 0.00)
(333.97, 0.00, 0.00)
(333.97, 0.00, 0.00)
(333.97, 0.00, 0.00)
(336.85, 0.00, 0.00)
(337.56, 0.00, 0.00)
(337.56, 0.00, 0.00)
(337.56, 0.00, 0.00)
(337.56, 0.00, 0.00)
(337.24, 0.00, 0.00)
(337.24, 0.00, 0.00)
(337.24, 0.00, 0.00)
(337.24, 0.00, 0.00)
(337.24, 0.00, 0.00)
(335.14, 0.00, 0.00)
(341.86, 0.00, 0.00)
(341.86, 0.00, 0.00)
(341.86, 0.00, 0.00)
(341.86, 0.00, 0.00)
(341.86, 0.00, 0.00)
(337.60, 0.00, 0.00)
(337.60, 0.00, 0.00)
(337.60, 0.00, 0.00)
(337.60, 0.00, 0.00)
(337.60, 0.00, 0.00)
(351.21, 0.00, 0.00)
(351.21, 0.00, 0.00)
(351.21, 0.00, 0.00)
(351.21, 0.00, 0.00)
(344.31, 0.00, 0.00)
(344.31, 0.00, 0.00)
(344.31, 0.00, 0.00)
(344.31, 0.00, 0.00)
(344.31, 0.00, 0.00)
(344.31, 0.00, 0.00)
(344.31, 0.00, 0.00)
(345.42, 0.00, 0.00)
(345.42, 0.00, 0.00)
(345.42, 0.00, 0.00)
(345.42, 0.00, 0.00)
(349.64, 0.00, 0.00)
(349.64, 0.00, 0.00)
(349.64, 0.00, 0.00)
(349.64, 0.00, 0.00)
(349.64, 0.00, 0.00)
(340.96, 0.00, 0.00)
(340.96, 0.00, 0.00)
(340.96, 0.00, 0.00)
(338.96, 0.00, 0.00)
(338.96, 0.00, 0.00)
(338.96, 0.00, 0.00)
(338.96, 0.00, 0.00)
(335.89, 0.00, 0.00)
(335.89, 0.00, 0.00)
(327.30, 0.00, 0.00)
(327.30, 0.00, 0.00)
(327.30, 0.00, 0.00)
(327.30, 0.00, 0.00)
(327.30, 0.00, 0.00)
(316.38, 0.00, 0.00)
(316.38, 0.00, 0.00)
(316.38, 0.00, 0.00)
(316.38, 0.00, 0.00)
(311.94, 0.00, 0.00)
(311.94, 0.00, 0.00)
(311.94, 0.00, 0.00)
(311.94, 0.00, 0.00)
(295.87, 0.00, 0.00)
(295.87, 0.00, 0.00)
(295.87, 0.00, 0.00)
(294.85, 0.00, 0.00)
(294.85, 0.00, 0.00)
(294.85, 0.00, 0.00)
(296.41, 0.00, 0.00)
(296.41, 0.00, 0.00)
(296.41, 0.00, 0.00)
(296.41, 0.00, 0.00)
(296.41, 0.00, 0.00)
(295.07, 0.00, 0.00)
(295.07, 0.00, 0.00)
(295.07, 0.00, 0.00)
(289.25, 0.00, 0.00)
(289.25, 0.00, 0.00)
(289.25, 0.00, 0.00)
(289.25, 0.00, 0.00)
(278.15, 0.00, 0.00)
(278.15, 0.00, 0.00)
(279.86, 0.00, 0.00)
(279.86, 0.00, 0.00)
(279.86, 0.00, 0.00)
(279.86, 0.00, 0.00)
(279.86, 0.00, 0.00)
(281.19, 0.00, 0.00)
(281.19, 0.00, 0.00)
(281.19, 0.00, 0.00)
(280.02, 0.00, 0.00)
(280.02, 0.00, 0.00)
(280.02, 0.00, 0.00)
(280.02, 0.00, 0.00)
(280.02, 0.00, 0.00)
(276.96, 0.00, 0.00)
(276.96, 0.00, 0.00)
(276.96, 0.00, 0.00)
(273.71, 0.00, 0.00)
(273.71, 0.00, 0.00)
(273.71, 0.00, 0.00)
(272.17, 0.00, 0.00)
(272.17, 0.00, 0.00)
(272.17, 0.00, 0.00)
(272.17, 0.00, 0.00)
(274.17, 0.00, 0.00)
(274.17, 0.00, 0.00)
(274.17, 0.00, 0.00)
(274.17, 0.00, 0.00)
(272.96, 0.00, 0.00)
(272.96, 0.00, 0.00)
(270.51, 0.00, 0.00)
(270.51, 0.00, 0.00)
(270.51, 0.00, 0.00)
(270.51, 0.00, 0.00)
(272.35, 0.00, 0.00)
(272.35, 0.00, 0.00)
(272.35, 0.00, 0.00)
(272.35, 0.00, 0.00)
(271.58, 0.00, 0.00)
(271.58, 0.00, 0.00)
(271.58, 0.00, 0.00)
(271.58, 0.00, 0.00)
(271.69, 0.00, 0.00)
(271.69, 0.00, 0.00)
(271.69, 0.00, 0.00)
(271.47, 0.00, 0.00)
(271.47, 0.00, 0.00)
(271.39, 0.00, 0.00)
(271.39, 0.00, 0.00)
(271.39, 0.00, 0.00)
(271.39, 0.00, 0.00)
(272.15, 0.00, 0.00)
(272.15, 0.00, 0.00)
(272.15, 0.00, 0.00)
(272.15, 0.00, 0.00)
(272.15, 0.00, 0.00)
(273.27, 0.00, 0.00)
(273.27, 0.00, 0.00)
(272.81, 0.00, 0.00)
(272.81, 0.00, 0.00)
(272.81, 0.00, 0.00)
(272.81, 0.00, 0.00)
(271.36, 0.00, 0.00)
(271.36, 0.00, 0.00)
(271.36, 0.00, 0.00)
(271.36, 0.00, 0.00)
(271.36, 0.00, 0.00)
(271.82, 0.00, 0.00)
(271.82, 0.00, 0.00)
(272.73, 0.00, 0.00)
(272.73, 0.00, 0.00)
(272.73, 0.00, 0.00)
(272.73, 0.00, 0.00)
(272.66, 0.00, 0.00)
(272.66, 0.00, 0.00)
(272.66, 0.00, 0.00)
(272.66, 0.00, 0.00)
(271.53, 0.00, 0.00)
(271.53, 0.00, 0.00)
(271.53, 0.00, 0.00)
(271.53, 0.00, 0.00)
(270.52, 0.00, 0.00)
(270.52, 0.00, 0.00)
(270.52, 0.00, 0.00)
(272.75, 0.00, 0.00)
(272.75, 0.00, 0.00)
(272.75, 0.00, 0.00)
(272.75, 0.00, 0.00)
(272.71, 0.00, 0.00)
(272.71, 0.00, 0.00)
(272.71, 0.00, 0.00)
(272.71, 0.00, 0.00)
(272.71, 0.00, 0.00)
(271.54, 0.00, 0.00)
(271.54, 0.00, 0.00)
(272.48, 0.00, 0.00)
(272.48, 0.00, 0.00)
(272.48, 0.00, 0.00)
(272.48, 0.00, 0.00)
(272.34, 0.00, 0.00)
(272.34, 0.00, 0.00)
(272.34, 0.00, 0.00)
(272.34, 0.00, 0.00)
(272.34, 0.00, 0.00)
(271.74, 0.00, 0.00)
(271.74, 0.00, 0.00)
(271.74, 0.00, 0.00)
(271.21, 0.00, 0.00)
(271.21, 0.00, 0.00)
(271.21, 0.00, 0.00)
(271.21, 0.00, 0.00)
(271.21, 0.00, 0.00)
(271.21, 0.00, 0.00)
(271.21, 0.00, 0.00)
(271.08, 0.00, 0.00)
(270.45, 0.00, 0.00)
(270.45, 0.00, 0.00)
(270.45, 0.00, 0.00)
(270.67, 0.00, 0.00)
(270.67, 0.00, 0.00)
(270.67, 0.00, 0.00)
(270.67, 0.00, 0.00)
(271.28, 0.00, 0.00)
(271.28, 0.00, 0.00)
(271.28, 0.00, 0.00)
(271.28, 0.00, 0.00)
(271.49, 0.00, 0.00)
(271.49, 0.00, 0.00)
(271.49, 0.00, 0.00)
(275.26, 0.00, 0.00)
(275.26, 0.00, 0.00)
(275.26, 0.00, 0.00)
(275.26, 0.00, 0.00)
(275.26, 0.00, 0.00)
(279.67, 0.00, 0.00)
(279.67, 0.00, 0.00)
(279.67, 0.00, 0.00)
(279.67, 0.00, 0.00)
(284.21, 0.00, 0.00)
(284.21, 0.00, 0.00)
(284.21, 0.00, 0.00)
(284.21, 0.00, 0.00)
(284.21, 0.00, 0.00)
(284.21, 0.00, 0.00)
(284.21, 0.00, 0.00)
(302.79, 0.00, 0.00)
(302.79, 0.00, 0.00)
(302.79, 0.00, 0.00)
(302.79, 0.00, 0.00)
(302.79, 0.00, 0.00)
(302.79, 0.00, 0.00)
(302.79, 0.00, 0.00)
(299.07, 0.00, 0.00)
(299.07, 0.00, 0.00)
(296.21, 0.00, 0.00)
(296.21, 0.00, 0.00)
(304.24, 0.00, 0.00)
(304.24, 0.00, 0.00)
(304.24, 0.00, 0.00)
(304.24, 0.00, 0.00)
(307.30, 0.00, 0.00)
(307.30, 0.00, 0.00)
(307.30, 0.00, 0.00)
(307.30, 0.00, 0.00)
(307.30, 0.00, 0.00)
(307.82, 0.00, 0.00)
(307.82, 0.00, 0.00)
(310.11, 0.00, 0.00)
(310.11, 0.00, 0.00)
(310.11, 0.00, 0.00)
(310.11, 0.00, 0.00)
(310.11, 0.00, 0.00)
(310.11, 0.00, 0.00)
(311.20, 0.00, 0.00)
(311.20, 0.00, 0.00)
(311.20, 0.00, 0.00)
(323.48, 0.00, 0.00)
(322.73, 0.00, 0.00)
(322.73, 0.00, 0.00)
(322.73, 0.00, 0.00)
(322.73, 0.00, 0.00)
(334.37, 0.00, 0.00)
(334.37, 0.00, 0.00)
(334.37, 0.00, 0.00)
(334.37, 0.00, 0.00)
(336.19, 0.00, 0.00)
(336.19, 0.00, 0.00)
(336.19, 0.00, 0.00)
(336.19, 0.00, 0.00)
(336.19, 0.00, 0.00)
(334.19, 0.00, 0.00)
(330.39, 0.00, 0.00)
(330.39, 0.00, 0.00)
(330.39, 0.00, 0.00)
(330.39, 0.00, 0.00)
(330.39, 0.00, 0.00)
(340.15, 0.00, 0.00)
(340.15, 0.00, 0.00)
(339.03, 0.00, 0.00)
(339.03, 0.00, 0.00)
(339.03, 0.00, 0.00)
(339.03, 0.00, 0.00)
(339.03, 0.00, 0.00)
(339.03, 0.00, 0.00)
(339.03, 0.00, 0.00)
(334.26, 0.00, 0.00)
(336.17, 0.00, 0.00)
(336.17, 0.00, 0.00)
(336.17, 0.00, 0.00)
(336.17, 0.00, 0.00)
(336.17, 0.00, 0.00)
(341.23, 0.00, 0.00)
(341.23, 0.00, 0.00)
(341.23, 0.00, 0.00)
(341.23, 0.00, 0.00)
(343.66, 0.00, 0.00)
(343.66, 0.00, 0.00)
(343.66, 0.00, 0.00)
(345.43, 0.00, 0.00)
(345.43, 0.00, 0.00)
(345.43, 0.00, 0.00)
(345.43, 0.00, 0.00)
(343.27, 0.00, 0.00)
(343.27, 0.00, 0.00)
(338.96, 0.00, 0.00)
(338.96, 0.00, 0.00)
(338.96, 0.00, 0.00)
(338.96, 0.00, 0.00)
(338.96, 0.00, 0.00)
(322.62, 0.00, 0.00)
(317.44, 0.00, 0.00)
(317.44, 0.00, 0.00)
(317.44, 0.00, 0.00)
(324.03, 0.00, 0.00)
(324.03, 0.00, 0.00)
(324.03, 0.00, 0.00)
(324.03, 0.00, 0.00)
(324.03, 0.00, 0.00)
(324.03, 0.00, 0.00)
(324.03, 0.00, 0.00)
(314.57, 0.00, 0.00)
(314.57, 0.00, 0.00)
(309.34, 0.00, 0.00)
(309.34, 0.00, 0.00)
(309.34, 0.00, 0.00)
(309.34, 0.00, 0.00)
(302.12, 0.00, 0.00)
(302.12, 0.00, 0.00)
(302.12, 0.00, 0.00)
(302.12, 0.00, 0.00)
(302.14, 0.00, 0.00)
(302.14, 0.00, 0.00)
(300.06, 0.00, 0.00)
(300.06, 0.00, 0.00)
(300.06, 0.00, 0.00)
(300.06, 0.00, 0.00)
(300.06, 0.00, 0.00)
(295.39, 0.00, 0.00)
(295.39, 0.00, 0.00)
(291.10, 0.00, 0.00)
(291.10, 0.00, 0.00)
(291.10, 0.00, 0.00)
(291.10, 0.00, 0.00)
(290.59, 0.00, 0.00)
(290.59, 0.00, 0.00)
(290.59, 0.00, 0.00)
(290.59, 0.00, 0.00)
(290.08, 0.00, 0.00)
(290.08, 0.00, 0.00)
(290.08, 0.00, 0.00)
(290.08, 0.00, 0.00)
(290.08, 0.00, 0.00)
(289.16, 0.00, 0.00)
(286.52, 0.00, 0.00)
(286.52, 0.00, 0.00)
(286.52, 0.00, 0.00)
(286.52, 0.00, 0.00)
(286.52, 0.00, 0.00)
(285.90, 0.00, 0.00)
(285.90, 0.00, 0.00)
(285.90, 0.00, 0.00)
(284.84, 0.00, 0.00)
(284.84, 0.00, 0.00)
(284.84, 0.00, 0.00)
(284.84, 0.00, 0.00)
(281.15, 0.00, 0.00)
(281.15, 0.00, 0.00)
(281.15, 0.00, 0.00)
(281.49, 0.00, 0.00)
(281.49, 0.00, 0.00)
(281.49, 0.00, 0.00)
(281.49, 0.00, 0.00)
(279.62, 0.00, 0.00)
(279.62, 0.00, 0.00)
(277.43, 0.00, 0.00)
(277.43, 0.00, 0.00)
(277.43, 0.00, 0.00)
(277.43, 0.00, 0.00)
(278.40, 0.00, 0.00)
(278.40, 0.00, 0.00)
(278.40, 0.00, 0.00)
(272.24, 0.00, 0.00)
(272.24, 0.00, 0.00)
(272.24, 0.00, 0.00)
(272.24, 0.00, 0.00)
(272.24, 0.00, 0.00)
(275.21, 0.00, 0.00)
(275.21, 0.00, 0.00)
(275.92, 0.00, 0.00)
(275.92, 0.00, 0.00)
(275.92, 0.00, 0.00)
(275.92, 0.00, 0.00)
(275.92, 0.00, 0.00)
(270.46, 0.00, 0.00)
(270.46, 0.00, 0.00)
(271.81, 0.00, 0.00)
(271.81, 0.00, 0.00)
(271.81, 0.00, 0.00)
(271.81, 0.00, 0.00)
(273.61, 0.00, 0.00)
(273.61, 0.00, 0.00)
(273.61, 0.00, 0.00)
(273.61, 0.00, 0.00)
(274.07, 0.00, 0.00)
(274.07, 0.00, 0.00)
(274.07, 0.00, 0.00)
(273.54, 0.00, 0.00)
(273.54, 0.00, 0.00)
(273.54, 0.00, 0.00)
(273.54, 0.00, 0.00)
(271.20, 0.00, 0.00)
(271.20, 0.00, 0.00)
(271.20, 0.00, 0.00)
(271.20, 0.00, 0.00)
(271.20, 0.00, 0.00)
(272.02, 0.00, 0.00)
(272.02, 0.00, 0.00)
(271.82, 0.00, 0.00)
(271.82, 0.00, 0.00)
(271.82, 0.00, 0.00)
(271.82, 0.00, 0.00)
(271.22, 0.00, 0.00)
(271.22, 0.00, 0.00)
(271.22, 0.00, 0.00)
(271.22, 0.00, 0.00)
(273.89, 0.00, 0.00)
(273.89, 0.00, 0.00)
(273.89, 0.00, 0.00)
(272.65, 0.00, 0.00)
(272.65, 0.00, 0.00)
(272.65, 0.00, 0.00)
(272.65, 0.00, 0.00)
(275.24, 0.00, 0.00)
(275.24, 0.00, 0.00)
(275.24, 0.00, 0.00)
(275.24, 0.00, 0.00)
(275.24, 0.00, 0.00)
(278.78, 0.00, 0.00)
(278.78, 0.00, 0.00)
(278.78, 0.00, 0.00)
(278.78, 0.00, 0.00)
(278.78, 0.00, 0.00)
(278.78, 0.00, 0.00)
(279.70, 0.00, 0.00)
(279.70, 0.00, 0.00)
(279.01, 0.00, 0.00)
(279.01, 0.00, 0.00)
(284.61, 0.00, 0.00)
(284.61, 0.00, 0.00)
(284.61, 0.00, 0.00)
(284.61, 0.00, 0.00)
(285.79, 0.00, 0.00)
(285.79, 0.00, 0.00)
(286.16, 0.00, 0.00)
(286.16, 0.00, 0.00)
(286.16, 0.00, 0.00)
(286.16, 0.00, 0.00)
(286.16, 0.00, 0.00)
(299.86, 0.00, 0.00)
(299.86, 0.00, 0.00)
(299.86, 0.00, 0.00)
(306.06, 0.00, 0.00)
(306.06, 0.00, 0.00)
(306.06, 0.00, 0.00)
(299.68, 0.00, 0.00)
(299.68, 0.00, 0.00)
(299.68, 0.00, 0.00)
(299.68, 0.00, 0.00)
(294.01, 0.00, 0.00)
(294.01, 0.00, 0.00)
(294.01, 0.00, 0.00)
(294.01, 0.00, 0.00)
(312.99, 0.00, 0.00)
(312.99, 0.00, 0.00)
(312.99, 0.00, 0.00)
(316.53, 0.00, 0.00)
(316.53, 0.00, 0.00)
(316.53, 0.00, 0.00)
(316.53, 0.00, 0.00)
(313.74, 0.00, 0.00)
(313.74, 0.00, 0.00)
(313.74, 0.00, 0.00)
(313.74, 0.00, 0.00)
(309.44, 0.00, 0.00)
(309.44, 0.00, 0.00)
(309.44, 0.00, 0.00)
(309.44, 0.00, 0.00)
(340.05, 0.00, 0.00)
(340.05, 0.00, 0.00)
(340.05, 0.00, 0.00)
(340.05, 0.00, 0.00)
(327.11, 0.00, 0.00)
(322.58, 0.00, 0.00)
(322.58, 0.00, 0.00)
(322.58, 0.00, 0.00)
(322.58, 0.00, 0.00)
(322.58, 0.00, 0.00)
(322.58, 0.00, 0.00)
(326.70, 0.00, 0.00)
(338.04, 0.00, 0.00)
(338.04, 0.00, 0.00)
(338.04, 0.00, 0.00)
(338.04, 0.00, 0.00)
(338.04, 0.00, 0.00)
(338.04, 0.00, 0.00)
(334.90, 0.00, 0.00)
(334.90, 0.00, 0.00)
(334.90, 0.00, 0.00)
(336.77, 0.00, 0.00)
(336.77, 0.00, 0.00)
(336.77, 0.00, 0.00)
(336.77, 0.00, 0.00)
(341.99, 0.00, 0.00)
(342.80, 0.00, 0.00)
(342.80, 0.00, 0.00)
(342.80, 0.00, 0.00)
(342.80, 0.00, 0.00)
(342.80, 0.00, 0.00)
(338.87, 0.00, 0.00)
(338.87, 0.00, 0.00)
(337.05, 0.00, 0.00)
(337.05, 0.00, 0.00)
(337.05, 0.00, 0.00)
(337.05, 0.00, 0.00)
(344.15, 0.00, 0.00)
(344.15, 0.00, 0.00)
(344.15, 0.00, 0.00)
(344.15, 0.00, 0.00)
(341.78, 0.00, 0.00)
(341.78, 0.00, 0.00)
(336.09, 0.00, 0.00)
(336.09, 0.00, 0.00)
(336.09, 0.00, 0.00)
(336.09, 0.00, 0.00)
(336.09, 0.00, 0.00)
(336.09, 0.00, 0.00)
(336.09, 0.00, 0.00)
(336.59, 0.00, 0.00)
(336.59, 0.00, 0.00)
(336.59, 0.00, 0.00)
(336.59, 0.00, 0.00)
(331.08, 0.00, 0.00)
(331.08, 0.00, 0.00)
(324.70, 0.00, 0.00)
(324.70, 0.00, 0.00)
(324.70, 0.00, 0.00)
(324.70, 0.00, 0.00)
(318.98, 0.00, 0.00)
(318.98, 0.00, 0.00)
(318.98, 0.00, 0.00)
(313.33, 0.00, 0.00)
(313.33, 0.00, 0.00)
(313.33, 0.00, 0.00)
(313.33, 0.00, 0.00)
(313.33, 0.00, 0.00)
(311.44, 0.00, 0.00)
(311.44, 0.00, 0.00)
(311.44, 0.00, 0.00)
(303.97, 0.00, 0.00)
(303.97, 0.00, 0.00)
(303.97, 0.00, 0.00)
(303.97, 0.00, 0.00)
(302.11, 0.00, 0.00)
(302.11, 0.00, 0.00)
(296.04, 0.00, 0.00)
(296.04, 0.00, 0.00)
(296.04, 0.00, 0.00)
(296.04, 0.00, 0.00)
(290.71, 0.00, 0.00)
(290.71, 0.00, 0.00)
(290.71, 0.00, 0.00)
(284.98, 0.00, 0.00)
(284.98, 0.00, 0.00)
(284.98, 0.00, 0.00)
(284.33, 0.00, 0.00)
(284.33, 0.00, 0.00)
(284.33, 0.00, 0.00)
(284.33, 0.00, 0.00)
(284.33, 0.00, 0.00)
(283.33, 0.00, 0.00)
(283.33, 0.00, 0.00)
(283.33, 0.00, 0.00)
(281.42, 0.00, 0.00)
(281.42, 0.00, 0.00)
(281.42, 0.00, 0.00)
(280.43, 0.00, 0.00)
(280.43, 0.00, 0.00)
(280.43, 0.00, 0.00)
(280.43, 0.00, 0.00)
(277.22, 0.00, 0.00)
(277.22, 0.00, 0.00)
(274.71, 0.00, 0.00)
(274.71, 0.00, 0.00)
(274.71, 0.00, 0.00)
(274.71, 0.00, 0.00)
(274.71, 0.00, 0.00)
(276.30, 0.00, 0.00)
(276.30, 0.00, 0.00)
(276.30, 0.00, 0.00)
(276.30, 0.00, 0.00)
(272.40, 0.00, 0.00)
(272.40, 0.00, 0.00)
(272.40, 0.00, 0.00)
(272.40, 0.00, 0.00)
(270.22, 0.00, 0.00)
(270.22, 0.00, 0.00)
(270.22, 0.00, 0.00)
(270.22, 0.00, 0.00)
(272.60, 0.00, 0.00)
(272.60, 0.00, 0.00)
(272.60, 0.00, 0.00)
(273.01, 0.00, 0.00)
(273.01, 0.00, 0.00)
(271.61, 0.00, 0.00)
(271.61, 0.00, 0.00)
(271.61, 0.00, 0.00)
(271.61, 0.00, 0.00)
(270.67, 0.00, 0.00)
(270.67, 0.00, 0.00)
(270.67, 0.00, 0.00)
(270.67, 0.00, 0.00)
(271.33, 0.00, 0.00)
(271.33, 0.00, 0.00)
(271.33, 0.00, 0.00)
(271.22, 0.00, 0.00)
(271.22, 0.00, 0.00)
(271.22, 0.00, 0.00)
(271.22, 0.00, 0.00)
(271.22, 0.00, 0.00)
(272.09, 0.00, 0.00)
(272.09, 0.00, 0.00)
(272.09, 0.00, 0.00)
(273.67, 0.00, 0.00)
(273.67, 0.00, 0.00)
(273.67, 0.00, 0.00)
(273.67, 0.00, 0.00)
(273.67, 0.00, 0.00)
(274.26, 0.00, 0.00)
(274.26, 0.00, 0.00)
(274.35, 0.00, 0.00)
(274.35, 0.00, 0.00)
(274.35, 0.00, 0.00)
(274.35, 0.00, 0.00)
(272.49, 0.00, 0.00)
(272.49, 0.00, 0.00)
(272.49, 0.00, 0.00)
(272.49, 0.00, 0.00)
(272.49, 0.00, 0.00)
(272.51, 0.00, 0.00)
(272.51, 0.00, 0.00)
(273.61, 0.00, 0.00)
(273.61, 0.00, 0.00)
(273.61, 0.00, 0.00)
(273.61, 0.00, 0.00)
(273.61, 0.00, 0.00)
(273.61, 0.00, 0.00)
(272.04, 0.00, 0.00)
(272.04, 0.00, 0.00)
(272.65, 0.00, 0.00)
(272.65, 0.00, 0.00)
(272.65, 0.00, 0.00)
(278.11, 0.00, 0.00)
(278.11, 0.00, 0.00)
(278.11, 0.00, 0.00)
(278.11, 0.00, 0.00)
(277.87, 0.00, 0.00)
(277.87, 0.00, 0.00)
(277.87, 0.00, 0.00)
(277.87, 0.00, 0.00)
(277.87, 0.00, 0.00)
(284.45, 0.00, 0.00)
(284.45, 0.00, 0.00)
(289.21, 0.00, 0.00)
(289.21, 0.00, 0.00)
(289.21, 0.00, 0.00)
(289.21, 0.00, 0.00)
(289.21, 0.00, 0.00)
(289.21, 0.00, 0.00)
(293.29, 0.00, 0.00)
(293.29, 0.00, 0.00)
(293.29, 0.00, 0.00)
(293.29, 0.00, 0.00)
(293.29, 0.00, 0.00)
(296.36, 0.00, 0.00)
(299.90, 0.00, 0.00)
(299.90, 0.00, 0.00)
(299.90, 0.00, 0.00)
(301.69, 0.00, 0.00)
(301.69, 0.00, 0.00)
(301.69, 0.00, 0.00)
(301.69, 0.00, 0.00)
(306.56, 0.00, 0.00)
(306.56, 0.00, 0.00)
(306.09, 0.00, 0.00)
(306.09, 0.00, 0.00)
(306.09, 0.00, 0.00)
(306.09, 0.00, 0.00)
(311.54, 0.00, 0.00)
(311.54, 0.00, 0.00)
(311.54, 0.00, 0.00)
(311.54, 0.00, 0.00)
(311.54, 0.00, 0.00)
(311.54, 0.00, 0.00)
(311.54, 0.00, 0.00)
(314.91, 0.00, 0.00)
(314.91, 0.00, 0.00)
(314.91, 0.00, 0.00)
(321.00, 0.00, 0.00)
(321.00, 0.00, 0.00)
(321.00, 0.00, 0.00)
(321.00, 0.00, 0.00)
(321.37, 0.00, 0.00)
(321.37, 0.00, 0.00)
(321.37, 0.00, 0.00)
(321.37, 0.00, 0.00)
(324.63, 0.00, 0.00)
(324.63, 0.00, 0.00)
(324.63, 0.00, 0.00)
(324.63, 0.00, 0.00)
(324.63, 0.00, 0.00)
(321.36, 0.00, 0.00)
(330.53, 0.00, 0.00)
(330.53, 0.00, 0.00)
(330.53, 0.00, 0.00)
(328.60, 0.00, 0.00)
(328.60, 0.00, 0.00)
(328.60, 0.00, 0.00)
(326.99, 0.00, 0.00)
(326.99, 0.00, 0.00)
(326.99, 0.00, 0.00)
(326.99, 0.00, 0.00)
(326.99, 0.00, 0.00)
(326.99, 0.00, 0.00)
(332.05, 0.00, 0.00)
(332.05, 0.00, 0.00)
(332.05, 0.00, 0.00)
(332.05, 0.00, 0.00)
(332.05, 0.00, 0.00)
(332.05, 0.00, 0.00)
(329.77, 0.00, 0.00)
(334.93, 0.00, 0.00)
(334.93, 0.00, 0.00)
(334.93, 0.00, 0.00)
(334.93, 0.00, 0.00)
(331.15, 0.00, 0.00)
(331.15, 0.00, 0.00)
(331.15, 0.00, 0.00)
(331.15, 0.00, 0.00)
(331.15, 0.00, 0.00)
(330.44, 0.00, 0.00)
(335.65, 0.00, 0.00)
(335.65, 0.00, 0.00)
(335.65, 0.00, 0.00)
(335.65, 0.00, 0.00)
(333.84, 0.00, 0.00)
(333.84, 0.00, 0.00)
(333.84, 0.00, 0.00)
(330.29, 0.00, 0.00)
(330.29, 0.00, 0.00)
(330.29, 0.00, 0.00)
(330.29, 0.00, 0.00)
(330.29, 0.00, 0.00)
(330.29, 0.00, 0.00)
(330.29, 0.00, 0.00)
(330.29, 0.00, 0.00)
(326.62, 0.00, 0.00)
(326.62, 0.00, 0.00)
(326.62, 0.00, 0.00)
(326.62, 0.00, 0.00)
(326.62, 0.00, 0.00)
(326.62, 0.00, 0.00)
(326.62, 0.00, 0.00)
(318.14, 0.00, 0.00)
(318.14, 0.00, 0.00)
(318.14, 0.00, 0.00)
(316.15, 0.00, 0.00)
(316.15, 0.00, 0.00)
(316.15, 0.00, 0.00)
(316.15, 0.00, 0.00)
(316.15, 0.00, 0.00)
(309.97, 0.00, 0.00)
(309.97, 0.00, 0.00)
(309.97, 0.00, 0.00)
(309.97, 0.00, 0.00)
(305.86, 0.00, 0.00)
(305.86, 0.00, 0.00)
(305.86, 0.00, 0.00)
(305.86, 0.00, 0.00)
(306.17, 0.00, 0.00)
(306.17, 0.00, 0.00)
(301.89, 0.00, 0.00)
(301.89, 0.00, 0.00)
(301.89, 0.00, 0.00)
(301.89, 0.00, 0.00)
(301.89, 0.00, 0.00)
(301.89, 0.00, 0.00)
(301.89, 0.00, 0.00)
(301.89, 0.00, 0.00)
(301.89, 0.00, 0.00)
(301.89, 0.00, 0.00)
(301.89, 0.00, 0.00)
(301.89, 0.00, 0.00)
(290.79, 0.00, 0.00)
(290.79, 0.00, 0.00)
(287.71, 0.00, 0.00)
(287.71, 0.00, 0.00)
(287.71, 0.00, 0.00)
(287.71, 0.00, 0.00)
(285.99, 0.00, 0.00)
(285.99, 0.00, 0.00)
(284.45, 0.00, 0.00)
(284.45, 0.00, 0.00)
(284.45, 0.00, 0.00)
(284.45, 0.00, 0.00)
(284.45, 0.00, 0.00)
(284.45, 0.00, 0.00)
(284.45, 0.00, 0.00)
(282.78, 0.00, 0.00)
(282.78, 0.00, 0.00)
(279.43, 0.00, 0.00)
(279.43, 0.00, 0.00)
(279.43, 0.00, 0.00)
(278.95, 0.00, 0.00)
(278.95, 0.00, 0.00)
(278.95, 0.00, 0.00)
(278.95, 0.00, 0.00)
(278.26, 0.00, 0.00)
(278.26, 0.00, 0.00)
(278.26, 0.00, 0.00)
(278.26, 0.00, 0.00)
(275.53, 0.00, 0.00)
(275.53, 0.00, 0.00)
(276.63, 0.00, 0.00)
(276.63, 0.00, 0.00)
(276.63, 0.00, 0.00)
(276.63, 0.00, 0.00)
(274.50, 0.00, 0.00)
(274.50, 0.00, 0.00)
(274.50, 0.00, 0.00)
(274.50, 0.00, 0.00)
(274.12, 0.00, 0.00)
(274.12, 0.00, 0.00)
(273.36, 0.00, 0.00)
(273.36, 0.00, 0.00)
(273.36, 0.00, 0.00)
(273.36, 0.00, 0.00)
(273.36, 0.00, 0.00)
(272.54, 0.00, 0.00)
(272.54, 0.00, 0.00)
(272.54, 0.00, 0.00)
(272.54, 0.00, 0.00)
(270.92, 0.00, 0.00)
(270.92, 0.00, 0.00)
(272.18, 0.00, 0.00)
(272.18, 0.00, 0.00)
(272.18, 0.00, 0.00)
(272.18, 0.00, 0.00)
(272.18, 0.00, 0.00)
(272.18, 0.00, 0.00)
(272.33, 0.00, 0.00)
(272.33, 0.00, 0.00)
(272.33, 0.00, 0.00)
(270.90, 0.00, 0.00)
(270.90, 0.00, 0.00)
(270.90, 0.00, 0.00)
(270.90, 0.00, 0.00)
(270.90, 0.00, 0.00)
(274.92, 0.00, 0.00)
(274.92, 0.00, 0.00)
(272.78, 0.00, 0.00)
(272.78, 0.00, 0.00)
(272.78, 0.00, 0.00)
(272.78, 0.00, 0.00)
(271.80, 0.00, 0.00)
(271.80, 0.00, 0.00)
(271.80, 0.00, 0.00)
(274.06, 0.00, 0.00)
(274.06, 0.00, 0.00)
(274.06, 0.00, 0.00)
(274.06, 0.00, 0.00)
(274.06, 0.00, 0.00)
(275.03, 0.00, 0.00)
(275.03, 0.00, 0.00)
(275.03, 0.00, 0.00)
(273.38, 0.00, 0.00)
(273.38, 0.00, 0.00)
(273.38, 0.00, 0.00)
(271.54, 0.00, 0.00)
(271.54, 0.00, 0.00)
(271.54, 0.00, 0.00)
(271.54, 0.00, 0.00)
(271.20, 0.00, 0.00)
(271.20, 0.00, 0.00)
(275.90, 0.00, 0.00)
(275.90, 0.00, 0.00)
(275.90, 0.00, 0.00)
(275.90, 0.00, 0.00)
(275.90, 0.00, 0.00)
(275.90, 0.00, 0.00)
(275.90, 0.00, 0.00)
(275.90, 0.00, 0.00)
(279.04, 0.00, 0.00)
(279.04, 0.00, 0.00)
(279.77, 0.00, 0.00)
(279.77, 0.00, 0.00)
(279.77, 0.00, 0.00)
(279.77, 0.00, 0.00)
(278.06, 0.00, 0.00)
(278.06, 0.00, 0.00)
(287.01, 0.00, 0.00)
(287.01, 0.00, 0.00)
(287.01, 0.00, 0.00)
(287.01, 0.00, 0.00)
(297.98, 0.00, 0.00)
(297.98, 0.00, 0.00)
(297.98, 0.00, 0.00)
(294.83, 0.00, 0.00)
(294.83, 0.00, 0.00)
(294.83, 0.00, 0.00)
(294.83, 0.00, 0.00)
(294.83, 0.00, 0.00)
(289.66, 0.00, 0.00)
(300.04, 0.00, 0.00)
(300.04, 0.00, 0.00)
(300.04, 0.00, 0.00)
(300.04, 0.00, 0.00)
(300.04, 0.00, 0.00)
(307.25, 0.00, 0.00)
(321.34, 0.00, 0.00)
(306.10, 0.00, 0.00)
(302.47, 0.00, 0.00)
(314.52, 0.00, 0.00)
(314.52, 0.00, 0.00)
(316.11, 0.00, 0.00)
(318.43, 0.00, 0.00)
(318.43, 0.00, 0.00)
(320.63, 0.00, 0.00)
(320.63, 0.00, 0.00)
(322.17, 0.00, 0.00)
(325.41, 0.00, 0.00)
(325.41, 0.00, 0.00)
(319.75, 0.00, 0.00)
(317.83, 0.00, 0.00)
(317.83, 0.00, 0.00)
(326.58, 0.00, 0.00)
(326.58, 0.00, 0.00)
(330.15, 0.00, 0.00)
(331.49, 0.00, 0.00)
(328.66, 0.00, 0.00)
(327.71, 0.00, 0.00)
(326.50, 0.00, 0.00)
(328.94, 0.00, 0.00)
(328.94, 0.00, 0.00)
(338.18, 0.00, 0.00)
(326.84, 0.00, 0.00)
(326.84, 0.00, 0.00)
(328.68, 0.00, 0.00)
(329.79, 0.00, 0.00)
(333.31, 0.00, 0.00)
(333.31, 0.00, 0.00)
(330.72, 0.00, 0.00)
(330.72, 0.00, 0.00)
(330.62, 0.00, 0.00)
(333.67, 0.00, 0.00)
(333.67, 0.00, 0.00)
(331.75, 0.00, 0.00)
(329.87, 0.00, 0.00)
(324.10, 0.00, 0.00)
(324.10, 0.00, 0.00)
(324.54, 0.00, 0.00)
(324.54, 0.00, 0.00)
(324.54, 0.00, 0.00)
(326.88, 0.00, 0.00)
(320.02, 0.00, 0.00)
(307.40, 0.00, 0.00)
(307.40, 0.00, 0.00)
(307.40, 0.00, 0.00)
(305.83, 0.00, 0.00)
(304.58, 0.00, 0.00)
(306.25, 0.00, 0.00)
(307.84, 0.00, 0.00)
(307.84, 0.00, 0.00)
