(271.83, 322.95, 38.16)
(271.88, 315.43, 45.90)
(271.70, 312.22, 49.05)
(271.89, 318.93, 42.32)
(271.38, 317.61, 43.33)
(271.93, 324.05, 37.10)
(271.09, 292.71, 68.30)
(270.65, 280.25, 80.39)
(271.37, 222.84, 138.09)
(271.59, 233.84, 127.44)
(273.46, 190.80, 169.83)
(273.99, 191.04, 169.70)
(274.97, 185.60, 174.86)
(276.36, 182.13, 178.10)
(276.75, 183.15, 177.20)
(277.25, 176.71, 182.90)
(280.86, 172.87, 185.89)
(282.19, 177.79, 181.78)
(284.02, 177.85, 181.68)
(284.92, 178.88, 180.86)
(287.00, 179.12, 180.65)
(288.12, 177.77, 181.62)
(293.20, 161.10, 192.53)
(287.44, 178.99, 180.74)
(290.23, 177.50, 181.74)
(292.81, 174.54, 183.63)
(291.58, 178.31, 181.15)
(294.10, 169.00, 187.14)
(293.10, 179.27, 180.48)
(295.71, 181.22, 179.23)
(293.08, 185.05, 176.66)
(291.89, 187.58, 174.87)
(291.74, 177.04, 182.01)
(291.87, 177.91, 181.41)
(294.10, 175.40, 182.98)
(293.19, 175.91, 182.70)
(295.30, 176.96, 181.92)
(295.80, 174.61, 183.38)
(295.86, 173.38, 184.15)
(298.28, 174.85, 183.08)
(298.45, 174.22, 183.45)
(301.96, 178.88, 180.62)
(300.81, 178.83, 180.67)
(302.27, 180.03, 179.98)
(303.85, 180.70, 179.62)
(304.60, 181.53, 179.19)
(305.48, 182.64, 178.64)
(304.24, 182.26, 178.80)
(306.65, 184.15, 177.91)
(306.84, 185.45, 177.27)
(307.16, 185.70, 177.16)
(310.12, 186.95, 176.76)
(310.24, 187.14, 176.68)
(313.93, 188.28, 176.47)
(316.23, 188.43, 176.61)
(311.00, 186.96, 176.83)
(313.88, 187.07, 176.99)
(313.27, 186.63, 177.13)
(314.60, 186.74, 177.18)
(314.90, 185.39, 177.76)
(315.37, 186.02, 177.53)
(314.28, 186.33, 177.33)
(320.15, 184.94, 178.21)
(319.16, 184.46, 178.34)
(318.06, 184.78, 178.17)
(320.00, 183.93, 178.57)
(320.58, 184.02, 178.56)
(320.69, 184.78, 178.29)
(321.41, 184.03, 178.59)
(320.93, 184.01, 178.58)
(321.69, 183.22, 178.88)
(320.62, 184.08, 178.54)
(320.12, 183.88, 178.59)
(320.91, 183.94, 178.60)
(321.90, 186.13, 177.88)
(320.82, 183.73, 178.67)
(320.64, 185.86, 177.90)
(322.95, 180.71, 179.76)
(325.56, 184.33, 178.66)
(328.12, 182.71, 179.23)
(326.14, 183.42, 178.96)
(326.41, 182.74, 179.17)
(327.54, 183.14, 179.09)
(328.14, 183.74, 178.93)
(330.00, 182.07, 179.44)
(332.67, 184.35, 178.94)
(332.24, 181.88, 179.53)
(335.14, 182.44, 179.46)
(337.20, 180.97, 179.81)
(335.78, 182.55, 179.45)
(336.38, 182.11, 179.56)
(336.86, 181.70, 179.65)
(335.04, 183.47, 179.23)
(335.89, 183.27, 179.30)
(330.97, 181.27, 179.67)
(330.94, 182.34, 179.39)
(325.62, 182.91, 179.10)
(323.82, 181.84, 179.40)
(326.91, 183.52, 178.95)
(324.99, 183.65, 178.85)
(323.40, 183.00, 179.01)
(324.93, 182.95, 179.07)
(324.52, 182.66, 179.15)
(323.45, 183.07, 178.99)
(321.01, 183.42, 178.79)
(319.85, 183.47, 178.73)
(320.73, 184.32, 178.46)
(317.82, 183.16, 178.78)
(317.82, 183.16, 178.78)
(317.82, 183.16, 178.78)
(306.61, 182.62, 178.68)
(312.32, 183.05, 178.65)
(309.81, 185.58, 177.38)
(305.18, 184.43, 177.70)
(303.99, 183.84, 177.96)
(303.24, 185.08, 177.25)
(300.80, 185.00, 177.16)
(296.39, 184.05, 177.49)
(296.17, 183.93, 177.55)
(293.95, 186.60, 175.71)
(293.18, 188.11, 174.64)
(289.21, 191.64, 171.72)
(288.94, 193.07, 170.65)
(288.47, 196.53, 168.05)
(292.81, 191.26, 172.51)
(304.92, 183.76, 178.04)
(310.93, 186.28, 177.13)
(313.62, 186.32, 177.29)
(317.69, 185.31, 177.94)
(325.46, 184.11, 178.72)
(323.00, 184.66, 178.44)
(324.54, 183.13, 179.00)
(329.26, 180.58, 179.84)
(328.91, 186.81, 178.10)
(334.43, 184.93, 178.88)
(337.07, 182.00, 179.59)
(337.16, 184.79, 179.03)
(341.00, 186.18, 178.97)
(340.85, 186.01, 178.99)
(338.92, 185.03, 179.06)
(337.08, 185.09, 178.97)
(334.32, 186.15, 178.60)
(320.35, 192.56, 175.46)
(320.11, 180.52, 179.81)
(307.62, 180.75, 179.63)
(305.87, 183.71, 178.10)
(303.85, 184.80, 177.44)
(300.30, 187.81, 175.51)
(294.14, 190.47, 173.21)
(290.90, 189.59, 173.39)
(289.42, 191.17, 172.08)
(289.29, 191.08, 172.13)
(289.78, 185.93, 175.83)
(296.41, 186.14, 176.19)
(308.38, 189.53, 175.38)
(321.87, 193.96, 175.16)
(320.57, 188.56, 176.93)
(325.99, 189.07, 177.22)
(331.39, 180.11, 179.97)
(331.08, 182.04, 179.48)
(340.18, 164.58, 182.71)
(341.27, 175.26, 180.78)
(339.83, 181.08, 179.81)
(338.27, 179.27, 180.14)
(324.09, 182.67, 179.13)
(334.35, 182.51, 179.43)
(315.43, 182.01, 179.18)
(308.74, 180.40, 179.81)
(300.40, 181.60, 179.08)
(297.68, 182.34, 178.59)
(299.16, 188.00, 175.30)
(298.78, 185.14, 176.96)
(296.10, 188.07, 174.96)
(293.22, 189.67, 173.61)
(290.58, 190.32, 172.84)
(289.10, 193.46, 170.39)
(286.98, 195.73, 168.32)
(283.74, 198.75, 165.24)
(285.64, 204.34, 161.42)
(285.26, 200.00, 164.66)
(282.15, 198.20, 165.26)
(279.81, 198.67, 164.24)
(280.13, 197.41, 165.39)
(284.96, 199.09, 165.29)
(284.23, 186.23, 175.15)
(292.23, 180.99, 179.33)
(301.73, 175.91, 182.28)
(309.93, 177.37, 181.23)
(308.59, 178.61, 180.67)
(309.44, 176.62, 181.59)
(314.54, 179.71, 180.12)
(320.25, 179.73, 180.10)
(321.78, 180.45, 179.84)
(321.12, 179.99, 180.00)
(325.71, 181.20, 179.63)
(326.97, 179.99, 180.00)
(332.69, 180.64, 179.84)
(335.22, 182.06, 179.55)
(338.32, 184.43, 179.15)
(342.96, 184.98, 179.25)
(342.33, 189.27, 178.56)
(341.42, 182.43, 179.60)
(344.24, 189.28, 178.71)
(325.21, 183.87, 178.79)
(318.09, 178.99, 180.39)
(322.94, 181.42, 179.52)
(321.52, 183.53, 178.77)
(321.03, 185.49, 178.06)
(303.92, 181.45, 179.23)
(308.25, 181.08, 179.47)
(296.66, 182.86, 178.23)
(293.12, 187.30, 175.18)
(292.45, 190.57, 172.92)
(290.30, 191.14, 172.23)
(289.76, 190.26, 172.78)
(289.20, 189.71, 173.09)
(289.35, 192.17, 171.36)
(288.00, 195.07, 169.02)
(287.22, 190.35, 172.36)
(286.73, 187.54, 174.39)
(294.18, 186.48, 175.80)
(313.39, 192.31, 174.68)
(313.53, 188.85, 176.19)
(315.68, 185.03, 177.95)
(339.37, 174.60, 180.98)
(342.60, 170.83, 181.41)
(346.43, 158.72, 182.56)
(344.74, 182.40, 179.68)
(347.97, 175.53, 180.47)
(348.78, 186.21, 179.39)
(334.41, 174.67, 181.21)
(318.45, 175.40, 181.74)
(312.12, 178.83, 180.52)
(316.27, 182.19, 179.12)
(307.24, 182.12, 178.95)
(300.81, 181.57, 179.11)
(297.40, 181.92, 178.84)
(294.03, 179.84, 180.10)
(294.85, 178.34, 181.06)
(292.26, 180.32, 179.78)
(289.09, 178.71, 180.92)
(289.94, 181.69, 178.82)
(288.53, 177.89, 181.52)
(288.30, 178.45, 181.12)
(288.36, 178.02, 181.43)
(288.24, 177.54, 181.78)
(288.20, 177.46, 181.84)
(288.17, 177.30, 181.95)
(288.78, 178.86, 180.82)
(288.14, 176.70, 182.39)
(287.84, 177.36, 181.92)
(288.28, 177.93, 181.50)
(287.89, 177.94, 181.50)
(287.95, 178.22, 181.29)
(287.94, 179.42, 180.42)
(288.13, 179.98, 180.01)
(287.88, 179.48, 180.38)
(287.87, 178.80, 180.87)
(287.84, 178.31, 181.23)
(288.10, 175.73, 183.10)
(291.45, 178.03, 181.34)
(294.25, 177.12, 181.86)
(300.65, 180.64, 179.63)
(302.37, 180.99, 179.46)
(305.73, 180.17, 179.91)
(309.47, 182.42, 178.86)
(315.99, 183.86, 178.44)
(321.39, 183.74, 178.69)
(324.88, 185.39, 178.29)
(325.42, 186.39, 178.01)
(326.22, 183.94, 178.80)
(332.66, 185.84, 178.58)
(333.00, 184.62, 178.89)
(336.00, 188.56, 178.18)
(347.66, 199.29, 177.89)
(353.21, 178.93, 180.06)
(330.84, 188.40, 177.81)
(315.48, 178.78, 180.50)
(319.91, 188.42, 176.92)
(312.77, 188.54, 176.26)
(299.35, 185.53, 176.76)
(294.13, 186.32, 175.90)
(294.19, 187.48, 175.16)
(292.19, 186.84, 175.40)
(288.64, 184.37, 176.86)
(287.26, 188.14, 174.00)
(286.36, 183.26, 177.56)
(284.36, 187.92, 173.85)
(284.47, 186.27, 175.14)
(283.55, 185.32, 175.81)
(281.92, 184.51, 176.34)
(286.08, 182.39, 178.20)
(296.86, 186.51, 176.00)
(308.74, 183.60, 178.27)
(325.97, 185.44, 178.34)
(330.87, 173.82, 181.61)
(328.33, 184.14, 178.83)
(343.01, 203.92, 176.38)
(349.17, 219.76, 176.07)
(3.67, 94.47, 176.60)
(298.93, 175.24, 182.81)
(287.62, 166.97, 189.55)
(283.78, 161.67, 194.43)
(283.02, 168.02, 189.54)
(280.96, 164.78, 192.58)
(278.32, 166.28, 191.87)
(274.75, 175.08, 184.53)
(274.36, 175.59, 184.09)
(275.30, 173.68, 185.76)
(275.51, 168.73, 190.24)
(276.08, 170.09, 188.91)
(276.21, 167.73, 191.01)
(278.41, 166.24, 191.89)
(284.73, 175.53, 183.45)
(297.45, 182.58, 178.44)
(307.88, 184.56, 177.77)
(315.90, 181.85, 179.25)
(324.61, 181.92, 178.96)
(327.60, 186.02, 178.25)
(331.12, 187.17, 178.15)
(332.59, 187.27, 178.22)
(336.98, 191.81, 177.59)
(343.70, 195.96, 177.70)
(344.21, 195.99, 177.77)
(334.00, 193.92, 176.77)
(316.45, 171.93, 183.23)
(312.85, 175.74, 181.86)
(305.69, 178.52, 180.76)
(299.98, 182.25, 178.70)
(295.02, 176.91, 181.97)
(290.91, 178.11, 181.30)
(287.18, 176.81, 182.35)
(287.18, 176.81, 182.35)
(286.80, 179.01, 180.74)
(285.14, 177.11, 182.21)
(285.34, 176.94, 182.33)
(287.83, 176.13, 182.82)
(287.72, 177.51, 181.82)
(292.45, 181.87, 178.75)
(305.70, 180.88, 179.55)
(318.41, 183.08, 178.83)
(313.91, 179.16, 180.36)
(318.16, 178.67, 180.51)
(321.30, 176.39, 181.27)
(327.14, 179.03, 180.29)
(333.13, 180.94, 179.78)
(339.10, 180.90, 179.83)
(334.44, 179.78, 180.05)
(346.78, 185.97, 179.31)
(348.54, 190.74, 178.92)
(342.64, 185.67, 179.13)
(319.58, 176.31, 181.36)
(324.02, 175.19, 181.56)
(336.90, 178.10, 180.39)
(317.00, 172.71, 182.87)
(321.56, 174.33, 181.98)
(312.13, 174.76, 182.33)
(299.18, 175.30, 182.76)
(292.82, 174.56, 183.62)
(288.38, 174.81, 183.74)
(287.30, 174.64, 183.95)
(285.95, 175.75, 183.21)
(285.49, 176.36, 182.77)
(285.41, 176.21, 182.89)
(284.31, 176.05, 183.07)
(283.58, 172.65, 185.79)
(294.02, 178.49, 180.98)
(303.27, 178.78, 180.66)
(309.70, 180.85, 179.60)
(313.02, 178.31, 180.73)
(325.77, 181.00, 179.69)
(333.38, 185.85, 178.61)
(331.27, 179.00, 180.26)
(333.22, 181.17, 179.72)
(336.18, 185.06, 178.93)
(336.89, 181.55, 179.68)
(339.60, 178.81, 180.21)
(298.63, 171.97, 184.77)
(291.84, 167.49, 188.48)
(293.19, 173.21, 184.48)
(293.19, 173.21, 184.48)
(284.46, 180.12, 179.90)
(284.21, 182.60, 177.98)
