(278.12, 0.00, 0.00)
(278.12, 0.00, 0.00)
(278.12, 0.00, 0.00)
(278.12, 0.00, 0.00)
(277.54, 0.00, 0.00)
(279.11, 0.00, 0.00)
(279.11, 0.00, 0.00)
(279.11, 0.00, 0.00)
(279.11, 0.00, 0.00)
(278.50, 0.00, 0.00)
(278.50, 0.00, 0.00)
(278.50, 0.00, 0.00)
(277.18, 0.00, 0.00)
(277.18, 0.00, 0.00)
(276.24, 0.00, 0.00)
(278.24, 0.00, 0.00)
(278.24, 0.00, 0.00)
(278.24, 0.00, 0.00)
(278.24, 0.00, 0.00)
(278.62, 0.00, 0.00)
(276.79, 0.00, 0.00)
(276.79, 0.00, 0.00)
(276.79, 0.00, 0.00)
(276.79, 0.00, 0.00)
(276.85, 0.00, 0.00)
(276.85, 0.00, 0.00)
(276.85, 0.00, 0.00)
(277.96, 0.00, 0.00)
(277.59, 0.00, 0.00)
(277.59, 0.00, 0.00)
(277.59, 0.00, 0.00)
(277.59, 0.00, 0.00)
(277.59, 0.00, 0.00)
(276.22, 0.00, 0.00)
(276.22, 0.00, 0.00)
(276.22, 0.00, 0.00)
(277.49, 0.00, 0.00)
(277.49, 0.00, 0.00)
(277.49, 0.00, 0.00)
(277.49, 0.00, 0.00)
(277.49, 0.00, 0.00)
(279.75, 0.00, 0.00)
(279.75, 0.00, 0.00)
(278.91, 0.00, 0.00)
(278.91, 0.00, 0.00)
(278.91, 0.00, 0.00)
(278.91, 0.00, 0.00)
(278.47, 0.00, 0.00)
(278.47, 0.00, 0.00)
(278.47, 0.00, 0.00)
(278.47, 0.00, 0.00)
(278.47, 0.00, 0.00)
(280.19, 0.00, 0.00)
(280.19, 0.00, 0.00)
(280.00, 0.00, 0.00)
(280.00, 0.00, 0.00)
(280.00, 0.00, 0.00)
(280.00, 0.00, 0.00)
(277.89, 0.00, 0.00)
(277.89, 0.00, 0.00)
(277.89, 0.00, 0.00)
(277.89, 0.00, 0.00)
(277.89, 0.00, 0.00)
(277.57, 0.00, 0.00)
(280.88, 0.00, 0.00)
(280.88, 0.00, 0.00)
(280.88, 0.00, 0.00)
(280.88, 0.00, 0.00)
(280.88, 0.00, 0.00)
(279.81, 0.00, 0.00)
(279.81, 0.00, 0.00)
(279.81, 0.00, 0.00)
(279.81, 0.00, 0.00)
(274.03, 0.00, 0.00)
(274.03, 0.00, 0.00)
(274.03, 0.00, 0.00)
(275.36, 0.00, 0.00)
(275.36, 0.00, 0.00)
(275.36, 0.00, 0.00)
(275.36, 0.00, 0.00)
(278.82, 0.00, 0.00)
(278.82, 0.00, 0.00)
(278.82, 0.00, 0.00)
(278.82, 0.00, 0.00)
(278.82, 0.00, 0.00)
(279.58, 0.00, 0.00)
(278.61, 0.00, 0.00)
(278.61, 0.00, 0.00)
(278.61, 0.00, 0.00)
(278.61, 0.00, 0.00)
(278.61, 0.00, 0.00)
(275.24, 0.00, 0.00)
(275.24, 0.00, 0.00)
(275.24, 0.00, 0.00)
(275.24, 0.00, 0.00)
(275.24, 0.00, 0.00)
(275.94, 0.00, 0.00)
(275.94, 0.00, 0.00)
(275.94, 0.00, 0.00)
(275.94, 0.00, 0.00)
(276.45, 0.00, 0.00)
(276.45, 0.00, 0.00)
(276.45, 0.00, 0.00)
(275.87, 0.00, 0.00)
(275.87, 0.00, 0.00)
(275.87, 0.00, 0.00)
(275.87, 0.00, 0.00)
(275.02, 0.00, 0.00)
(275.02, 0.00, 0.00)
(274.62, 0.00, 0.00)
(274.62, 0.00, 0.00)
(274.62, 0.00, 0.00)
(274.62, 0.00, 0.00)
(274.62, 0.00, 0.00)
(274.62, 0.00, 0.00)
(274.62, 0.00, 0.00)
(274.62, 0.00, 0.00)
(274.62, 0.00, 0.00)
(274.62, 0.00, 0.00)
(274.62, 0.00, 0.00)
(274.62, 0.00, 0.00)
(274.06, 0.00, 0.00)
(274.13, 0.00, 0.00)
(274.13, 0.00, 0.00)
(274.13, 0.00, 0.00)
(274.08, 0.00, 0.00)
(274.08, 0.00, 0.00)
(274.08, 0.00, 0.00)
(274.08, 0.00, 0.00)
(274.35, 0.00, 0.00)
(274.35, 0.00, 0.00)
(274.35, 0.00, 0.00)
(274.35, 0.00, 0.00)
(274.35, 0.00, 0.00)
(273.50, 0.00, 0.00)
(274.18, 0.00, 0.00)
(274.18, 0.00, 0.00)
(274.18, 0.00, 0.00)
(274.18, 0.00, 0.00)
(274.18, 0.00, 0.00)
(273.67, 0.00, 0.00)
(273.67, 0.00, 0.00)
(273.67, 0.00, 0.00)
(273.67, 0.00, 0.00)
(273.14, 0.00, 0.00)
(273.14, 0.00, 0.00)
(273.01, 0.00, 0.00)
(273.01, 0.00, 0.00)
(273.01, 0.00, 0.00)
(273.01, 0.00, 0.00)
(273.64, 0.00, 0.00)
(273.64, 0.00, 0.00)
(273.64, 0.00, 0.00)
(273.64, 0.00, 0.00)
(273.64, 0.00, 0.00)
(273.23, 0.00, 0.00)
(273.23, 0.00, 0.00)
(273.23, 0.00, 0.00)
(273.23, 0.00, 0.00)
(273.47, 0.00, 0.00)
(273.47, 0.00, 0.00)
(273.56, 0.00, 0.00)
(273.56, 0.00, 0.00)
(273.56, 0.00, 0.00)
(273.56, 0.00, 0.00)
(273.18, 0.00, 0.00)
(273.18, 0.00, 0.00)
(273.18, 0.00, 0.00)
(273.11, 0.00, 0.00)
(274.01, 0.00, 0.00)
(274.01, 0.00, 0.00)
(274.01, 0.00, 0.00)
(274.01, 0.00, 0.00)
(273.19, 0.00, 0.00)
(273.19, 0.00, 0.00)
(273.01, 0.00, 0.00)
(273.31, 0.00, 0.00)
(273.31, 0.00, 0.00)
(273.12, 0.00, 0.00)
(273.12, 0.00, 0.00)
(273.12, 0.00, 0.00)
(273.56, 0.00, 0.00)
(273.56, 0.00, 0.00)
(273.25, 0.00, 0.00)
(273.70, 0.00, 0.00)
(273.70, 0.00, 0.00)
(273.70, 0.00, 0.00)
(273.30, 0.00, 0.00)
(273.30, 0.00, 0.00)
(273.30, 0.00, 0.00)
(273.51, 0.00, 0.00)
(273.51, 0.00, 0.00)
(273.51, 0.00, 0.00)
(273.38, 0.00, 0.00)
(273.38, 0.00, 0.00)
(273.38, 0.00, 0.00)
(273.74, 0.00, 0.00)
(273.74, 0.00, 0.00)
(273.74, 0.00, 0.00)
(273.74, 0.00, 0.00)
(273.74, 0.00, 0.00)
(273.74, 0.00, 0.00)
(272.93, 0.00, 0.00)
(272.93, 0.00, 0.00)
(272.93, 0.00, 0.00)
(272.93, 0.00, 0.00)
(272.93, 0.00, 0.00)
(272.93, 0.00, 0.00)
(272.98, 0.00, 0.00)
(272.98, 0.00, 0.00)
(272.98, 0.00, 0.00)
(272.20, 0.00, 0.00)
(272.20, 0.00, 0.00)
(272.20, 0.00, 0.00)
(272.20, 0.00, 0.00)
(273.05, 0.00, 0.00)
(273.05, 0.00, 0.00)
(273.05, 0.00, 0.00)
(273.18, 0.00, 0.00)
(273.18, 0.00, 0.00)
(273.18, 0.00, 0.00)
(273.18, 0.00, 0.00)
(273.18, 0.00, 0.00)
(273.11, 0.00, 0.00)
(273.11, 0.00, 0.00)
(273.11, 0.00, 0.00)
(272.83, 0.00, 0.00)
(272.83, 0.00, 0.00)
(272.83, 0.00, 0.00)
(272.83, 0.00, 0.00)
(272.83, 0.00, 0.00)
(272.98, 0.00, 0.00)
(272.98, 0.00, 0.00)
(273.63, 0.00, 0.00)
(273.63, 0.00, 0.00)
(273.63, 0.00, 0.00)
(274.24, 0.00, 0.00)
(274.24, 0.00, 0.00)
(274.24, 0.00, 0.00)
(274.24, 0.00, 0.00)
(274.24, 0.00, 0.00)
(274.60, 0.00, 0.00)
(274.60, 0.00, 0.00)
(274.60, 0.00, 0.00)
(274.60, 0.00, 0.00)
(275.22, 0.00, 0.00)
(275.22, 0.00, 0.00)
(276.38, 0.00, 0.00)
(276.38, 0.00, 0.00)
(276.38, 0.00, 0.00)
(276.38, 0.00, 0.00)
(276.38, 0.00, 0.00)
(276.56, 0.00, 0.00)
(276.56, 0.00, 0.00)
(276.56, 0.00, 0.00)
(276.56, 0.00, 0.00)
(277.35, 0.00, 0.00)
(277.35, 0.00, 0.00)
(277.61, 0.00, 0.00)
(277.61, 0.00, 0.00)
(277.61, 0.00, 0.00)
(277.61, 0.00, 0.00)
(277.61, 0.00, 0.00)
(277.89, 0.00, 0.00)
(278.66, 0.00, 0.00)
(278.66, 0.00, 0.00)
(278.66, 0.00, 0.00)
(278.66, 0.00, 0.00)
(278.66, 0.00, 0.00)
(279.10, 0.00, 0.00)
(279.10, 0.00, 0.00)
(279.10, 0.00, 0.00)
(279.42, 0.00, 0.00)
(279.42, 0.00, 0.00)
(279.42, 0.00, 0.00)
(279.42, 0.00, 0.00)
(280.55, 0.00, 0.00)
(280.55, 0.00, 0.00)
(280.55, 0.00, 0.00)
(280.55, 0.00, 0.00)
(280.82, 0.00, 0.00)
(280.82, 0.00, 0.00)
(280.82, 0.00, 0.00)
(280.68, 0.00, 0.00)
(280.68, 0.00, 0.00)
(280.68, 0.00, 0.00)
(281.47, 0.00, 0.00)
(281.47, 0.00, 0.00)
(281.47, 0.00, 0.00)
(281.47, 0.00, 0.00)
(281.47, 0.00, 0.00)
(282.59, 0.00, 0.00)
(282.59, 0.00, 0.00)
(282.59, 0.00, 0.00)
(282.62, 0.00, 0.00)
(282.62, 0.00, 0.00)
(282.62, 0.00, 0.00)
(282.62, 0.00, 0.00)
(282.88, 0.00, 0.00)
(282.88, 0.00, 0.00)
(282.88, 0.00, 0.00)
(282.88, 0.00, 0.00)
(283.54, 0.00, 0.00)
(283.54, 0.00, 0.00)
(284.65, 0.00, 0.00)
(284.65, 0.00, 0.00)
(284.65, 0.00, 0.00)
(284.65, 0.00, 0.00)
(284.65, 0.00, 0.00)
(286.68, 0.00, 0.00)
(286.68, 0.00, 0.00)
(286.68, 0.00, 0.00)
(286.68, 0.00, 0.00)
(287.94, 0.00, 0.00)
(287.94, 0.00, 0.00)
(287.94, 0.00, 0.00)
(287.94, 0.00, 0.00)
(288.72, 0.00, 0.00)
(288.72, 0.00, 0.00)
(289.29, 0.00, 0.00)
(289.29, 0.00, 0.00)
(289.29, 0.00, 0.00)
(289.29, 0.00, 0.00)
(289.29, 0.00, 0.00)
(289.29, 0.00, 0.00)
(290.40, 0.00, 0.00)
(290.40, 0.00, 0.00)
(293.95, 0.00, 0.00)
(293.95, 0.00, 0.00)
(293.95, 0.00, 0.00)
(295.43, 0.00, 0.00)
(295.43, 0.00, 0.00)
(295.43, 0.00, 0.00)
(295.43, 0.00, 0.00)
(295.43, 0.00, 0.00)
(295.82, 0.00, 0.00)
(295.82, 0.00, 0.00)
(295.82, 0.00, 0.00)
(295.82, 0.00, 0.00)
(295.93, 0.00, 0.00)
(295.93, 0.00, 0.00)
(295.93, 0.00, 0.00)
(298.05, 0.00, 0.00)
(298.05, 0.00, 0.00)
(298.05, 0.00, 0.00)
(298.05, 0.00, 0.00)
(300.09, 0.00, 0.00)
(300.09, 0.00, 0.00)
(300.09, 0.00, 0.00)
(296.04, 0.00, 0.00)
(296.04, 0.00, 0.00)
(296.04, 0.00, 0.00)
(296.06, 0.00, 0.00)
(296.06, 0.00, 0.00)
(296.06, 0.00, 0.00)
(296.06, 0.00, 0.00)
(298.54, 0.00, 0.00)
(298.54, 0.00, 0.00)
(302.81, 0.00, 0.00)
(302.81, 0.00, 0.00)
(302.81, 0.00, 0.00)
(299.07, 0.00, 0.00)
(299.07, 0.00, 0.00)
(298.37, 0.00, 0.00)
(298.37, 0.00, 0.00)
(298.37, 0.00, 0.00)
(298.37, 0.00, 0.00)
(301.65, 0.00, 0.00)
(301.65, 0.00, 0.00)
(306.05, 0.00, 0.00)
(306.05, 0.00, 0.00)
(306.05, 0.00, 0.00)
(306.05, 0.00, 0.00)
(306.05, 0.00, 0.00)
(306.05, 0.00, 0.00)
(303.01, 0.00, 0.00)
(303.01, 0.00, 0.00)
(304.97, 0.00, 0.00)
(304.97, 0.00, 0.00)
(304.97, 0.00, 0.00)
(304.97, 0.00, 0.00)
(308.27, 0.00, 0.00)
(308.27, 0.00, 0.00)
(312.90, 0.00, 0.00)
(312.90, 0.00, 0.00)
(312.90, 0.00, 0.00)
(312.90, 0.00, 0.00)
(312.90, 0.00, 0.00)
(313.49, 0.00, 0.00)
(313.49, 0.00, 0.00)
(313.49, 0.00, 0.00)
(318.78, 0.00, 0.00)
(318.78, 0.00, 0.00)
(318.78, 0.00, 0.00)
(318.78, 0.00, 0.00)
(325.27, 0.00, 0.00)
(325.27, 0.00, 0.00)
(325.27, 0.00, 0.00)
(325.27, 0.00, 0.00)
(325.83, 0.00, 0.00)
(325.83, 0.00, 0.00)
(325.83, 0.00, 0.00)
(325.83, 0.00, 0.00)
(321.60, 0.00, 0.00)
(324.73, 0.00, 0.00)
(324.73, 0.00, 0.00)
(324.73, 0.00, 0.00)
(330.29, 0.00, 0.00)
(330.29, 0.00, 0.00)
(329.43, 0.00, 0.00)
(329.43, 0.00, 0.00)
(329.52, 0.00, 0.00)
(329.52, 0.00, 0.00)
(329.52, 0.00, 0.00)
(329.52, 0.00, 0.00)
(336.97, 0.00, 0.00)
(336.97, 0.00, 0.00)
(336.97, 0.00, 0.00)
(336.97, 0.00, 0.00)
(338.32, 0.00, 0.00)
(338.32, 0.00, 0.00)
(338.32, 0.00, 0.00)
(339.70, 0.00, 0.00)
(347.57, 0.00, 0.00)
(347.57, 0.00, 0.00)
(348.05, 0.00, 0.00)
(348.05, 0.00, 0.00)
(348.05, 0.00, 0.00)
(348.05, 0.00, 0.00)
(348.05, 0.00, 0.00)
(348.05, 0.00, 0.00)
(349.69, 0.00, 0.00)
(349.69, 0.00, 0.00)
(351.83, 0.00, 0.00)
(351.83, 0.00, 0.00)
(351.83, 0.00, 0.00)
(351.83, 0.00, 0.00)
(351.83, 0.00, 0.00)
(352.55, 0.00, 0.00)
(352.55, 0.00, 0.00)
(352.55, 0.00, 0.00)
(352.55, 0.00, 0.00)
(352.55, 0.00, 0.00)
(349.00, 0.00, 0.00)
(345.18, 0.00, 0.00)
(345.18, 0.00, 0.00)
(345.18, 0.00, 0.00)
(345.18, 0.00, 0.00)
(345.18, 0.00, 0.00)
(347.77, 0.00, 0.00)
(347.77, 0.00, 0.00)
(356.67, 0.00, 0.00)
(356.67, 0.00, 0.00)
(356.67, 0.00, 0.00)
(356.67, 0.00, 0.00)
(351.48, 0.00, 0.00)
(351.48, 0.00, 0.00)
(351.48, 0.00, 0.00)
(351.48, 0.00, 0.00)
(342.76, 0.00, 0.00)
(342.76, 0.00, 0.00)
(342.76, 0.00, 0.00)
(342.76, 0.00, 0.00)
(342.76, 0.00, 0.00)
(337.76, 0.00, 0.00)
(337.76, 0.00, 0.00)
(337.76, 0.00, 0.00)
(337.76, 0.00, 0.00)
(322.17, 0.00, 0.00)
(322.17, 0.00, 0.00)
(315.84, 0.00, 0.00)
(315.84, 0.00, 0.00)
(315.84, 0.00, 0.00)
(315.84, 0.00, 0.00)
(315.84, 0.00, 0.00)
(308.72, 0.00, 0.00)
(308.72, 0.00, 0.00)
(308.72, 0.00, 0.00)
(308.72, 0.00, 0.00)
(314.90, 0.00, 0.00)
(314.90, 0.00, 0.00)
(314.90, 0.00, 0.00)
(314.90, 0.00, 0.00)
(317.32, 0.00, 0.00)
(317.32, 0.00, 0.00)
(312.48, 0.00, 0.00)
(312.48, 0.00, 0.00)
(312.48, 0.00, 0.00)
(312.48, 0.00, 0.00)
(305.10, 0.00, 0.00)
(305.10, 0.00, 0.00)
(305.10, 0.00, 0.00)
(305.23, 0.00, 0.00)
(305.23, 0.00, 0.00)
(305.23, 0.00, 0.00)
(305.23, 0.00, 0.00)
(305.23, 0.00, 0.00)
(305.23, 0.00, 0.00)
(303.97, 0.00, 0.00)
(303.97, 0.00, 0.00)
(302.47, 0.00, 0.00)
(302.47, 0.00, 0.00)
(302.47, 0.00, 0.00)
(299.86, 0.00, 0.00)
(299.86, 0.00, 0.00)
(299.86, 0.00, 0.00)
(299.86, 0.00, 0.00)
(298.79, 0.00, 0.00)
(298.79, 0.00, 0.00)
(298.79, 0.00, 0.00)
(298.79, 0.00, 0.00)
(296.25, 0.00, 0.00)
(296.25, 0.00, 0.00)
(296.25, 0.00, 0.00)
(296.36, 0.00, 0.00)
(291.91, 0.00, 0.00)
(291.91, 0.00, 0.00)
(291.91, 0.00, 0.00)
(291.91, 0.00, 0.00)
(291.91, 0.00, 0.00)
(287.57, 0.00, 0.00)
(287.57, 0.00, 0.00)
(287.57, 0.00, 0.00)
(287.57, 0.00, 0.00)
(288.09, 0.00, 0.00)
(288.09, 0.00, 0.00)
(288.28, 0.00, 0.00)
(288.28, 0.00, 0.00)
(288.28, 0.00, 0.00)
(288.28, 0.00, 0.00)
(288.28, 0.00, 0.00)
(286.53, 0.00, 0.00)
(286.53, 0.00, 0.00)
(286.53, 0.00, 0.00)
(284.37, 0.00, 0.00)
(284.37, 0.00, 0.00)
(284.37, 0.00, 0.00)
(284.37, 0.00, 0.00)
(284.27, 0.00, 0.00)
(284.27, 0.00, 0.00)
(284.27, 0.00, 0.00)
(284.50, 0.00, 0.00)
(284.50, 0.00, 0.00)
(284.50, 0.00, 0.00)
(284.50, 0.00, 0.00)
(281.85, 0.00, 0.00)
(281.85, 0.00, 0.00)
(281.85, 0.00, 0.00)
(281.85, 0.00, 0.00)
(283.83, 0.00, 0.00)
(283.83, 0.00, 0.00)
(283.83, 0.00, 0.00)
(283.83, 0.00, 0.00)
(282.73, 0.00, 0.00)
(282.73, 0.00, 0.00)
(282.73, 0.00, 0.00)
(282.73, 0.00, 0.00)
(281.59, 0.00, 0.00)
(281.59, 0.00, 0.00)
(282.16, 0.00, 0.00)
(282.16, 0.00, 0.00)
(279.66, 0.00, 0.00)
(279.66, 0.00, 0.00)
(279.66, 0.00, 0.00)
(279.66, 0.00, 0.00)
(278.03, 0.00, 0.00)
(278.03, 0.00, 0.00)
(278.66, 0.00, 0.00)
(278.66, 0.00, 0.00)
(278.66, 0.00, 0.00)
(278.66, 0.00, 0.00)
(278.66, 0.00, 0.00)
(276.52, 0.00, 0.00)
(276.52, 0.00, 0.00)
(276.52, 0.00, 0.00)
(275.07, 0.00, 0.00)
(275.07, 0.00, 0.00)
(275.07, 0.00, 0.00)
(275.07, 0.00, 0.00)
(275.07, 0.00, 0.00)
(275.68, 0.00, 0.00)
(275.68, 0.00, 0.00)
(275.68, 0.00, 0.00)
(273.64, 0.00, 0.00)
(273.64, 0.00, 0.00)
(273.64, 0.00, 0.00)
(272.23, 0.00, 0.00)
(272.23, 0.00, 0.00)
(272.23, 0.00, 0.00)
(272.49, 0.00, 0.00)
(272.49, 0.00, 0.00)
(272.49, 0.00, 0.00)
(272.49, 0.00, 0.00)
(270.58, 0.00, 0.00)
(271.04, 0.00, 0.00)
(271.04, 0.00, 0.00)
(271.04, 0.00, 0.00)
(271.04, 0.00, 0.00)
(271.24, 0.00, 0.00)
(271.24, 0.00, 0.00)
(271.24, 0.00, 0.00)
(271.24, 0.00, 0.00)
(271.68, 0.00, 0.00)
(271.68, 0.00, 0.00)
(271.68, 0.00, 0.00)
(271.98, 0.00, 0.00)
(271.98, 0.00, 0.00)
(271.98, 0.00, 0.00)
(271.92, 0.00, 0.00)
(271.92, 0.00, 0.00)
(271.92, 0.00, 0.00)
(271.92, 0.00, 0.00)
(271.92, 0.00, 0.00)
(273.15, 0.00, 0.00)
(273.15, 0.00, 0.00)
(273.15, 0.00, 0.00)
(273.15, 0.00, 0.00)
(273.15, 0.00, 0.00)
(273.68, 0.00, 0.00)
(273.68, 0.00, 0.00)
(272.49, 0.00, 0.00)
(272.49, 0.00, 0.00)
(272.49, 0.00, 0.00)
(273.09, 0.00, 0.00)
(273.09, 0.00, 0.00)
(273.09, 0.00, 0.00)
(273.09, 0.00, 0.00)
(273.32, 0.00, 0.00)
(273.32, 0.00, 0.00)
(273.14, 0.00, 0.00)
(273.14, 0.00, 0.00)
(273.14, 0.00, 0.00)
(273.14, 0.00, 0.00)
(273.14, 0.00, 0.00)
(273.16, 0.00, 0.00)
(273.16, 0.00, 0.00)
(273.16, 0.00, 0.00)
(273.16, 0.00, 0.00)
(273.07, 0.00, 0.00)
(272.88, 0.00, 0.00)
(272.88, 0.00, 0.00)
(272.88, 0.00, 0.00)
(272.88, 0.00, 0.00)
(273.05, 0.00, 0.00)
(273.05, 0.00, 0.00)
(272.90, 0.00, 0.00)
(272.90, 0.00, 0.00)
(272.90, 0.00, 0.00)
(273.12, 0.00, 0.00)
(273.12, 0.00, 0.00)
(273.12, 0.00, 0.00)
(273.01, 0.00, 0.00)
(273.01, 0.00, 0.00)
(273.01, 0.00, 0.00)
(273.10, 0.00, 0.00)
(273.10, 0.00, 0.00)
(273.10, 0.00, 0.00)
(273.10, 0.00, 0.00)
(273.03, 0.00, 0.00)
(273.03, 0.00, 0.00)
(273.03, 0.00, 0.00)
(273.03, 0.00, 0.00)
(273.43, 0.00, 0.00)
(273.43, 0.00, 0.00)
(273.43, 0.00, 0.00)
(273.43, 0.00, 0.00)
(273.43, 0.00, 0.00)
(273.43, 0.00, 0.00)
(273.14, 0.00, 0.00)
(273.14, 0.00, 0.00)
(273.14, 0.00, 0.00)
(273.14, 0.00, 0.00)
(273.43, 0.00, 0.00)
(273.43, 0.00, 0.00)
(273.43, 0.00, 0.00)
(273.43, 0.00, 0.00)
(273.43, 0.00, 0.00)
(273.41, 0.00, 0.00)
(273.41, 0.00, 0.00)
(272.46, 0.00, 0.00)
(272.46, 0.00, 0.00)
(272.46, 0.00, 0.00)
(272.46, 0.00, 0.00)
(271.80, 0.00, 0.00)
(271.80, 0.00, 0.00)
(271.80, 0.00, 0.00)
(271.12, 0.00, 0.00)
(271.12, 0.00, 0.00)
(271.12, 0.00, 0.00)
(270.90, 0.00, 0.00)
(270.90, 0.00, 0.00)
(270.90, 0.00, 0.00)
(270.90, 0.00, 0.00)
(270.90, 0.00, 0.00)
(272.41, 0.00, 0.00)
(272.41, 0.00, 0.00)
(272.41, 0.00, 0.00)
(272.41, 0.00, 0.00)
(273.73, 0.00, 0.00)
(273.73, 0.00, 0.00)
(274.51, 0.00, 0.00)
(274.51, 0.00, 0.00)
(274.51, 0.00, 0.00)
(274.51, 0.00, 0.00)
(274.51, 0.00, 0.00)
(274.05, 0.00, 0.00)
(274.05, 0.00, 0.00)
(274.05, 0.00, 0.00)
(274.05, 0.00, 0.00)
(274.21, 0.00, 0.00)
(274.21, 0.00, 0.00)
(274.21, 0.00, 0.00)
(274.21, 0.00, 0.00)
(276.85, 0.00, 0.00)
(276.85, 0.00, 0.00)
(276.88, 0.00, 0.00)
(276.88, 0.00, 0.00)
(276.88, 0.00, 0.00)
(276.88, 0.00, 0.00)
(276.88, 0.00, 0.00)
(276.50, 0.00, 0.00)
(276.50, 0.00, 0.00)
(276.50, 0.00, 0.00)
(276.50, 0.00, 0.00)
(277.88, 0.00, 0.00)
(280.31, 0.00, 0.00)
(280.31, 0.00, 0.00)
(280.31, 0.00, 0.00)
(280.31, 0.00, 0.00)
(280.31, 0.00, 0.00)
(281.76, 0.00, 0.00)
(281.76, 0.00, 0.00)
(281.76, 0.00, 0.00)
(281.76, 0.00, 0.00)
(282.85, 0.00, 0.00)
(282.85, 0.00, 0.00)
(282.85, 0.00, 0.00)
(282.85, 0.00, 0.00)
(282.02, 0.00, 0.00)
(282.02, 0.00, 0.00)
(283.13, 0.00, 0.00)
(283.13, 0.00, 0.00)
(283.13, 0.00, 0.00)
(283.13, 0.00, 0.00)
(283.13, 0.00, 0.00)
(282.06, 0.00, 0.00)
(282.06, 0.00, 0.00)
(282.06, 0.00, 0.00)
(282.06, 0.00, 0.00)
(283.28, 0.00, 0.00)
(283.28, 0.00, 0.00)
(283.28, 0.00, 0.00)
(284.12, 0.00, 0.00)
(284.12, 0.00, 0.00)
(285.65, 0.00, 0.00)
(285.65, 0.00, 0.00)
(285.65, 0.00, 0.00)
(285.65, 0.00, 0.00)
(285.65, 0.00, 0.00)
(285.65, 0.00, 0.00)
(286.84, 0.00, 0.00)
(286.84, 0.00, 0.00)
(286.84, 0.00, 0.00)
(286.84, 0.00, 0.00)
(287.19, 0.00, 0.00)
(287.19, 0.00, 0.00)
(287.19, 0.00, 0.00)
(287.19, 0.00, 0.00)
(287.19, 0.00, 0.00)
(286.59, 0.00, 0.00)
(286.59, 0.00, 0.00)
(286.59, 0.00, 0.00)
(286.59, 0.00, 0.00)
(286.59, 0.00, 0.00)
(286.59, 0.00, 0.00)
(286.73, 0.00, 0.00)
(286.73, 0.00, 0.00)
(286.73, 0.00, 0.00)
(286.73, 0.00, 0.00)
(286.90, 0.00, 0.00)
(286.90, 0.00, 0.00)
(289.10, 0.00, 0.00)
(289.10, 0.00, 0.00)
(289.10, 0.00, 0.00)
(289.10, 0.00, 0.00)
(287.64, 0.00, 0.00)
(287.64, 0.00, 0.00)
(287.64, 0.00, 0.00)
(287.64, 0.00, 0.00)
(287.64, 0.00, 0.00)
(288.96, 0.00, 0.00)
(288.96, 0.00, 0.00)
(288.96, 0.00, 0.00)
(288.96, 0.00, 0.00)
(289.53, 0.00, 0.00)
(288.81, 0.00, 0.00)
(288.81, 0.00, 0.00)
(288.81, 0.00, 0.00)
(288.81, 0.00, 0.00)
(288.37, 0.00, 0.00)
(288.37, 0.00, 0.00)
(288.37, 0.00, 0.00)
(289.72, 0.00, 0.00)
(289.72, 0.00, 0.00)
(289.72, 0.00, 0.00)
(289.72, 0.00, 0.00)
(291.11, 0.00, 0.00)
(291.11, 0.00, 0.00)
(291.11, 0.00, 0.00)
(291.11, 0.00, 0.00)
(290.02, 0.00, 0.00)
(290.02, 0.00, 0.00)
(290.02, 0.00, 0.00)
(290.02, 0.00, 0.00)
(290.82, 0.00, 0.00)
(290.82, 0.00, 0.00)
(290.82, 0.00, 0.00)
(294.74, 0.00, 0.00)
(294.74, 0.00, 0.00)
(294.74, 0.00, 0.00)
(294.74, 0.00, 0.00)
(294.74, 0.00, 0.00)
(294.74, 0.00, 0.00)
(296.41, 0.00, 0.00)
(296.41, 0.00, 0.00)
(296.41, 0.00, 0.00)
(296.41, 0.00, 0.00)
(296.41, 0.00, 0.00)
(296.41, 0.00, 0.00)
(292.36, 0.00, 0.00)
(292.36, 0.00, 0.00)
(293.95, 0.00, 0.00)
(293.95, 0.00, 0.00)
(293.95, 0.00, 0.00)
(293.95, 0.00, 0.00)
(293.95, 0.00, 0.00)
(293.95, 0.00, 0.00)
(293.95, 0.00, 0.00)
(297.47, 0.00, 0.00)
(297.47, 0.00, 0.00)
(297.47, 0.00, 0.00)
(297.47, 0.00, 0.00)
(295.30, 0.00, 0.00)
(295.30, 0.00, 0.00)
(295.30, 0.00, 0.00)
(295.30, 0.00, 0.00)
(292.78, 0.00, 0.00)
(292.78, 0.00, 0.00)
(292.78, 0.00, 0.00)
(292.78, 0.00, 0.00)
(297.02, 0.00, 0.00)
(297.02, 0.00, 0.00)
(301.69, 0.00, 0.00)
(301.69, 0.00, 0.00)
(301.69, 0.00, 0.00)
(301.69, 0.00, 0.00)
(301.69, 0.00, 0.00)
(298.66, 0.00, 0.00)
(298.66, 0.00, 0.00)
(298.66, 0.00, 0.00)
(298.66, 0.00, 0.00)
(295.39, 0.00, 0.00)
(300.42, 0.00, 0.00)
(300.42, 0.00, 0.00)
(300.42, 0.00, 0.00)
(300.42, 0.00, 0.00)
(308.22, 0.00, 0.00)
(308.22, 0.00, 0.00)
(308.22, 0.00, 0.00)
(308.22, 0.00, 0.00)
(308.22, 0.00, 0.00)
(308.22, 0.00, 0.00)
(308.22, 0.00, 0.00)
(299.42, 0.00, 0.00)
(299.42, 0.00, 0.00)
(303.24, 0.00, 0.00)
(303.24, 0.00, 0.00)
(303.24, 0.00, 0.00)
(303.24, 0.00, 0.00)
(303.24, 0.00, 0.00)
(307.08, 0.00, 0.00)
(307.08, 0.00, 0.00)
(307.08, 0.00, 0.00)
(307.08, 0.00, 0.00)
(303.61, 0.00, 0.00)
(303.53, 0.00, 0.00)
(303.53, 0.00, 0.00)
(303.53, 0.00, 0.00)
(303.53, 0.00, 0.00)
(312.89, 0.00, 0.00)
(312.43, 0.00, 0.00)
(312.43, 0.00, 0.00)
(312.43, 0.00, 0.00)
(312.43, 0.00, 0.00)
(312.43, 0.00, 0.00)
(308.15, 0.00, 0.00)
(308.15, 0.00, 0.00)
(308.15, 0.00, 0.00)
(308.15, 0.00, 0.00)
(305.63, 0.00, 0.00)
(305.63, 0.00, 0.00)
(314.83, 0.00, 0.00)
(314.83, 0.00, 0.00)
(314.83, 0.00, 0.00)
(314.83, 0.00, 0.00)
(314.83, 0.00, 0.00)
(316.25, 0.00, 0.00)
(316.25, 0.00, 0.00)
(316.25, 0.00, 0.00)
(312.26, 0.00, 0.00)
(312.26, 0.00, 0.00)
(312.26, 0.00, 0.00)
(312.26, 0.00, 0.00)
(312.59, 0.00, 0.00)
(312.59, 0.00, 0.00)
(312.59, 0.00, 0.00)
(312.59, 0.00, 0.00)
(313.76, 0.00, 0.00)
(313.76, 0.00, 0.00)
(313.76, 0.00, 0.00)
(313.76, 0.00, 0.00)
(324.04, 0.00, 0.00)
(324.04, 0.00, 0.00)
(324.04, 0.00, 0.00)
(324.04, 0.00, 0.00)
(318.88, 0.00, 0.00)
(318.88, 0.00, 0.00)
(318.88, 0.00, 0.00)
(317.84, 0.00, 0.00)
(317.84, 0.00, 0.00)
(317.53, 0.00, 0.00)
(317.53, 0.00, 0.00)
(317.53, 0.00, 0.00)
(317.53, 0.00, 0.00)
(335.13, 0.00, 0.00)
(335.13, 0.00, 0.00)
(335.13, 0.00, 0.00)
(335.13, 0.00, 0.00)
(335.13, 0.00, 0.00)
(335.13, 0.00, 0.00)
(322.92, 0.00, 0.00)
(316.59, 0.00, 0.00)
(316.59, 0.00, 0.00)
(316.59, 0.00, 0.00)
(316.59, 0.00, 0.00)
(316.59, 0.00, 0.00)
(321.43, 0.00, 0.00)
(321.43, 0.00, 0.00)
(321.43, 0.00, 0.00)
(321.43, 0.00, 0.00)
(321.43, 0.00, 0.00)
(323.64, 0.00, 0.00)
(327.63, 0.00, 0.00)
(327.63, 0.00, 0.00)
(327.63, 0.00, 0.00)
(327.63, 0.00, 0.00)
(324.09, 0.00, 0.00)
(324.09, 0.00, 0.00)
(324.09, 0.00, 0.00)
(324.09, 0.00, 0.00)
(330.50, 0.00, 0.00)
(330.50, 0.00, 0.00)
(339.15, 0.00, 0.00)
(339.15, 0.00, 0.00)
(339.15, 0.00, 0.00)
(339.15, 0.00, 0.00)
(339.15, 0.00, 0.00)
(331.92, 0.00, 0.00)
(331.92, 0.00, 0.00)
(331.92, 0.00, 0.00)
(331.92, 0.00, 0.00)
(328.51, 0.00, 0.00)
(328.51, 0.00, 0.00)
(328.76, 0.00, 0.00)
(328.76, 0.00, 0.00)
(328.76, 0.00, 0.00)
(328.76, 0.00, 0.00)
(328.76, 0.00, 0.00)
(329.85, 0.00, 0.00)
(329.85, 0.00, 0.00)
(329.85, 0.00, 0.00)
(329.23, 0.00, 0.00)
(329.03, 0.00, 0.00)
(329.03, 0.00, 0.00)
(329.03, 0.00, 0.00)
(329.03, 0.00, 0.00)
(327.23, 0.00, 0.00)
(327.23, 0.00, 0.00)
(327.23, 0.00, 0.00)
(327.23, 0.00, 0.00)
(327.23, 0.00, 0.00)
(327.66, 0.00, 0.00)
(327.66, 0.00, 0.00)
(327.93, 0.00, 0.00)
(327.93, 0.00, 0.00)
(327.93, 0.00, 0.00)
(327.93, 0.00, 0.00)
(329.27, 0.00, 0.00)
(329.27, 0.00, 0.00)
(329.27, 0.00, 0.00)
(329.27, 0.00, 0.00)
(329.27, 0.00, 0.00)
(324.89, 0.00, 0.00)
(324.89, 0.00, 0.00)
(321.61, 0.00, 0.00)
(321.61, 0.00, 0.00)
(321.61, 0.00, 0.00)
(321.61, 0.00, 0.00)
(325.96, 0.00, 0.00)
(325.96, 0.00, 0.00)
(325.96, 0.00, 0.00)
(325.96, 0.00, 0.00)
(330.48, 0.00, 0.00)
(330.48, 0.00, 0.00)
(326.59, 0.00, 0.00)
(326.59, 0.00, 0.00)
(326.59, 0.00, 0.00)
(326.59, 0.00, 0.00)
(326.59, 0.00, 0.00)
(320.76, 0.00, 0.00)
(320.76, 0.00, 0.00)
(320.76, 0.00, 0.00)
(320.76, 0.00, 0.00)
(320.19, 0.00, 0.00)
(320.19, 0.00, 0.00)
(328.37, 0.00, 0.00)
(328.37, 0.00, 0.00)
(328.37, 0.00, 0.00)
(328.37, 0.00, 0.00)
(323.92, 0.00, 0.00)
(323.92, 0.00, 0.00)
(323.92, 0.00, 0.00)
(323.92, 0.00, 0.00)
(323.92, 0.00, 0.00)
(318.99, 0.00, 0.00)
(318.99, 0.00, 0.00)
(320.11, 0.00, 0.00)
(320.11, 0.00, 0.00)
(320.11, 0.00, 0.00)
(320.11, 0.00, 0.00)
(320.11, 0.00, 0.00)
(323.70, 0.00, 0.00)
(323.70, 0.00, 0.00)
(319.50, 0.00, 0.00)
(319.50, 0.00, 0.00)
(319.50, 0.00, 0.00)
(314.91, 0.00, 0.00)
(314.91, 0.00, 0.00)
(314.91, 0.00, 0.00)
(308.30, 0.00, 0.00)
(308.30, 0.00, 0.00)
(308.30, 0.00, 0.00)
(308.30, 0.00, 0.00)
(308.30, 0.00, 0.00)
(308.30, 0.00, 0.00)
(304.23, 0.00, 0.00)
(304.23, 0.00, 0.00)
(301.92, 0.00, 0.00)
(301.92, 0.00, 0.00)
(301.92, 0.00, 0.00)
(308.35, 0.00, 0.00)
(308.35, 0.00, 0.00)
(308.35, 0.00, 0.00)
(308.35, 0.00, 0.00)
(302.39, 0.00, 0.00)
(302.39, 0.00, 0.00)
(302.39, 0.00, 0.00)
(299.29, 0.00, 0.00)
(299.29, 0.00, 0.00)
(299.29, 0.00, 0.00)
(299.29, 0.00, 0.00)
(299.66, 0.00, 0.00)
(299.66, 0.00, 0.00)
(299.66, 0.00, 0.00)
(299.66, 0.00, 0.00)
(297.26, 0.00, 0.00)
(297.26, 0.00, 0.00)
(297.18, 0.00, 0.00)
(297.18, 0.00, 0.00)
(297.18, 0.00, 0.00)
(297.18, 0.00, 0.00)
(297.18, 0.00, 0.00)
(297.18, 0.00, 0.00)
(297.18, 0.00, 0.00)
(296.00, 0.00, 0.00)
(296.00, 0.00, 0.00)
(296.00, 0.00, 0.00)
(296.00, 0.00, 0.00)
(296.00, 0.00, 0.00)
(296.00, 0.00, 0.00)
(290.64, 0.00, 0.00)
(290.64, 0.00, 0.00)
(290.64, 0.00, 0.00)
(290.64, 0.00, 0.00)
(290.64, 0.00, 0.00)
(291.58, 0.00, 0.00)
(291.58, 0.00, 0.00)
(284.19, 0.00, 0.00)
(284.19, 0.00, 0.00)
(284.19, 0.00, 0.00)
(283.19, 0.00, 0.00)
(283.19, 0.00, 0.00)
(283.97, 0.00, 0.00)
(283.97, 0.00, 0.00)
(283.97, 0.00, 0.00)
(282.26, 0.00, 0.00)
(282.26, 0.00, 0.00)
(279.68, 0.00, 0.00)
(279.68, 0.00, 0.00)
(279.68, 0.00, 0.00)
(278.47, 0.00, 0.00)
(278.47, 0.00, 0.00)
(278.47, 0.00, 0.00)
(277.41, 0.00, 0.00)
(277.41, 0.00, 0.00)
(277.41, 0.00, 0.00)
(277.41, 0.00, 0.00)
(276.94, 0.00, 0.00)
(276.94, 0.00, 0.00)
(276.94, 0.00, 0.00)
(276.94, 0.00, 0.00)
(277.04, 0.00, 0.00)
(277.04, 0.00, 0.00)
(277.61, 0.00, 0.00)
(277.61, 0.00, 0.00)
(277.61, 0.00, 0.00)
(277.61, 0.00, 0.00)
(277.61, 0.00, 0.00)
(277.61, 0.00, 0.00)
(277.61, 0.00, 0.00)
(276.88, 0.00, 0.00)
(276.88, 0.00, 0.00)
(275.19, 0.00, 0.00)
(275.19, 0.00, 0.00)
(276.92, 0.00, 0.00)
(276.92, 0.00, 0.00)
(276.92, 0.00, 0.00)
(277.19, 0.00, 0.00)
(277.19, 0.00, 0.00)
(277.19, 0.00, 0.00)
(277.19, 0.00, 0.00)
(277.19, 0.00, 0.00)
(277.19, 0.00, 0.00)
(274.73, 0.00, 0.00)
(274.73, 0.00, 0.00)
(274.48, 0.00, 0.00)
(274.48, 0.00, 0.00)
(274.48, 0.00, 0.00)
(274.48, 0.00, 0.00)
(274.48, 0.00, 0.00)
(274.48, 0.00, 0.00)
(273.78, 0.00, 0.00)
(273.78, 0.00, 0.00)
(273.25, 0.00, 0.00)
(273.25, 0.00, 0.00)
(274.04, 0.00, 0.00)
(274.04, 0.00, 0.00)
(274.04, 0.00, 0.00)
(274.04, 0.00, 0.00)
(272.68, 0.00, 0.00)
(272.68, 0.00, 0.00)
(272.68, 0.00, 0.00)
(272.68, 0.00, 0.00)
(272.68, 0.00, 0.00)
(272.68, 0.00, 0.00)
(272.87, 0.00, 0.00)
(272.87, 0.00, 0.00)
(272.87, 0.00, 0.00)
(273.26, 0.00, 0.00)
(273.52, 0.00, 0.00)
(273.52, 0.00, 0.00)
(273.52, 0.00, 0.00)
(273.52, 0.00, 0.00)
(273.36, 0.00, 0.00)
(273.36, 0.00, 0.00)
(273.36, 0.00, 0.00)
(273.36, 0.00, 0.00)
(273.64, 0.00, 0.00)
(273.64, 0.00, 0.00)
(273.64, 0.00, 0.00)
(273.64, 0.00, 0.00)
(273.64, 0.00, 0.00)
(273.64, 0.00, 0.00)
(274.27, 0.00, 0.00)
(274.27, 0.00, 0.00)
(274.27, 0.00, 0.00)
(274.27, 0.00, 0.00)
(274.26, 0.00, 0.00)
(274.26, 0.00, 0.00)
(274.26, 0.00, 0.00)
(274.32, 0.00, 0.00)
(274.32, 0.00, 0.00)
(274.32, 0.00, 0.00)
(274.20, 0.00, 0.00)
(274.20, 0.00, 0.00)
(274.20, 0.00, 0.00)
(274.20, 0.00, 0.00)
(274.52, 0.00, 0.00)
(274.52, 0.00, 0.00)
(274.52, 0.00, 0.00)
(274.11, 0.00, 0.00)
(274.00, 0.00, 0.00)
(274.00, 0.00, 0.00)
(274.24, 0.00, 0.00)
(274.24, 0.00, 0.00)
(274.07, 0.00, 0.00)
(274.07, 0.00, 0.00)
(274.07, 0.00, 0.00)
(274.23, 0.00, 0.00)
(274.23, 0.00, 0.00)
(273.85, 0.00, 0.00)
(273.85, 0.00, 0.00)
(273.85, 0.00, 0.00)
(273.85, 0.00, 0.00)
(274.36, 0.00, 0.00)
(274.36, 0.00, 0.00)
(274.36, 0.00, 0.00)
(274.36, 0.00, 0.00)
(274.36, 0.00, 0.00)
(273.65, 0.00, 0.00)
(273.65, 0.00, 0.00)
(273.65, 0.00, 0.00)
(273.65, 0.00, 0.00)
(272.06, 0.00, 0.00)
(276.58, 0.00, 0.00)
(276.58, 0.00, 0.00)
(276.58, 0.00, 0.00)
(276.58, 0.00, 0.00)
(277.00, 0.00, 0.00)
(277.00, 0.00, 0.00)
(277.00, 0.00, 0.00)
(277.00, 0.00, 0.00)
(277.00, 0.00, 0.00)
(275.80, 0.00, 0.00)
(275.80, 0.00, 0.00)
(278.00, 0.00, 0.00)
(278.00, 0.00, 0.00)
(278.00, 0.00, 0.00)
(278.00, 0.00, 0.00)
(278.00, 0.00, 0.00)
(279.86, 0.00, 0.00)
(279.86, 0.00, 0.00)
(279.86, 0.00, 0.00)
(279.86, 0.00, 0.00)
(285.01, 0.00, 0.00)
(285.01, 0.00, 0.00)
(285.01, 0.00, 0.00)
(285.01, 0.00, 0.00)
(285.01, 0.00, 0.00)
(280.36, 0.00, 0.00)
(280.36, 0.00, 0.00)
(279.48, 0.00, 0.00)
(279.48, 0.00, 0.00)
(279.48, 0.00, 0.00)
(279.48, 0.00, 0.00)
(279.48, 0.00, 0.00)
(279.48, 0.00, 0.00)
(279.48, 0.00, 0.00)
(279.48, 0.00, 0.00)
(279.48, 0.00, 0.00)
(279.48, 0.00, 0.00)
(279.48, 0.00, 0.00)
(279.48, 0.00, 0.00)
(279.48, 0.00, 0.00)
(285.83, 0.00, 0.00)
(290.01, 0.00, 0.00)
(290.01, 0.00, 0.00)
(290.01, 0.00, 0.00)
(290.01, 0.00, 0.00)
(290.01, 0.00, 0.00)
(297.52, 0.00, 0.00)
(297.52, 0.00, 0.00)
(297.93, 0.00, 0.00)
(297.93, 0.00, 0.00)
(297.93, 0.00, 0.00)
(297.93, 0.00, 0.00)
(294.60, 0.00, 0.00)
(294.60, 0.00, 0.00)
(294.60, 0.00, 0.00)
(296.29, 0.00, 0.00)
(296.29, 0.00, 0.00)
(296.29, 0.00, 0.00)
(296.29, 0.00, 0.00)
(296.29, 0.00, 0.00)
(296.29, 0.00, 0.00)
(296.29, 0.00, 0.00)
(296.29, 0.00, 0.00)
(296.29, 0.00, 0.00)
(296.29, 0.00, 0.00)
(304.22, 0.00, 0.00)
(304.22, 0.00, 0.00)
(304.22, 0.00, 0.00)
(303.21, 0.00, 0.00)
(303.21, 0.00, 0.00)
(303.21, 0.00, 0.00)
(303.21, 0.00, 0.00)
(303.21, 0.00, 0.00)
(307.84, 0.00, 0.00)
(307.84, 0.00, 0.00)
(311.06, 0.00, 0.00)
(311.06, 0.00, 0.00)
(311.06, 0.00, 0.00)
(311.06, 0.00, 0.00)
(311.06, 0.00, 0.00)
(311.82, 0.00, 0.00)
(311.82, 0.00, 0.00)
(315.58, 0.00, 0.00)
(315.58, 0.00, 0.00)
(315.58, 0.00, 0.00)
(315.58, 0.00, 0.00)
(316.47, 0.00, 0.00)
(316.47, 0.00, 0.00)
(316.47, 0.00, 0.00)
(316.47, 0.00, 0.00)
(320.71, 0.00, 0.00)
(321.92, 0.00, 0.00)
(321.92, 0.00, 0.00)
(321.92, 0.00, 0.00)
(321.92, 0.00, 0.00)
(321.92, 0.00, 0.00)
(321.31, 0.00, 0.00)
(321.31, 0.00, 0.00)
(328.71, 0.00, 0.00)
(328.71, 0.00, 0.00)
(323.46, 0.00, 0.00)
(323.46, 0.00, 0.00)
(323.46, 0.00, 0.00)
(323.11, 0.00, 0.00)
(323.11, 0.00, 0.00)
(323.11, 0.00, 0.00)
(328.87, 0.00, 0.00)
(328.87, 0.00, 0.00)
(329.71, 0.00, 0.00)
(329.71, 0.00, 0.00)
(330.00, 0.00, 0.00)
(330.00, 0.00, 0.00)
(330.00, 0.00, 0.00)
(330.00, 0.00, 0.00)
(336.36, 0.00, 0.00)
(336.36, 0.00, 0.00)
(333.85, 0.00, 0.00)
(333.85, 0.00, 0.00)
(333.85, 0.00, 0.00)
(333.85, 0.00, 0.00)
(335.30, 0.00, 0.00)
(335.30, 0.00, 0.00)
(335.30, 0.00, 0.00)
(339.48, 0.00, 0.00)
(339.48, 0.00, 0.00)
(339.48, 0.00, 0.00)
(338.86, 0.00, 0.00)
(338.86, 0.00, 0.00)
(338.86, 0.00, 0.00)
(338.86, 0.00, 0.00)
(338.86, 0.00, 0.00)
(338.86, 0.00, 0.00)
(342.77, 0.00, 0.00)
(342.77, 0.00, 0.00)
(340.76, 0.00, 0.00)
(340.76, 0.00, 0.00)
(340.76, 0.00, 0.00)
(340.76, 0.00, 0.00)
(345.09, 0.00, 0.00)
(345.09, 0.00, 0.00)
(352.14, 0.00, 0.00)
(352.14, 0.00, 0.00)
(352.14, 0.00, 0.00)
(352.14, 0.00, 0.00)
(352.14, 0.00, 0.00)
(352.14, 0.00, 0.00)
(340.57, 0.00, 0.00)
(340.57, 0.00, 0.00)
(340.57, 0.00, 0.00)
(340.57, 0.00, 0.00)
(340.57, 0.00, 0.00)
(340.57, 0.00, 0.00)
(335.68, 0.00, 0.00)
(335.68, 0.00, 0.00)
(335.68, 0.00, 0.00)
(335.68, 0.00, 0.00)
(335.68, 0.00, 0.00)
(335.68, 0.00, 0.00)
(335.68, 0.00, 0.00)
(335.68, 0.00, 0.00)
(335.68, 0.00, 0.00)
(335.68, 0.00, 0.00)
(329.92, 0.00, 0.00)
(329.92, 0.00, 0.00)
(329.92, 0.00, 0.00)
(329.92, 0.00, 0.00)
(329.92, 0.00, 0.00)
(318.28, 0.00, 0.00)
(333.74, 0.00, 0.00)
(333.74, 0.00, 0.00)
(333.74, 0.00, 0.00)
(333.74, 0.00, 0.00)
(333.74, 0.00, 0.00)
(343.57, 0.00, 0.00)
(343.57, 0.00, 0.00)
(334.00, 0.00, 0.00)
(334.00, 0.00, 0.00)
(334.00, 0.00, 0.00)
(334.00, 0.00, 0.00)
(305.60, 0.00, 0.00)
(305.60, 0.00, 0.00)
(305.60, 0.00, 0.00)
(305.60, 0.00, 0.00)
(305.60, 0.00, 0.00)
(301.14, 0.00, 0.00)
(301.14, 0.00, 0.00)
(301.14, 0.00, 0.00)
(313.16, 0.00, 0.00)
(313.16, 0.00, 0.00)
(313.16, 0.00, 0.00)
(297.87, 0.00, 0.00)
(297.87, 0.00, 0.00)
(297.87, 0.00, 0.00)
(297.87, 0.00, 0.00)
(297.87, 0.00, 0.00)
(292.37, 0.00, 0.00)
(292.37, 0.00, 0.00)
(292.37, 0.00, 0.00)
(292.37, 0.00, 0.00)
(291.81, 0.00, 0.00)
(291.81, 0.00, 0.00)
(288.55, 0.00, 0.00)
(288.55, 0.00, 0.00)
(288.55, 0.00, 0.00)
(288.55, 0.00, 0.00)
(287.93, 0.00, 0.00)
(287.93, 0.00, 0.00)
(287.93, 0.00, 0.00)
(287.93, 0.00, 0.00)
(286.79, 0.00, 0.00)
(286.79, 0.00, 0.00)
(286.79, 0.00, 0.00)
(286.79, 0.00, 0.00)
(286.79, 0.00, 0.00)
(282.82, 0.00, 0.00)
(282.82, 0.00, 0.00)
(282.82, 0.00, 0.00)
(282.82, 0.00, 0.00)
(281.35, 0.00, 0.00)
(281.35, 0.00, 0.00)
(281.35, 0.00, 0.00)
(280.66, 0.00, 0.00)
(279.06, 0.00, 0.00)
(279.06, 0.00, 0.00)
(279.06, 0.00, 0.00)
(279.06, 0.00, 0.00)
(279.06, 0.00, 0.00)
(279.40, 0.00, 0.00)
(279.40, 0.00, 0.00)
(279.40, 0.00, 0.00)
(279.40, 0.00, 0.00)
(279.40, 0.00, 0.00)
(280.12, 0.00, 0.00)
(280.12, 0.00, 0.00)
(280.12, 0.00, 0.00)
(277.60, 0.00, 0.00)
(277.60, 0.00, 0.00)
(278.81, 0.00, 0.00)
(278.81, 0.00, 0.00)
(278.81, 0.00, 0.00)
(278.81, 0.00, 0.00)
(279.08, 0.00, 0.00)
(279.08, 0.00, 0.00)
(279.08, 0.00, 0.00)
(279.08, 0.00, 0.00)
(278.94, 0.00, 0.00)
(278.94, 0.00, 0.00)
(278.94, 0.00, 0.00)
(278.94, 0.00, 0.00)
(278.94, 0.00, 0.00)
(277.16, 0.00, 0.00)
(277.16, 0.00, 0.00)
(278.73, 0.00, 0.00)
(278.73, 0.00, 0.00)
(278.73, 0.00, 0.00)
(278.73, 0.00, 0.00)
(278.65, 0.00, 0.00)
(278.65, 0.00, 0.00)
(278.65, 0.00, 0.00)
(277.71, 0.00, 0.00)
(277.71, 0.00, 0.00)
(277.71, 0.00, 0.00)
(277.71, 0.00, 0.00)
(277.76, 0.00, 0.00)
(277.76, 0.00, 0.00)
(277.76, 0.00, 0.00)
(277.76, 0.00, 0.00)
(277.38, 0.00, 0.00)
(277.38, 0.00, 0.00)
(277.38, 0.00, 0.00)
(277.75, 0.00, 0.00)
(277.75, 0.00, 0.00)
(277.75, 0.00, 0.00)
(277.75, 0.00, 0.00)
(276.88, 0.00, 0.00)
(276.88, 0.00, 0.00)
(277.64, 0.00, 0.00)
(277.64, 0.00, 0.00)
(277.64, 0.00, 0.00)
(277.64, 0.00, 0.00)
(277.36, 0.00, 0.00)
(277.36, 0.00, 0.00)
(277.36, 0.00, 0.00)
(276.67, 0.00, 0.00)
(276.67, 0.00, 0.00)
(275.84, 0.00, 0.00)
(275.84, 0.00, 0.00)
(275.84, 0.00, 0.00)
(275.84, 0.00, 0.00)
(278.17, 0.00, 0.00)
(278.17, 0.00, 0.00)
(278.17, 0.00, 0.00)
(278.17, 0.00, 0.00)
(278.17, 0.00, 0.00)
(277.80, 0.00, 0.00)
(277.80, 0.00, 0.00)
(277.18, 0.00, 0.00)
(277.18, 0.00, 0.00)
(277.18, 0.00, 0.00)
(277.37, 0.00, 0.00)
(277.37, 0.00, 0.00)
(277.37, 0.00, 0.00)
(277.50, 0.00, 0.00)
(277.50, 0.00, 0.00)
(277.50, 0.00, 0.00)
(277.50, 0.00, 0.00)
(278.95, 0.00, 0.00)
(278.95, 0.00, 0.00)
(278.95, 0.00, 0.00)
(278.95, 0.00, 0.00)
(278.25, 0.00, 0.00)
(278.25, 0.00, 0.00)
(278.22, 0.00, 0.00)
(278.22, 0.00, 0.00)
(278.22, 0.00, 0.00)
(278.22, 0.00, 0.00)
(279.15, 0.00, 0.00)
(279.15, 0.00, 0.00)
(278.90, 0.00, 0.00)
(278.90, 0.00, 0.00)
(278.90, 0.00, 0.00)
(278.81, 0.00, 0.00)
(278.81, 0.00, 0.00)
(278.81, 0.00, 0.00)
(278.71, 0.00, 0.00)
(278.71, 0.00, 0.00)
(278.71, 0.00, 0.00)
(278.71, 0.00, 0.00)
(280.00, 0.00, 0.00)
(280.00, 0.00, 0.00)
(279.57, 0.00, 0.00)
(279.57, 0.00, 0.00)
(279.57, 0.00, 0.00)
(279.12, 0.00, 0.00)
(279.12, 0.00, 0.00)
(279.12, 0.00, 0.00)
(279.12, 0.00, 0.00)
(279.83, 0.00, 0.00)
(279.30, 0.00, 0.00)
(279.30, 0.00, 0.00)
(279.30, 0.00, 0.00)
(279.30, 0.00, 0.00)
(279.30, 0.00, 0.00)
(279.30, 0.00, 0.00)
(278.59, 0.00, 0.00)
(278.59, 0.00, 0.00)
(278.59, 0.00, 0.00)
(278.59, 0.00, 0.00)
(279.08, 0.00, 0.00)
(279.08, 0.00, 0.00)
(279.08, 0.00, 0.00)
(279.21, 0.00, 0.00)
(279.21, 0.00, 0.00)
(279.21, 0.00, 0.00)
(278.19, 0.00, 0.00)
(278.19, 0.00, 0.00)
(278.19, 0.00, 0.00)
(278.19, 0.00, 0.00)
(278.00, 0.00, 0.00)
(278.00, 0.00, 0.00)
(278.00, 0.00, 0.00)
(277.44, 0.00, 0.00)
(277.44, 0.00, 0.00)
(277.44, 0.00, 0.00)
(277.44, 0.00, 0.00)
(277.44, 0.00, 0.00)
(277.44, 0.00, 0.00)
(277.44, 0.00, 0.00)
(275.77, 0.00, 0.00)
(275.77, 0.00, 0.00)
(275.77, 0.00, 0.00)
(275.77, 0.00, 0.00)
(275.77, 0.00, 0.00)
(275.77, 0.00, 0.00)
(275.77, 0.00, 0.00)
(275.77, 0.00, 0.00)
(275.77, 0.00, 0.00)
(275.77, 0.00, 0.00)
(275.77, 0.00, 0.00)
(275.77, 0.00, 0.00)
(275.77, 0.00, 0.00)
(275.77, 0.00, 0.00)
(275.77, 0.00, 0.00)
(275.77, 0.00, 0.00)
(275.77, 0.00, 0.00)
(275.77, 0.00, 0.00)
(275.77, 0.00, 0.00)
(275.77, 0.00, 0.00)
(274.64, 0.00, 0.00)
(274.64, 0.00, 0.00)
(272.77, 0.00, 0.00)
(272.77, 0.00, 0.00)
(273.21, 0.00, 0.00)
(273.21, 0.00, 0.00)
(273.21, 0.00, 0.00)
(273.21, 0.00, 0.00)
(273.21, 0.00, 0.00)
(274.33, 0.00, 0.00)
(274.33, 0.00, 0.00)
(274.33, 0.00, 0.00)
(274.33, 0.00, 0.00)
(274.33, 0.00, 0.00)
(274.44, 0.00, 0.00)
(274.86, 0.00, 0.00)
(274.86, 0.00, 0.00)
(275.64, 0.00, 0.00)
(275.64, 0.00, 0.00)
(275.64, 0.00, 0.00)
(275.64, 0.00, 0.00)
(275.92, 0.00, 0.00)
(275.92, 0.00, 0.00)
(275.92, 0.00, 0.00)
(275.92, 0.00, 0.00)
(276.16, 0.00, 0.00)
(276.16, 0.00, 0.00)
(276.16, 0.00, 0.00)
(276.16, 0.00, 0.00)
(276.16, 0.00, 0.00)
(276.30, 0.00, 0.00)
(276.30, 0.00, 0.00)
(276.30, 0.00, 0.00)
(276.49, 0.00, 0.00)
(276.49, 0.00, 0.00)
(276.03, 0.00, 0.00)
(276.03, 0.00, 0.00)
(276.03, 0.00, 0.00)
(276.03, 0.00, 0.00)
(276.44, 0.00, 0.00)
(276.44, 0.00, 0.00)
(276.44, 0.00, 0.00)
(276.44, 0.00, 0.00)
(276.46, 0.00, 0.00)
(276.46, 0.00, 0.00)
(276.46, 0.00, 0.00)
(276.46, 0.00, 0.00)
(276.55, 0.00, 0.00)
(276.55, 0.00, 0.00)
(276.55, 0.00, 0.00)
(276.55, 0.00, 0.00)
(276.55, 0.00, 0.00)
(276.48, 0.00, 0.00)
(276.48, 0.00, 0.00)
(276.48, 0.00, 0.00)
(276.59, 0.00, 0.00)
(276.59, 0.00, 0.00)
(276.59, 0.00, 0.00)
(276.59, 0.00, 0.00)
(276.36, 0.00, 0.00)
(276.36, 0.00, 0.00)
(276.36, 0.00, 0.00)
(276.36, 0.00, 0.00)
(276.36, 0.00, 0.00)
(276.49, 0.00, 0.00)
(276.49, 0.00, 0.00)
(276.09, 0.00, 0.00)
(276.09, 0.00, 0.00)
(276.09, 0.00, 0.00)
(276.09, 0.00, 0.00)
(276.23, 0.00, 0.00)
(276.23, 0.00, 0.00)
(276.23, 0.00, 0.00)
(276.23, 0.00, 0.00)
(276.23, 0.00, 0.00)
(276.36, 0.00, 0.00)
(276.36, 0.00, 0.00)
(276.32, 0.00, 0.00)
(276.32, 0.00, 0.00)
(276.32, 0.00, 0.00)
(276.32, 0.00, 0.00)
(276.17, 0.00, 0.00)
(276.17, 0.00, 0.00)
(276.17, 0.00, 0.00)
(276.17, 0.00, 0.00)
(276.17, 0.00, 0.00)
(276.30, 0.00, 0.00)
(276.30, 0.00, 0.00)
(276.10, 0.00, 0.00)
(276.10, 0.00, 0.00)
(276.10, 0.00, 0.00)
(275.97, 0.00, 0.00)
(275.97, 0.00, 0.00)
(275.97, 0.00, 0.00)
(275.97, 0.00, 0.00)
(275.97, 0.00, 0.00)
(275.97, 0.00, 0.00)
(275.97, 0.00, 0.00)
(275.97, 0.00, 0.00)
(276.17, 0.00, 0.00)
(276.17, 0.00, 0.00)
(276.17, 0.00, 0.00)
(276.19, 0.00, 0.00)
(276.19, 0.00, 0.00)
(276.19, 0.00, 0.00)
(276.19, 0.00, 0.00)
(276.19, 0.00, 0.00)
(276.09, 0.00, 0.00)
(276.09, 0.00, 0.00)
(276.63, 0.00, 0.00)
(276.63, 0.00, 0.00)
(276.63, 0.00, 0.00)
(276.63, 0.00, 0.00)
(276.63, 0.00, 0.00)
(276.63, 0.00, 0.00)
(276.63, 0.00, 0.00)
(276.26, 0.00, 0.00)
(276.26, 0.00, 0.00)
(276.00, 0.00, 0.00)
(276.00, 0.00, 0.00)
(275.60, 0.00, 0.00)
(275.60, 0.00, 0.00)
(275.60, 0.00, 0.00)
(275.60, 0.00, 0.00)
(275.15, 0.00, 0.00)
(275.15, 0.00, 0.00)
(275.15, 0.00, 0.00)
(275.15, 0.00, 0.00)
(275.15, 0.00, 0.00)
(275.28, 0.00, 0.00)
(275.28, 0.00, 0.00)
(275.28, 0.00, 0.00)
(275.28, 0.00, 0.00)
(275.28, 0.00, 0.00)
(275.28, 0.00, 0.00)
(275.28, 0.00, 0.00)
(274.10, 0.00, 0.00)
(274.10, 0.00, 0.00)
(274.10, 0.00, 0.00)
(274.10, 0.00, 0.00)
(272.30, 0.00, 0.00)
(272.30, 0.00, 0.00)
(272.30, 0.00, 0.00)
(272.30, 0.00, 0.00)
(272.55, 0.00, 0.00)
(272.55, 0.00, 0.00)
(272.55, 0.00, 0.00)
(272.55, 0.00, 0.00)
(272.55, 0.00, 0.00)
(272.82, 0.00, 0.00)
(272.82, 0.00, 0.00)
(272.82, 0.00, 0.00)
(272.82, 0.00, 0.00)
(274.23, 0.00, 0.00)
(276.45, 0.00, 0.00)
(276.45, 0.00, 0.00)
(276.45, 0.00, 0.00)
(276.45, 0.00, 0.00)
(276.45, 0.00, 0.00)
(277.48, 0.00, 0.00)
(277.48, 0.00, 0.00)
(277.48, 0.00, 0.00)
(277.48, 0.00, 0.00)
(277.48, 0.00, 0.00)
(277.40, 0.00, 0.00)
(280.35, 0.00, 0.00)
(280.35, 0.00, 0.00)
(280.35, 0.00, 0.00)
(280.35, 0.00, 0.00)
(280.35, 0.00, 0.00)
(287.84, 0.00, 0.00)
(287.93, 0.00, 0.00)
(287.93, 0.00, 0.00)
(287.93, 0.00, 0.00)
(287.09, 0.00, 0.00)
(287.09, 0.00, 0.00)
(287.09, 0.00, 0.00)
(287.09, 0.00, 0.00)
(292.38, 0.00, 0.00)
(292.38, 0.00, 0.00)
(292.38, 0.00, 0.00)
(292.38, 0.00, 0.00)
(304.78, 0.00, 0.00)
(304.78, 0.00, 0.00)
(304.78, 0.00, 0.00)
(299.20, 0.00, 0.00)
(299.20, 0.00, 0.00)
(298.67, 0.00, 0.00)
(298.67, 0.00, 0.00)
(298.67, 0.00, 0.00)
(307.37, 0.00, 0.00)
(307.37, 0.00, 0.00)
(307.37, 0.00, 0.00)
(314.26, 0.00, 0.00)
(314.26, 0.00, 0.00)
(308.74, 0.00, 0.00)
(308.74, 0.00, 0.00)
(308.74, 0.00, 0.00)
(308.74, 0.00, 0.00)
(308.74, 0.00, 0.00)
(307.81, 0.00, 0.00)
(307.81, 0.00, 0.00)
(307.81, 0.00, 0.00)
(307.81, 0.00, 0.00)
(311.70, 0.00, 0.00)
(311.70, 0.00, 0.00)
(318.74, 0.00, 0.00)
(318.74, 0.00, 0.00)
(318.74, 0.00, 0.00)
(318.74, 0.00, 0.00)
(312.26, 0.00, 0.00)
(312.26, 0.00, 0.00)
(312.26, 0.00, 0.00)
(312.26, 0.00, 0.00)
(314.51, 0.00, 0.00)
(314.51, 0.00, 0.00)
(314.51, 0.00, 0.00)
(317.81, 0.00, 0.00)
(317.81, 0.00, 0.00)
(317.81, 0.00, 0.00)
(321.43, 0.00, 0.00)
(321.43, 0.00, 0.00)
(321.25, 0.00, 0.00)
(321.25, 0.00, 0.00)
(321.25, 0.00, 0.00)
(321.25, 0.00, 0.00)
(321.25, 0.00, 0.00)
(321.25, 0.00, 0.00)
(321.25, 0.00, 0.00)
(322.36, 0.00, 0.00)
(322.36, 0.00, 0.00)
(326.74, 0.00, 0.00)
(326.74, 0.00, 0.00)
(326.74, 0.00, 0.00)
(326.74, 0.00, 0.00)
(331.11, 0.00, 0.00)
(331.11, 0.00, 0.00)
(331.11, 0.00, 0.00)
(331.11, 0.00, 0.00)
(331.11, 0.00, 0.00)
(329.26, 0.00, 0.00)
(329.26, 0.00, 0.00)
(328.94, 0.00, 0.00)
(328.94, 0.00, 0.00)
(328.94, 0.00, 0.00)
(328.94, 0.00, 0.00)
(339.47, 0.00, 0.00)
(339.47, 0.00, 0.00)
(339.47, 0.00, 0.00)
(336.74, 0.00, 0.00)
(336.74, 0.00, 0.00)
(336.74, 0.00, 0.00)
(336.74, 0.00, 0.00)
(336.74, 0.00, 0.00)
(332.62, 0.00, 0.00)
(332.62, 0.00, 0.00)
(332.62, 0.00, 0.00)
(343.34, 0.00, 0.00)
(343.34, 0.00, 0.00)
(343.34, 0.00, 0.00)
(343.34, 0.00, 0.00)
(344.40, 0.00, 0.00)
(344.40, 0.00, 0.00)
(348.16, 0.00, 0.00)
(348.16, 0.00, 0.00)
(348.16, 0.00, 0.00)
(348.16, 0.00, 0.00)
(348.16, 0.00, 0.00)
(351.79, 0.00, 0.00)
(351.79, 0.00, 0.00)
(351.79, 0.00, 0.00)
(351.79, 0.00, 0.00)
(357.05, 0.00, 0.00)
(357.05, 0.00, 0.00)
(357.05, 0.00, 0.00)
(0.95, 0.00, 0.00)
(0.95, 0.00, 0.00)
(0.95, 0.00, 0.00)
(0.95, 0.00, 0.00)
(355.62, 0.00, 0.00)
(355.62, 0.00, 0.00)
(355.62, 0.00, 0.00)
(354.84, 0.00, 0.00)
(354.84, 0.00, 0.00)
(354.84, 0.00, 0.00)
(354.84, 0.00, 0.00)
(354.84, 0.00, 0.00)
(354.84, 0.00, 0.00)
(354.94, 0.00, 0.00)
(354.94, 0.00, 0.00)
(340.38, 0.00, 0.00)
(340.38, 0.00, 0.00)
(340.38, 0.00, 0.00)
(340.38, 0.00, 0.00)
(331.75, 0.00, 0.00)
(331.75, 0.00, 0.00)
(331.75, 0.00, 0.00)
(331.23, 0.00, 0.00)
(331.23, 0.00, 0.00)
(331.23, 0.00, 0.00)
(331.23, 0.00, 0.00)
(333.00, 0.00, 0.00)
(333.00, 0.00, 0.00)
(333.00, 0.00, 0.00)
(317.96, 0.00, 0.00)
(317.96, 0.00, 0.00)
(317.96, 0.00, 0.00)
(317.96, 0.00, 0.00)
(317.96, 0.00, 0.00)
(305.09, 0.00, 0.00)
(305.09, 0.00, 0.00)
(305.09, 0.00, 0.00)
(305.09, 0.00, 0.00)
(305.09, 0.00, 0.00)
(315.16, 0.00, 0.00)
(315.16, 0.00, 0.00)
(315.16, 0.00, 0.00)
(315.16, 0.00, 0.00)
(315.16, 0.00, 0.00)
(315.16, 0.00, 0.00)
(299.73, 0.00, 0.00)
(287.00, 0.00, 0.00)
(287.00, 0.00, 0.00)
(287.00, 0.00, 0.00)
(287.78, 0.00, 0.00)
(287.78, 0.00, 0.00)
(287.78, 0.00, 0.00)
(288.66, 0.00, 0.00)
(288.66, 0.00, 0.00)
(288.66, 0.00, 0.00)
(288.66, 0.00, 0.00)
(281.41, 0.00, 0.00)
(281.41, 0.00, 0.00)
(281.41, 0.00, 0.00)
(281.41, 0.00, 0.00)
(279.58, 0.00, 0.00)
(279.58, 0.00, 0.00)
(279.58, 0.00, 0.00)
(279.58, 0.00, 0.00)
(277.64, 0.00, 0.00)
(277.64, 0.00, 0.00)
(277.64, 0.00, 0.00)
(277.64, 0.00, 0.00)
(277.64, 0.00, 0.00)
(277.64, 0.00, 0.00)
(276.63, 0.00, 0.00)
(275.06, 0.00, 0.00)
(275.06, 0.00, 0.00)
(275.06, 0.00, 0.00)
(275.06, 0.00, 0.00)
(273.49, 0.00, 0.00)
(273.49, 0.00, 0.00)
(273.49, 0.00, 0.00)
(273.49, 0.00, 0.00)
(273.49, 0.00, 0.00)
(271.54, 0.00, 0.00)
(270.97, 0.00, 0.00)
(270.97, 0.00, 0.00)
(270.97, 0.00, 0.00)
(270.97, 0.00, 0.00)
(270.97, 0.00, 0.00)
(270.97, 0.00, 0.00)
(272.06, 0.00, 0.00)
(272.06, 0.00, 0.00)
(272.06, 0.00, 0.00)
(273.56, 0.00, 0.00)
(273.56, 0.00, 0.00)
(273.56, 0.00, 0.00)
(273.56, 0.00, 0.00)
(273.56, 0.00, 0.00)
(273.56, 0.00, 0.00)
(273.56, 0.00, 0.00)
(274.02, 0.00, 0.00)
(274.02, 0.00, 0.00)
(274.38, 0.00, 0.00)
(274.38, 0.00, 0.00)
(274.96, 0.00, 0.00)
(274.96, 0.00, 0.00)
(274.96, 0.00, 0.00)
(274.96, 0.00, 0.00)
(275.34, 0.00, 0.00)
(275.34, 0.00, 0.00)
(275.34, 0.00, 0.00)
(275.34, 0.00, 0.00)
(275.34, 0.00, 0.00)
(275.82, 0.00, 0.00)
(275.82, 0.00, 0.00)
(276.02, 0.00, 0.00)
(276.02, 0.00, 0.00)
(276.02, 0.00, 0.00)
(276.02, 0.00, 0.00)
(276.18, 0.00, 0.00)
(276.18, 0.00, 0.00)
(276.18, 0.00, 0.00)
(275.76, 0.00, 0.00)
(275.76, 0.00, 0.00)
(275.76, 0.00, 0.00)
(275.76, 0.00, 0.00)
(275.71, 0.00, 0.00)
(275.71, 0.00, 0.00)
(275.71, 0.00, 0.00)
(275.71, 0.00, 0.00)
(275.93, 0.00, 0.00)
(275.93, 0.00, 0.00)
(275.93, 0.00, 0.00)
(275.93, 0.00, 0.00)
(275.93, 0.00, 0.00)
(276.00, 0.00, 0.00)
(276.00, 0.00, 0.00)
(275.79, 0.00, 0.00)
(275.79, 0.00, 0.00)
(275.79, 0.00, 0.00)
(275.79, 0.00, 0.00)
(275.79, 0.00, 0.00)
(275.83, 0.00, 0.00)
(275.83, 0.00, 0.00)
(275.90, 0.00, 0.00)
(275.90, 0.00, 0.00)
(275.90, 0.00, 0.00)
(275.90, 0.00, 0.00)
(275.61, 0.00, 0.00)
(275.61, 0.00, 0.00)
(275.61, 0.00, 0.00)
(275.74, 0.00, 0.00)
(275.74, 0.00, 0.00)
(276.07, 0.00, 0.00)
(276.07, 0.00, 0.00)
(276.07, 0.00, 0.00)
(275.87, 0.00, 0.00)
(275.87, 0.00, 0.00)
(275.87, 0.00, 0.00)
(275.92, 0.00, 0.00)
(275.92, 0.00, 0.00)
(276.03, 0.00, 0.00)
(276.03, 0.00, 0.00)
(276.03, 0.00, 0.00)
(276.03, 0.00, 0.00)
(275.64, 0.00, 0.00)
(275.88, 0.00, 0.00)
(275.88, 0.00, 0.00)
(275.88, 0.00, 0.00)
(275.88, 0.00, 0.00)
(275.88, 0.00, 0.00)
(275.37, 0.00, 0.00)
(275.37, 0.00, 0.00)
(275.37, 0.00, 0.00)
(275.37, 0.00, 0.00)
(275.40, 0.00, 0.00)
(275.40, 0.00, 0.00)
(275.40, 0.00, 0.00)
(275.40, 0.00, 0.00)
(274.99, 0.00, 0.00)
(274.99, 0.00, 0.00)
(274.99, 0.00, 0.00)
(274.19, 0.00, 0.00)
(274.19, 0.00, 0.00)
(274.19, 0.00, 0.00)
(274.19, 0.00, 0.00)
(272.48, 0.00, 0.00)
(272.48, 0.00, 0.00)
(272.48, 0.00, 0.00)
(272.48, 0.00, 0.00)
(271.59, 0.00, 0.00)
(271.59, 0.00, 0.00)
(272.80, 0.00, 0.00)
(272.80, 0.00, 0.00)
(272.80, 0.00, 0.00)
(272.80, 0.00, 0.00)
(274.84, 0.00, 0.00)
(274.84, 0.00, 0.00)
(277.25, 0.00, 0.00)
(277.25, 0.00, 0.00)
(277.25, 0.00, 0.00)
(277.25, 0.00, 0.00)
(277.25, 0.00, 0.00)
(280.53, 0.00, 0.00)
(280.53, 0.00, 0.00)
(280.53, 0.00, 0.00)
(280.53, 0.00, 0.00)
(293.98, 0.00, 0.00)
(293.98, 0.00, 0.00)
(293.98, 0.00, 0.00)
(293.98, 0.00, 0.00)
(294.77, 0.00, 0.00)
(294.77, 0.00, 0.00)
(294.32, 0.00, 0.00)
(294.32, 0.00, 0.00)
(294.32, 0.00, 0.00)
(294.32, 0.00, 0.00)
(294.32, 0.00, 0.00)
(294.32, 0.00, 0.00)
(295.97, 0.00, 0.00)
(295.97, 0.00, 0.00)
(314.35, 0.00, 0.00)
(314.35, 0.00, 0.00)
(314.35, 0.00, 0.00)
(314.35, 0.00, 0.00)
(312.99, 0.00, 0.00)
(312.99, 0.00, 0.00)
(312.99, 0.00, 0.00)
(309.84, 0.00, 0.00)
(309.84, 0.00, 0.00)
(309.84, 0.00, 0.00)
(309.84, 0.00, 0.00)
(334.89, 0.00, 0.00)
(334.89, 0.00, 0.00)
(334.89, 0.00, 0.00)
(340.37, 0.00, 0.00)
(340.37, 0.00, 0.00)
(340.37, 0.00, 0.00)
(340.37, 0.00, 0.00)
(340.37, 0.00, 0.00)
(328.29, 0.00, 0.00)
(328.29, 0.00, 0.00)
(323.71, 0.00, 0.00)
(323.71, 0.00, 0.00)
(323.71, 0.00, 0.00)
(323.71, 0.00, 0.00)
(341.98, 0.00, 0.00)
(341.98, 0.00, 0.00)
(341.98, 0.00, 0.00)
(342.67, 0.00, 0.00)
(342.67, 0.00, 0.00)
(342.67, 0.00, 0.00)
(332.38, 0.00, 0.00)
(332.38, 0.00, 0.00)
(335.05, 0.00, 0.00)
(335.05, 0.00, 0.00)
(343.56, 0.00, 0.00)
(343.07, 0.00, 0.00)
(337.22, 0.00, 0.00)
(337.22, 0.00, 0.00)
(337.22, 0.00, 0.00)
(342.14, 0.00, 0.00)
(342.14, 0.00, 0.00)
(342.14, 0.00, 0.00)
(352.66, 0.00, 0.00)
(352.66, 0.00, 0.00)
(352.66, 0.00, 0.00)
(352.66, 0.00, 0.00)
(342.78, 0.00, 0.00)
(342.78, 0.00, 0.00)
(341.14, 0.00, 0.00)
(341.14, 0.00, 0.00)
(341.14, 0.00, 0.00)
(341.14, 0.00, 0.00)
(341.14, 0.00, 0.00)
(341.14, 0.00, 0.00)
(347.49, 0.00, 0.00)
(347.49, 0.00, 0.00)
(345.88, 0.00, 0.00)
(345.88, 0.00, 0.00)
(343.11, 0.00, 0.00)
(343.11, 0.00, 0.00)
(343.11, 0.00, 0.00)
(343.11, 0.00, 0.00)
(346.98, 0.00, 0.00)
(346.98, 0.00, 0.00)
(346.98, 0.00, 0.00)
(346.91, 0.00, 0.00)
(346.91, 0.00, 0.00)
(346.91, 0.00, 0.00)
(346.91, 0.00, 0.00)
(346.91, 0.00, 0.00)
(334.56, 0.00, 0.00)
(334.56, 0.00, 0.00)
(326.72, 0.00, 0.00)
(326.72, 0.00, 0.00)
(326.72, 0.00, 0.00)
(326.72, 0.00, 0.00)
(319.86, 0.00, 0.00)
(319.86, 0.00, 0.00)
(319.86, 0.00, 0.00)
(319.86, 0.00, 0.00)
(311.78, 0.00, 0.00)
(311.78, 0.00, 0.00)
(311.78, 0.00, 0.00)
(311.78, 0.00, 0.00)
(311.78, 0.00, 0.00)
(296.85, 0.00, 0.00)
(292.00, 0.00, 0.00)
(292.00, 0.00, 0.00)
(299.28, 0.00, 0.00)
(299.28, 0.00, 0.00)
(299.28, 0.00, 0.00)
(299.28, 0.00, 0.00)
(296.53, 0.00, 0.00)
(296.53, 0.00, 0.00)
(296.53, 0.00, 0.00)
(296.53, 0.00, 0.00)
(296.53, 0.00, 0.00)
(296.53, 0.00, 0.00)
(290.49, 0.00, 0.00)
(284.94, 0.00, 0.00)
(284.94, 0.00, 0.00)
(290.98, 0.00, 0.00)
(290.98, 0.00, 0.00)
(290.98, 0.00, 0.00)
(290.98, 0.00, 0.00)
(290.98, 0.00, 0.00)
(292.70, 0.00, 0.00)
(292.70, 0.00, 0.00)
(292.70, 0.00, 0.00)
(292.70, 0.00, 0.00)
(287.01, 0.00, 0.00)
(287.01, 0.00, 0.00)
(283.56, 0.00, 0.00)
(283.56, 0.00, 0.00)
(283.56, 0.00, 0.00)
(283.56, 0.00, 0.00)
(283.56, 0.00, 0.00)
(283.56, 0.00, 0.00)
(285.76, 0.00, 0.00)
(280.80, 0.00, 0.00)
(280.80, 0.00, 0.00)
(284.23, 0.00, 0.00)
(284.23, 0.00, 0.00)
(286.14, 0.00, 0.00)
(286.14, 0.00, 0.00)
(286.14, 0.00, 0.00)
(286.14, 0.00, 0.00)
(284.06, 0.00, 0.00)
(284.06, 0.00, 0.00)
(283.64, 0.00, 0.00)
(283.64, 0.00, 0.00)
(283.64, 0.00, 0.00)
(282.29, 0.00, 0.00)
(282.29, 0.00, 0.00)
(281.82, 0.00, 0.00)
(281.82, 0.00, 0.00)
(281.82, 0.00, 0.00)
(281.74, 0.00, 0.00)
(281.74, 0.00, 0.00)
(281.74, 0.00, 0.00)
(281.74, 0.00, 0.00)
(280.62, 0.00, 0.00)
(280.62, 0.00, 0.00)
(280.62, 0.00, 0.00)
(280.60, 0.00, 0.00)
(280.91, 0.00, 0.00)
(280.91, 0.00, 0.00)
(280.91, 0.00, 0.00)
(280.91, 0.00, 0.00)
(280.91, 0.00, 0.00)
(280.62, 0.00, 0.00)
(280.62, 0.00, 0.00)
(280.62, 0.00, 0.00)
(280.62, 0.00, 0.00)
(279.20, 0.00, 0.00)
(279.20, 0.00, 0.00)
(279.20, 0.00, 0.00)
(279.36, 0.00, 0.00)
(279.36, 0.00, 0.00)
(279.36, 0.00, 0.00)
(280.41, 0.00, 0.00)
(280.41, 0.00, 0.00)
(280.41, 0.00, 0.00)
(280.41, 0.00, 0.00)
(280.41, 0.00, 0.00)
(278.52, 0.00, 0.00)
(278.52, 0.00, 0.00)
(278.52, 0.00, 0.00)
(278.52, 0.00, 0.00)
(278.52, 0.00, 0.00)
(278.18, 0.00, 0.00)
(278.18, 0.00, 0.00)
(278.18, 0.00, 0.00)
(278.18, 0.00, 0.00)
(277.99, 0.00, 0.00)
(277.99, 0.00, 0.00)
(277.99, 0.00, 0.00)
(277.99, 0.00, 0.00)
(276.45, 0.00, 0.00)
(276.45, 0.00, 0.00)
(276.45, 0.00, 0.00)
(276.03, 0.00, 0.00)
(276.03, 0.00, 0.00)
(276.03, 0.00, 0.00)
(276.03, 0.00, 0.00)
(276.13, 0.00, 0.00)
(276.13, 0.00, 0.00)
(276.13, 0.00, 0.00)
(279.22, 0.00, 0.00)
(279.22, 0.00, 0.00)
(279.23, 0.00, 0.00)
(279.23, 0.00, 0.00)
(279.23, 0.00, 0.00)
(279.23, 0.00, 0.00)
(279.23, 0.00, 0.00)
(279.23, 0.00, 0.00)
(278.34, 0.00, 0.00)
(278.34, 0.00, 0.00)
(278.43, 0.00, 0.00)
(278.43, 0.00, 0.00)
(278.43, 0.00, 0.00)
(278.61, 0.00, 0.00)
(278.61, 0.00, 0.00)
(278.61, 0.00, 0.00)
(278.61, 0.00, 0.00)
(276.48, 0.00, 0.00)
(276.48, 0.00, 0.00)
(275.47, 0.00, 0.00)
(275.47, 0.00, 0.00)
(275.47, 0.00, 0.00)
(277.33, 0.00, 0.00)
(277.33, 0.00, 0.00)
(277.33, 0.00, 0.00)
(277.29, 0.00, 0.00)
(277.29, 0.00, 0.00)
(277.29, 0.00, 0.00)
(277.29, 0.00, 0.00)
(276.31, 0.00, 0.00)
(276.31, 0.00, 0.00)
(276.80, 0.00, 0.00)
(276.80, 0.00, 0.00)
(276.80, 0.00, 0.00)
(276.80, 0.00, 0.00)
(276.80, 0.00, 0.00)
(276.80, 0.00, 0.00)
(276.80, 0.00, 0.00)
(276.80, 0.00, 0.00)
(277.47, 0.00, 0.00)
(277.47, 0.00, 0.00)
(277.03, 0.00, 0.00)
(277.03, 0.00, 0.00)
(277.03, 0.00, 0.00)
(277.03, 0.00, 0.00)
(276.29, 0.00, 0.00)
(276.29, 0.00, 0.00)
(276.29, 0.00, 0.00)
(276.29, 0.00, 0.00)
(277.94, 0.00, 0.00)
(277.94, 0.00, 0.00)
(276.96, 0.00, 0.00)
(276.96, 0.00, 0.00)
(276.96, 0.00, 0.00)
(276.96, 0.00, 0.00)
(276.96, 0.00, 0.00)
(276.40, 0.00, 0.00)
(276.51, 0.00, 0.00)
(276.51, 0.00, 0.00)
(276.51, 0.00, 0.00)
(276.51, 0.00, 0.00)
(276.51, 0.00, 0.00)
(276.51, 0.00, 0.00)
(276.51, 0.00, 0.00)
(276.51, 0.00, 0.00)
(276.51, 0.00, 0.00)
(276.51, 0.00, 0.00)
(276.51, 0.00, 0.00)
(276.51, 0.00, 0.00)
(277.31, 0.00, 0.00)
(277.31, 0.00, 0.00)
(276.98, 0.00, 0.00)
(276.98, 0.00, 0.00)
(276.98, 0.00, 0.00)
(276.98, 0.00, 0.00)
(276.73, 0.00, 0.00)
(276.73, 0.00, 0.00)
(276.73, 0.00, 0.00)
(276.26, 0.00, 0.00)
(276.26, 0.00, 0.00)
(276.26, 0.00, 0.00)
(276.26, 0.00, 0.00)
(276.26, 0.00, 0.00)
(276.26, 0.00, 0.00)
(276.26, 0.00, 0.00)
(276.26, 0.00, 0.00)
(276.26, 0.00, 0.00)
(276.26, 0.00, 0.00)
(276.26, 0.00, 0.00)
(276.26, 0.00, 0.00)
(276.26, 0.00, 0.00)
(276.26, 0.00, 0.00)
(276.26, 0.00, 0.00)
(276.26, 0.00, 0.00)
(277.21, 0.00, 0.00)
(277.26, 0.00, 0.00)
(277.26, 0.00, 0.00)
(277.26, 0.00, 0.00)
(277.26, 0.00, 0.00)
(276.55, 0.00, 0.00)
(276.55, 0.00, 0.00)
(276.55, 0.00, 0.00)
(276.55, 0.00, 0.00)
(276.55, 0.00, 0.00)
(277.30, 0.00, 0.00)
(277.30, 0.00, 0.00)
(277.79, 0.00, 0.00)
(277.79, 0.00, 0.00)
(277.79, 0.00, 0.00)
(277.79, 0.00, 0.00)
(277.79, 0.00, 0.00)
(278.44, 0.00, 0.00)
(278.44, 0.00, 0.00)
(278.44, 0.00, 0.00)
(278.44, 0.00, 0.00)
(277.81, 0.00, 0.00)
(277.81, 0.00, 0.00)
(277.81, 0.00, 0.00)
(277.81, 0.00, 0.00)
(277.81, 0.00, 0.00)
(277.81, 0.00, 0.00)
(277.81, 0.00, 0.00)
(277.81, 0.00, 0.00)
(277.81, 0.00, 0.00)
(277.81, 0.00, 0.00)
(277.81, 0.00, 0.00)
(277.81, 0.00, 0.00)
(277.81, 0.00, 0.00)
(277.81, 0.00, 0.00)
(275.98, 0.00, 0.00)
(275.98, 0.00, 0.00)
(276.15, 0.00, 0.00)
(276.15, 0.00, 0.00)
(276.15, 0.00, 0.00)
(276.15, 0.00, 0.00)
(276.15, 0.00, 0.00)
(277.77, 0.00, 0.00)
(277.77, 0.00, 0.00)
(276.63, 0.00, 0.00)
(276.63, 0.00, 0.00)
(276.63, 0.00, 0.00)
(276.63, 0.00, 0.00)
(276.61, 0.00, 0.00)
(276.61, 0.00, 0.00)
(276.61, 0.00, 0.00)
(276.61, 0.00, 0.00)
(276.61, 0.00, 0.00)
(276.61, 0.00, 0.00)
(276.61, 0.00, 0.00)
(276.88, 0.00, 0.00)
(276.88, 0.00, 0.00)
(276.88, 0.00, 0.00)
(276.88, 0.00, 0.00)
(276.58, 0.00, 0.00)
(276.58, 0.00, 0.00)
(276.58, 0.00, 0.00)
(276.58, 0.00, 0.00)
(276.58, 0.00, 0.00)
(276.35, 0.00, 0.00)
(276.35, 0.00, 0.00)
(276.35, 0.00, 0.00)
(276.35, 0.00, 0.00)
(276.86, 0.00, 0.00)
(276.86, 0.00, 0.00)
(276.86, 0.00, 0.00)
(276.86, 0.00, 0.00)
(277.00, 0.00, 0.00)
(276.19, 0.00, 0.00)
(276.19, 0.00, 0.00)
(276.19, 0.00, 0.00)
(276.19, 0.00, 0.00)
(276.40, 0.00, 0.00)
(276.40, 0.00, 0.00)
(276.17, 0.00, 0.00)
(276.17, 0.00, 0.00)
(276.17, 0.00, 0.00)
(276.06, 0.00, 0.00)
(276.06, 0.00, 0.00)
(276.06, 0.00, 0.00)
(276.06, 0.00, 0.00)
(276.18, 0.00, 0.00)
(276.18, 0.00, 0.00)
(276.38, 0.00, 0.00)
(276.38, 0.00, 0.00)
(276.38, 0.00, 0.00)
(276.56, 0.00, 0.00)
(276.56, 0.00, 0.00)
(276.56, 0.00, 0.00)
(275.74, 0.00, 0.00)
(275.74, 0.00, 0.00)
(275.74, 0.00, 0.00)
(275.74, 0.00, 0.00)
(275.74, 0.00, 0.00)
(274.77, 0.00, 0.00)
(274.77, 0.00, 0.00)
(274.92, 0.00, 0.00)
(274.92, 0.00, 0.00)
(274.92, 0.00, 0.00)
(275.05, 0.00, 0.00)
(275.05, 0.00, 0.00)
(275.05, 0.00, 0.00)
(275.05, 0.00, 0.00)
(275.05, 0.00, 0.00)
(275.05, 0.00, 0.00)
(274.24, 0.00, 0.00)
(273.46, 0.00, 0.00)
(273.46, 0.00, 0.00)
(273.46, 0.00, 0.00)
(273.46, 0.00, 0.00)
(275.06, 0.00, 0.00)
(275.06, 0.00, 0.00)
(275.06, 0.00, 0.00)
(275.06, 0.00, 0.00)
(275.06, 0.00, 0.00)
(275.30, 0.00, 0.00)
(275.30, 0.00, 0.00)
(274.90, 0.00, 0.00)
(274.90, 0.00, 0.00)
(274.90, 0.00, 0.00)
(274.90, 0.00, 0.00)
(274.90, 0.00, 0.00)
(274.90, 0.00, 0.00)
(281.19, 0.00, 0.00)
(281.19, 0.00, 0.00)
(279.87, 0.00, 0.00)
(279.87, 0.00, 0.00)
(279.87, 0.00, 0.00)
(279.87, 0.00, 0.00)
(278.92, 0.00, 0.00)
(279.44, 0.00, 0.00)
(279.44, 0.00, 0.00)
(279.44, 0.00, 0.00)
(279.44, 0.00, 0.00)
(282.99, 0.00, 0.00)
(282.99, 0.00, 0.00)
(282.99, 0.00, 0.00)
(282.99, 0.00, 0.00)
(281.47, 0.00, 0.00)
(281.47, 0.00, 0.00)
(281.47, 0.00, 0.00)
(281.47, 0.00, 0.00)
(283.94, 0.00, 0.00)
(283.94, 0.00, 0.00)
(286.75, 0.00, 0.00)
(286.75, 0.00, 0.00)
(286.75, 0.00, 0.00)
(286.75, 0.00, 0.00)
(286.75, 0.00, 0.00)
(290.40, 0.00, 0.00)
(289.20, 0.00, 0.00)
(289.20, 0.00, 0.00)
(289.20, 0.00, 0.00)
(289.20, 0.00, 0.00)
(289.20, 0.00, 0.00)
(291.21, 0.00, 0.00)
(291.21, 0.00, 0.00)
(291.21, 0.00, 0.00)
(294.82, 0.00, 0.00)
(294.82, 0.00, 0.00)
(294.82, 0.00, 0.00)
(294.82, 0.00, 0.00)
(294.82, 0.00, 0.00)
(296.72, 0.00, 0.00)
(296.72, 0.00, 0.00)
(300.97, 0.00, 0.00)
(300.97, 0.00, 0.00)
(300.97, 0.00, 0.00)
(300.97, 0.00, 0.00)
(306.83, 0.00, 0.00)
(306.83, 0.00, 0.00)
(306.83, 0.00, 0.00)
(306.83, 0.00, 0.00)
(314.99, 0.00, 0.00)
(314.99, 0.00, 0.00)
(314.99, 0.00, 0.00)
(316.70, 0.00, 0.00)
(316.70, 0.00, 0.00)
(316.70, 0.00, 0.00)
(316.70, 0.00, 0.00)
(318.84, 0.00, 0.00)
(318.84, 0.00, 0.00)
(318.84, 0.00, 0.00)
(318.84, 0.00, 0.00)
(323.33, 0.00, 0.00)
(323.33, 0.00, 0.00)
(327.63, 0.00, 0.00)
(327.63, 0.00, 0.00)
(327.63, 0.00, 0.00)
(327.63, 0.00, 0.00)
(327.63, 0.00, 0.00)
(330.26, 0.00, 0.00)
(330.26, 0.00, 0.00)
(330.26, 0.00, 0.00)
(331.03, 0.00, 0.00)
(331.03, 0.00, 0.00)
(331.03, 0.00, 0.00)
(331.03, 0.00, 0.00)
(330.88, 0.00, 0.00)
(330.88, 0.00, 0.00)
(330.88, 0.00, 0.00)
(333.36, 0.00, 0.00)
(333.36, 0.00, 0.00)
(333.36, 0.00, 0.00)
(335.25, 0.00, 0.00)
(335.25, 0.00, 0.00)
(335.25, 0.00, 0.00)
(335.25, 0.00, 0.00)
(339.15, 0.00, 0.00)
(339.15, 0.00, 0.00)
(339.15, 0.00, 0.00)
(339.15, 0.00, 0.00)
(339.15, 0.00, 0.00)
(344.28, 0.00, 0.00)
(344.28, 0.00, 0.00)
(346.60, 0.00, 0.00)
(346.60, 0.00, 0.00)
(346.60, 0.00, 0.00)
(347.71, 0.00, 0.00)
(347.71, 0.00, 0.00)
(347.71, 0.00, 0.00)
(347.71, 0.00, 0.00)
(347.71, 0.00, 0.00)
(347.71, 0.00, 0.00)
(352.49, 0.00, 0.00)
(352.49, 0.00, 0.00)
(355.65, 0.00, 0.00)
(355.65, 0.00, 0.00)
(355.65, 0.00, 0.00)
(356.83, 0.00, 0.00)
(356.83, 0.00, 0.00)
(356.83, 0.00, 0.00)
(356.83, 0.00, 0.00)
(355.26, 0.00, 0.00)
(355.26, 0.00, 0.00)
(355.26, 0.00, 0.00)
(355.26, 0.00, 0.00)
(355.68, 0.00, 0.00)
(355.68, 0.00, 0.00)
(355.68, 0.00, 0.00)
(359.32, 0.00, 0.00)
(359.32, 0.00, 0.00)
(359.32, 0.00, 0.00)
(348.91, 0.00, 0.00)
(348.91, 0.00, 0.00)
(348.91, 0.00, 0.00)
(348.91, 0.00, 0.00)
(330.60, 0.00, 0.00)
(330.60, 0.00, 0.00)
(330.60, 0.00, 0.00)
(330.60, 0.00, 0.00)
(325.39, 0.00, 0.00)
(322.54, 0.00, 0.00)
(322.54, 0.00, 0.00)
(322.54, 0.00, 0.00)
(322.54, 0.00, 0.00)
(322.54, 0.00, 0.00)
(313.05, 0.00, 0.00)
(313.05, 0.00, 0.00)
(313.05, 0.00, 0.00)
(313.05, 0.00, 0.00)
(309.24, 0.00, 0.00)
(309.24, 0.00, 0.00)
(309.24, 0.00, 0.00)
(309.24, 0.00, 0.00)
(301.96, 0.00, 0.00)
(301.96, 0.00, 0.00)
(301.96, 0.00, 0.00)
(297.81, 0.00, 0.00)
(297.81, 0.00, 0.00)
(297.81, 0.00, 0.00)
(297.81, 0.00, 0.00)
(297.81, 0.00, 0.00)
(297.81, 0.00, 0.00)
(289.36, 0.00, 0.00)
(289.36, 0.00, 0.00)
(289.36, 0.00, 0.00)
(289.36, 0.00, 0.00)
(287.62, 0.00, 0.00)
(287.62, 0.00, 0.00)
(287.62, 0.00, 0.00)
(287.62, 0.00, 0.00)
(283.44, 0.00, 0.00)
(283.44, 0.00, 0.00)
(283.44, 0.00, 0.00)
(283.44, 0.00, 0.00)
(283.44, 0.00, 0.00)
(281.95, 0.00, 0.00)
(281.95, 0.00, 0.00)
(279.39, 0.00, 0.00)
(279.39, 0.00, 0.00)
(279.39, 0.00, 0.00)
(275.41, 0.00, 0.00)
(275.41, 0.00, 0.00)
(275.41, 0.00, 0.00)
(274.39, 0.00, 0.00)
(274.39, 0.00, 0.00)
(274.39, 0.00, 0.00)
(274.39, 0.00, 0.00)
(270.43, 0.00, 0.00)
(270.43, 0.00, 0.00)
(270.66, 0.00, 0.00)
(270.66, 0.00, 0.00)
(270.66, 0.00, 0.00)
(272.91, 0.00, 0.00)
(272.91, 0.00, 0.00)
(272.91, 0.00, 0.00)
(272.91, 0.00, 0.00)
(272.91, 0.00, 0.00)
(272.91, 0.00, 0.00)
(275.27, 0.00, 0.00)
(275.27, 0.00, 0.00)
(275.27, 0.00, 0.00)
(275.27, 0.00, 0.00)
(275.27, 0.00, 0.00)
(276.11, 0.00, 0.00)
(277.49, 0.00, 0.00)
(277.49, 0.00, 0.00)
(277.49, 0.00, 0.00)
(277.39, 0.00, 0.00)
(277.39, 0.00, 0.00)
(277.08, 0.00, 0.00)
(277.08, 0.00, 0.00)
(277.08, 0.00, 0.00)
(277.08, 0.00, 0.00)
(277.08, 0.00, 0.00)
(277.61, 0.00, 0.00)
(277.61, 0.00, 0.00)
(276.93, 0.00, 0.00)
(276.93, 0.00, 0.00)
(276.93, 0.00, 0.00)
(276.93, 0.00, 0.00)
(278.31, 0.00, 0.00)
(278.31, 0.00, 0.00)
(278.31, 0.00, 0.00)
(278.31, 0.00, 0.00)
(278.31, 0.00, 0.00)
(278.22, 0.00, 0.00)
(277.76, 0.00, 0.00)
(277.76, 0.00, 0.00)
(277.76, 0.00, 0.00)
(276.89, 0.00, 0.00)
(276.89, 0.00, 0.00)
(276.89, 0.00, 0.00)
(277.83, 0.00, 0.00)
(277.83, 0.00, 0.00)
(277.83, 0.00, 0.00)
(278.10, 0.00, 0.00)
(278.10, 0.00, 0.00)
(278.10, 0.00, 0.00)
(278.10, 0.00, 0.00)
(277.05, 0.00, 0.00)
(277.05, 0.00, 0.00)
(277.05, 0.00, 0.00)
(277.05, 0.00, 0.00)
(277.05, 0.00, 0.00)
(276.90, 0.00, 0.00)
(277.06, 0.00, 0.00)
(277.06, 0.00, 0.00)
(277.06, 0.00, 0.00)
(277.06, 0.00, 0.00)
(277.06, 0.00, 0.00)
(277.06, 0.00, 0.00)
(277.06, 0.00, 0.00)
(276.95, 0.00, 0.00)
(276.95, 0.00, 0.00)
(276.95, 0.00, 0.00)
(276.95, 0.00, 0.00)
(276.95, 0.00, 0.00)
(276.95, 0.00, 0.00)
(275.48, 0.00, 0.00)
(275.48, 0.00, 0.00)
(273.56, 0.00, 0.00)
(273.56, 0.00, 0.00)
(273.56, 0.00, 0.00)
(273.56, 0.00, 0.00)
(273.56, 0.00, 0.00)
(273.56, 0.00, 0.00)
(271.03, 0.00, 0.00)
(271.03, 0.00, 0.00)
(271.03, 0.00, 0.00)
(271.03, 0.00, 0.00)
(271.03, 0.00, 0.00)
(271.03, 0.00, 0.00)
(273.92, 0.00, 0.00)
(273.92, 0.00, 0.00)
(273.92, 0.00, 0.00)
(278.74, 0.00, 0.00)
(278.74, 0.00, 0.00)
(277.94, 0.00, 0.00)
(277.94, 0.00, 0.00)
(277.94, 0.00, 0.00)
(284.06, 0.00, 0.00)
(284.06, 0.00, 0.00)
(284.06, 0.00, 0.00)
(284.06, 0.00, 0.00)
(284.06, 0.00, 0.00)
(292.91, 0.00, 0.00)
(295.12, 0.00, 0.00)
(295.12, 0.00, 0.00)
(295.12, 0.00, 0.00)
(295.12, 0.00, 0.00)
(294.60, 0.00, 0.00)
(294.60, 0.00, 0.00)
(294.60, 0.00, 0.00)
(294.60, 0.00, 0.00)
(294.60, 0.00, 0.00)
(302.03, 0.00, 0.00)
(302.03, 0.00, 0.00)
(305.83, 0.00, 0.00)
(305.83, 0.00, 0.00)
(305.83, 0.00, 0.00)
(305.83, 0.00, 0.00)
(312.71, 0.00, 0.00)
(312.71, 0.00, 0.00)
(312.71, 0.00, 0.00)
(312.71, 0.00, 0.00)
(312.71, 0.00, 0.00)
(307.12, 0.00, 0.00)
(307.12, 0.00, 0.00)
(307.12, 0.00, 0.00)
(307.12, 0.00, 0.00)
(320.68, 0.00, 0.00)
(327.75, 0.00, 0.00)
(327.75, 0.00, 0.00)
(327.75, 0.00, 0.00)
(327.75, 0.00, 0.00)
(327.75, 0.00, 0.00)
(322.92, 0.00, 0.00)
(322.92, 0.00, 0.00)
(322.92, 0.00, 0.00)
(322.92, 0.00, 0.00)
(322.92, 0.00, 0.00)
(321.10, 0.00, 0.00)
(321.10, 0.00, 0.00)
(321.10, 0.00, 0.00)
(321.10, 0.00, 0.00)
(325.38, 0.00, 0.00)
(325.38, 0.00, 0.00)
(325.40, 0.00, 0.00)
(325.40, 0.00, 0.00)
(325.40, 0.00, 0.00)
(325.40, 0.00, 0.00)
(322.65, 0.00, 0.00)
(322.65, 0.00, 0.00)
(322.65, 0.00, 0.00)
(326.22, 0.00, 0.00)
(326.22, 0.00, 0.00)
(326.22, 0.00, 0.00)
(326.22, 0.00, 0.00)
(335.54, 0.00, 0.00)
(335.54, 0.00, 0.00)
(335.54, 0.00, 0.00)
(331.10, 0.00, 0.00)
(331.10, 0.00, 0.00)
(331.10, 0.00, 0.00)
(331.10, 0.00, 0.00)
(331.10, 0.00, 0.00)
(331.10, 0.00, 0.00)
(333.86, 0.00, 0.00)
(333.86, 0.00, 0.00)
(333.86, 0.00, 0.00)
(333.86, 0.00, 0.00)
(333.86, 0.00, 0.00)
(342.26, 0.00, 0.00)
(342.26, 0.00, 0.00)
(342.26, 0.00, 0.00)
(342.26, 0.00, 0.00)
(341.73, 0.00, 0.00)
(341.73, 0.00, 0.00)
(341.73, 0.00, 0.00)
(341.73, 0.00, 0.00)
(337.04, 0.00, 0.00)
(337.04, 0.00, 0.00)
(342.89, 0.00, 0.00)
(342.89, 0.00, 0.00)
(342.89, 0.00, 0.00)
(342.89, 0.00, 0.00)
(349.29, 0.00, 0.00)
(349.29, 0.00, 0.00)
(349.29, 0.00, 0.00)
(349.29, 0.00, 0.00)
(354.34, 0.00, 0.00)
(354.34, 0.00, 0.00)
(354.34, 0.00, 0.00)
(1.28, 0.00, 0.00)
(1.28, 0.00, 0.00)
(1.28, 0.00, 0.00)
(1.28, 0.00, 0.00)
(352.52, 0.00, 0.00)
(352.52, 0.00, 0.00)
(352.52, 0.00, 0.00)
(352.52, 0.00, 0.00)
(356.93, 0.00, 0.00)
(356.93, 0.00, 0.00)
(356.93, 0.00, 0.00)
(356.93, 0.00, 0.00)
(2.15, 0.00, 0.00)
(2.15, 0.00, 0.00)
(2.15, 0.00, 0.00)
(352.18, 0.00, 0.00)
(352.18, 0.00, 0.00)
(330.10, 0.00, 0.00)
(330.10, 0.00, 0.00)
(330.10, 0.00, 0.00)
(330.10, 0.00, 0.00)
(320.41, 0.00, 0.00)
(320.41, 0.00, 0.00)
(320.41, 0.00, 0.00)
(320.41, 0.00, 0.00)
(313.15, 0.00, 0.00)
(313.15, 0.00, 0.00)
(313.15, 0.00, 0.00)
(313.15, 0.00, 0.00)
(313.15, 0.00, 0.00)
(309.16, 0.00, 0.00)
(309.16, 0.00, 0.00)
(307.97, 0.00, 0.00)
(307.97, 0.00, 0.00)
(307.97, 0.00, 0.00)
(307.97, 0.00, 0.00)
(307.97, 0.00, 0.00)
(307.97, 0.00, 0.00)
(304.43, 0.00, 0.00)
(304.43, 0.00, 0.00)
(304.43, 0.00, 0.00)
(294.21, 0.00, 0.00)
(294.21, 0.00, 0.00)
(294.21, 0.00, 0.00)
(294.21, 0.00, 0.00)
(292.41, 0.00, 0.00)
(292.41, 0.00, 0.00)
(292.41, 0.00, 0.00)
(292.41, 0.00, 0.00)
(292.84, 0.00, 0.00)
(292.84, 0.00, 0.00)
(292.91, 0.00, 0.00)
(292.91, 0.00, 0.00)
(292.91, 0.00, 0.00)
(292.91, 0.00, 0.00)
(284.77, 0.00, 0.00)
(280.07, 0.00, 0.00)
(284.19, 0.00, 0.00)
(284.19, 0.00, 0.00)
(284.65, 0.00, 0.00)
(284.65, 0.00, 0.00)
(284.65, 0.00, 0.00)
(275.87, 0.00, 0.00)
(277.74, 0.00, 0.00)
(277.74, 0.00, 0.00)
(277.74, 0.00, 0.00)
(277.74, 0.00, 0.00)
(277.74, 0.00, 0.00)
(278.31, 0.00, 0.00)
(278.31, 0.00, 0.00)
(278.31, 0.00, 0.00)
(278.31, 0.00, 0.00)
(275.12, 0.00, 0.00)
(275.12, 0.00, 0.00)
(275.12, 0.00, 0.00)
(275.12, 0.00, 0.00)
(274.04, 0.00, 0.00)
(274.45, 0.00, 0.00)
(274.45, 0.00, 0.00)
(274.45, 0.00, 0.00)
(274.45, 0.00, 0.00)
(273.90, 0.00, 0.00)
(273.90, 0.00, 0.00)
(273.17, 0.00, 0.00)
(273.17, 0.00, 0.00)
(273.17, 0.00, 0.00)
(273.17, 0.00, 0.00)
(273.61, 0.00, 0.00)
(273.61, 0.00, 0.00)
(273.61, 0.00, 0.00)
(273.61, 0.00, 0.00)
(273.53, 0.00, 0.00)
(273.53, 0.00, 0.00)
(273.30, 0.00, 0.00)
(273.30, 0.00, 0.00)
(273.30, 0.00, 0.00)
(273.30, 0.00, 0.00)
(272.82, 0.00, 0.00)
(272.82, 0.00, 0.00)
(272.82, 0.00, 0.00)
(272.82, 0.00, 0.00)
(272.76, 0.00, 0.00)
(272.76, 0.00, 0.00)
(272.76, 0.00, 0.00)
(272.76, 0.00, 0.00)
(272.76, 0.00, 0.00)
(272.85, 0.00, 0.00)
(272.88, 0.00, 0.00)
(272.88, 0.00, 0.00)
(272.88, 0.00, 0.00)
(272.88, 0.00, 0.00)
(272.88, 0.00, 0.00)
(272.88, 0.00, 0.00)
(272.74, 0.00, 0.00)
(272.74, 0.00, 0.00)
(272.74, 0.00, 0.00)
(272.92, 0.00, 0.00)
(272.92, 0.00, 0.00)
(272.92, 0.00, 0.00)
(272.77, 0.00, 0.00)
(272.77, 0.00, 0.00)
(272.77, 0.00, 0.00)
(272.77, 0.00, 0.00)
(272.77, 0.00, 0.00)
(272.89, 0.00, 0.00)
(272.89, 0.00, 0.00)
(272.89, 0.00, 0.00)
(272.89, 0.00, 0.00)
(272.87, 0.00, 0.00)
(272.87, 0.00, 0.00)
(272.87, 0.00, 0.00)
(273.20, 0.00, 0.00)
(273.20, 0.00, 0.00)
(273.20, 0.00, 0.00)
(273.20, 0.00, 0.00)
(272.74, 0.00, 0.00)
(273.27, 0.00, 0.00)
(273.27, 0.00, 0.00)
(273.27, 0.00, 0.00)
(272.91, 0.00, 0.00)
(272.91, 0.00, 0.00)
(272.91, 0.00, 0.00)
(272.91, 0.00, 0.00)
(272.87, 0.00, 0.00)
(272.44, 0.00, 0.00)
(272.44, 0.00, 0.00)
(272.44, 0.00, 0.00)
(272.39, 0.00, 0.00)
(272.71, 0.00, 0.00)
(272.71, 0.00, 0.00)
(272.71, 0.00, 0.00)
(272.71, 0.00, 0.00)
(272.17, 0.00, 0.00)
(272.17, 0.00, 0.00)
(272.17, 0.00, 0.00)
(272.17, 0.00, 0.00)
(272.27, 0.00, 0.00)
(272.27, 0.00, 0.00)
(274.87, 0.00, 0.00)
(274.87, 0.00, 0.00)
(274.87, 0.00, 0.00)
(274.87, 0.00, 0.00)
(277.42, 0.00, 0.00)
(277.42, 0.00, 0.00)
(276.67, 0.00, 0.00)
(276.67, 0.00, 0.00)
(276.67, 0.00, 0.00)
(276.67, 0.00, 0.00)
(276.38, 0.00, 0.00)
(276.38, 0.00, 0.00)
(276.38, 0.00, 0.00)
(276.38, 0.00, 0.00)
(284.21, 0.00, 0.00)
(284.21, 0.00, 0.00)
(284.21, 0.00, 0.00)
(284.21, 0.00, 0.00)
(285.32, 0.00, 0.00)
(285.32, 0.00, 0.00)
(284.05, 0.00, 0.00)
(284.05, 0.00, 0.00)
(284.05, 0.00, 0.00)
(284.05, 0.00, 0.00)
(284.05, 0.00, 0.00)
(284.05, 0.00, 0.00)
(285.75, 0.00, 0.00)
(285.75, 0.00, 0.00)
(296.29, 0.00, 0.00)
(296.29, 0.00, 0.00)
(296.29, 0.00, 0.00)
(309.85, 0.00, 0.00)
(309.85, 0.00, 0.00)
(302.71, 0.00, 0.00)
(302.71, 0.00, 0.00)
(302.71, 0.00, 0.00)
(302.71, 0.00, 0.00)
(302.21, 0.00, 0.00)
(302.21, 0.00, 0.00)
(302.21, 0.00, 0.00)
(321.95, 0.00, 0.00)
(321.95, 0.00, 0.00)
(321.95, 0.00, 0.00)
(327.57, 0.00, 0.00)
(327.57, 0.00, 0.00)
(327.57, 0.00, 0.00)
(327.57, 0.00, 0.00)
(315.10, 0.00, 0.00)
(315.10, 0.00, 0.00)
(315.10, 0.00, 0.00)
(313.45, 0.00, 0.00)
(313.45, 0.00, 0.00)
(313.45, 0.00, 0.00)
(333.11, 0.00, 0.00)
(333.11, 0.00, 0.00)
(333.11, 0.00, 0.00)
(333.11, 0.00, 0.00)
(339.35, 0.00, 0.00)
(339.35, 0.00, 0.00)
(339.35, 0.00, 0.00)
(330.89, 0.00, 0.00)
(330.89, 0.00, 0.00)
(330.89, 0.00, 0.00)
(332.40, 0.00, 0.00)
(332.40, 0.00, 0.00)
(332.40, 0.00, 0.00)
(332.40, 0.00, 0.00)
(339.45, 0.00, 0.00)
(339.45, 0.00, 0.00)
(339.45, 0.00, 0.00)
(339.45, 0.00, 0.00)
(339.45, 0.00, 0.00)
(339.45, 0.00, 0.00)
(337.91, 0.00, 0.00)
(337.91, 0.00, 0.00)
(337.91, 0.00, 0.00)
(337.91, 0.00, 0.00)
(336.48, 0.00, 0.00)
(336.48, 0.00, 0.00)
(336.48, 0.00, 0.00)
(343.71, 0.00, 0.00)
(343.71, 0.00, 0.00)
(343.71, 0.00, 0.00)
(356.03, 0.00, 0.00)
(356.03, 0.00, 0.00)
(356.03, 0.00, 0.00)
(356.03, 0.00, 0.00)
(346.76, 0.00, 0.00)
(346.76, 0.00, 0.00)
(350.86, 0.00, 0.00)
(350.86, 0.00, 0.00)
(350.86, 0.00, 0.00)
(350.86, 0.00, 0.00)
(350.86, 0.00, 0.00)
(350.86, 0.00, 0.00)
(356.27, 0.00, 0.00)
(8.99, 0.00, 0.00)
(8.99, 0.00, 0.00)
(8.99, 0.00, 0.00)
(336.60, 0.00, 0.00)
(336.60, 0.00, 0.00)
(336.60, 0.00, 0.00)
(336.60, 0.00, 0.00)
(320.09, 0.00, 0.00)
(320.09, 0.00, 0.00)
(324.78, 0.00, 0.00)
(324.78, 0.00, 0.00)
(320.87, 0.00, 0.00)
(320.87, 0.00, 0.00)
(320.87, 0.00, 0.00)
(306.18, 0.00, 0.00)
(306.18, 0.00, 0.00)
(306.18, 0.00, 0.00)
(297.04, 0.00, 0.00)
(297.04, 0.00, 0.00)
(297.04, 0.00, 0.00)
(298.21, 0.00, 0.00)
(298.21, 0.00, 0.00)
(298.21, 0.00, 0.00)
(298.21, 0.00, 0.00)
(298.21, 0.00, 0.00)
(291.97, 0.00, 0.00)
(291.97, 0.00, 0.00)
(287.90, 0.00, 0.00)
(287.90, 0.00, 0.00)
(284.37, 0.00, 0.00)
(284.37, 0.00, 0.00)
(284.37, 0.00, 0.00)
(284.37, 0.00, 0.00)
(283.47, 0.00, 0.00)
(283.47, 0.00, 0.00)
(283.47, 0.00, 0.00)
(281.43, 0.00, 0.00)
(281.43, 0.00, 0.00)
(278.65, 0.00, 0.00)
(278.65, 0.00, 0.00)
(278.65, 0.00, 0.00)
(278.65, 0.00, 0.00)
(279.63, 0.00, 0.00)
(279.63, 0.00, 0.00)
(279.63, 0.00, 0.00)
(279.63, 0.00, 0.00)
(279.63, 0.00, 0.00)
(279.63, 0.00, 0.00)
(279.30, 0.00, 0.00)
(279.30, 0.00, 0.00)
(279.30, 0.00, 0.00)
(277.41, 0.00, 0.00)
(277.41, 0.00, 0.00)
(277.41, 0.00, 0.00)
(277.41, 0.00, 0.00)
(276.95, 0.00, 0.00)
(276.95, 0.00, 0.00)
(275.83, 0.00, 0.00)
(275.83, 0.00, 0.00)
(275.83, 0.00, 0.00)
(275.83, 0.00, 0.00)
(275.83, 0.00, 0.00)
(275.83, 0.00, 0.00)
(275.08, 0.00, 0.00)
(275.08, 0.00, 0.00)
(275.08, 0.00, 0.00)
(275.08, 0.00, 0.00)
(275.08, 0.00, 0.00)
(275.24, 0.00, 0.00)
(275.24, 0.00, 0.00)
(275.24, 0.00, 0.00)
(275.24, 0.00, 0.00)
(274.25, 0.00, 0.00)
(274.25, 0.00, 0.00)
(274.25, 0.00, 0.00)
(274.25, 0.00, 0.00)
(274.15, 0.00, 0.00)
(274.50, 0.00, 0.00)
(274.50, 0.00, 0.00)
(274.50, 0.00, 0.00)
(274.50, 0.00, 0.00)
(274.50, 0.00, 0.00)
(274.29, 0.00, 0.00)
(274.29, 0.00, 0.00)
(274.29, 0.00, 0.00)
(274.29, 0.00, 0.00)
(274.29, 0.00, 0.00)
(273.77, 0.00, 0.00)
(274.11, 0.00, 0.00)
(274.11, 0.00, 0.00)
(274.11, 0.00, 0.00)
(274.11, 0.00, 0.00)
(274.04, 0.00, 0.00)
(274.04, 0.00, 0.00)
(274.04, 0.00, 0.00)
(274.04, 0.00, 0.00)
(274.04, 0.00, 0.00)
(273.93, 0.00, 0.00)
(274.07, 0.00, 0.00)
(274.07, 0.00, 0.00)
(274.07, 0.00, 0.00)
(274.26, 0.00, 0.00)
(274.26, 0.00, 0.00)
(274.26, 0.00, 0.00)
(274.26, 0.00, 0.00)
(274.26, 0.00, 0.00)
(274.17, 0.00, 0.00)
(274.17, 0.00, 0.00)
(273.75, 0.00, 0.00)
(273.75, 0.00, 0.00)
(273.75, 0.00, 0.00)
(273.75, 0.00, 0.00)
(273.73, 0.00, 0.00)
(273.73, 0.00, 0.00)
(273.73, 0.00, 0.00)
(273.73, 0.00, 0.00)
(273.73, 0.00, 0.00)
(273.73, 0.00, 0.00)
(273.73, 0.00, 0.00)
(273.73, 0.00, 0.00)
(273.73, 0.00, 0.00)
(274.02, 0.00, 0.00)
(274.02, 0.00, 0.00)
(273.98, 0.00, 0.00)
(273.98, 0.00, 0.00)
(273.98, 0.00, 0.00)
(273.98, 0.00, 0.00)
(273.67, 0.00, 0.00)
(273.67, 0.00, 0.00)
(273.72, 0.00, 0.00)
(273.72, 0.00, 0.00)
(273.72, 0.00, 0.00)
(273.72, 0.00, 0.00)
(273.72, 0.00, 0.00)
(273.29, 0.00, 0.00)
(273.29, 0.00, 0.00)
(273.29, 0.00, 0.00)
(273.29, 0.00, 0.00)
(274.08, 0.00, 0.00)
(274.08, 0.00, 0.00)
(274.08, 0.00, 0.00)
(274.08, 0.00, 0.00)
(274.10, 0.00, 0.00)
(274.10, 0.00, 0.00)
(274.10, 0.00, 0.00)
(274.10, 0.00, 0.00)
(274.07, 0.00, 0.00)
(274.07, 0.00, 0.00)
(274.07, 0.00, 0.00)
(275.83, 0.00, 0.00)
(275.83, 0.00, 0.00)
(275.83, 0.00, 0.00)
(280.73, 0.00, 0.00)
(280.73, 0.00, 0.00)
(280.73, 0.00, 0.00)
(280.73, 0.00, 0.00)
(280.73, 0.00, 0.00)
(279.46, 0.00, 0.00)
(279.46, 0.00, 0.00)
(280.61, 0.00, 0.00)
(280.61, 0.00, 0.00)
(280.61, 0.00, 0.00)
(280.61, 0.00, 0.00)
(291.46, 0.00, 0.00)
(291.46, 0.00, 0.00)
(293.98, 0.00, 0.00)
(293.98, 0.00, 0.00)
(293.98, 0.00, 0.00)
(293.98, 0.00, 0.00)
(293.81, 0.00, 0.00)
(293.81, 0.00, 0.00)
(293.81, 0.00, 0.00)
(293.81, 0.00, 0.00)
(295.66, 0.00, 0.00)
(308.53, 0.00, 0.00)
(308.53, 0.00, 0.00)
(308.53, 0.00, 0.00)
(308.53, 0.00, 0.00)
(308.53, 0.00, 0.00)
(311.83, 0.00, 0.00)
(311.83, 0.00, 0.00)
(311.83, 0.00, 0.00)
(311.83, 0.00, 0.00)
(306.84, 0.00, 0.00)
(306.84, 0.00, 0.00)
(306.84, 0.00, 0.00)
(308.87, 0.00, 0.00)
(308.87, 0.00, 0.00)
(308.87, 0.00, 0.00)
(336.02, 0.00, 0.00)
(336.02, 0.00, 0.00)
(336.02, 0.00, 0.00)
(336.02, 0.00, 0.00)
(336.33, 0.00, 0.00)
(336.33, 0.00, 0.00)
(336.33, 0.00, 0.00)
(329.02, 0.00, 0.00)
(329.02, 0.00, 0.00)
(329.02, 0.00, 0.00)
(329.02, 0.00, 0.00)
(332.44, 0.00, 0.00)
(332.44, 0.00, 0.00)
(332.44, 0.00, 0.00)
(344.36, 0.00, 0.00)
(344.36, 0.00, 0.00)
(344.36, 0.00, 0.00)
(341.62, 0.00, 0.00)
(341.62, 0.00, 0.00)
(341.62, 0.00, 0.00)
(337.80, 0.00, 0.00)
(337.80, 0.00, 0.00)
(337.80, 0.00, 0.00)
(340.49, 0.00, 0.00)
(340.49, 0.00, 0.00)
(340.49, 0.00, 0.00)
(340.49, 0.00, 0.00)
(355.61, 0.00, 0.00)
(355.61, 0.00, 0.00)
(0.41, 0.00, 0.00)
(0.41, 0.00, 0.00)
(0.41, 0.00, 0.00)
(0.41, 0.00, 0.00)
(355.52, 0.00, 0.00)
(355.52, 0.00, 0.00)
(355.52, 0.00, 0.00)
(355.52, 0.00, 0.00)
(0.25, 0.00, 0.00)
(0.25, 0.00, 0.00)
(0.25, 0.00, 0.00)
(359.33, 0.00, 0.00)
(359.33, 0.00, 0.00)
(359.33, 0.00, 0.00)
(359.33, 0.00, 0.00)
(359.33, 0.00, 0.00)
(345.61, 0.00, 0.00)
(345.61, 0.00, 0.00)
(310.78, 0.00, 0.00)
(310.78, 0.00, 0.00)
(307.99, 0.00, 0.00)
(307.99, 0.00, 0.00)
(307.99, 0.00, 0.00)
(310.10, 0.00, 0.00)
(310.10, 0.00, 0.00)
(310.10, 0.00, 0.00)
(310.10, 0.00, 0.00)
(310.10, 0.00, 0.00)
(310.10, 0.00, 0.00)
(300.11, 0.00, 0.00)
(300.11, 0.00, 0.00)
(292.59, 0.00, 0.00)
(292.59, 0.00, 0.00)
(292.59, 0.00, 0.00)
(293.26, 0.00, 0.00)
(293.26, 0.00, 0.00)
(293.26, 0.00, 0.00)
(293.99, 0.00, 0.00)
(293.99, 0.00, 0.00)
(293.99, 0.00, 0.00)
(287.57, 0.00, 0.00)
(287.57, 0.00, 0.00)
(287.57, 0.00, 0.00)
(287.57, 0.00, 0.00)
(283.20, 0.00, 0.00)
(283.20, 0.00, 0.00)
(283.20, 0.00, 0.00)
(283.20, 0.00, 0.00)
(282.50, 0.00, 0.00)
(282.50, 0.00, 0.00)
(281.57, 0.00, 0.00)
(281.57, 0.00, 0.00)
(281.57, 0.00, 0.00)
(281.57, 0.00, 0.00)
(277.51, 0.00, 0.00)
(277.51, 0.00, 0.00)
(277.51, 0.00, 0.00)
(277.51, 0.00, 0.00)
(275.60, 0.00, 0.00)
(275.60, 0.00, 0.00)
(276.63, 0.00, 0.00)
(276.63, 0.00, 0.00)
(276.63, 0.00, 0.00)
(276.63, 0.00, 0.00)
(276.49, 0.00, 0.00)
(276.49, 0.00, 0.00)
(276.49, 0.00, 0.00)
(276.49, 0.00, 0.00)
(275.03, 0.00, 0.00)
(275.03, 0.00, 0.00)
(275.03, 0.00, 0.00)
(274.82, 0.00, 0.00)
(274.82, 0.00, 0.00)
(274.82, 0.00, 0.00)
(274.82, 0.00, 0.00)
(275.66, 0.00, 0.00)
(275.66, 0.00, 0.00)
(275.66, 0.00, 0.00)
(275.66, 0.00, 0.00)
(275.49, 0.00, 0.00)
(275.49, 0.00, 0.00)
(275.49, 0.00, 0.00)
(275.49, 0.00, 0.00)
(275.49, 0.00, 0.00)
(274.63, 0.00, 0.00)
(274.18, 0.00, 0.00)
(274.18, 0.00, 0.00)
(274.18, 0.00, 0.00)
(274.18, 0.00, 0.00)
(274.18, 0.00, 0.00)
(274.13, 0.00, 0.00)
(274.13, 0.00, 0.00)
(273.73, 0.00, 0.00)
(273.73, 0.00, 0.00)
(273.73, 0.00, 0.00)
(273.73, 0.00, 0.00)
(273.73, 0.00, 0.00)
(273.73, 0.00, 0.00)
(273.87, 0.00, 0.00)
(273.87, 0.00, 0.00)
(273.87, 0.00, 0.00)
(273.87, 0.00, 0.00)
(273.52, 0.00, 0.00)
(273.52, 0.00, 0.00)
(273.63, 0.00, 0.00)
(273.63, 0.00, 0.00)
(273.63, 0.00, 0.00)
(273.63, 0.00, 0.00)
(273.44, 0.00, 0.00)
(273.44, 0.00, 0.00)
(273.13, 0.00, 0.00)
(273.13, 0.00, 0.00)
(273.13, 0.00, 0.00)
(273.51, 0.00, 0.00)
(273.51, 0.00, 0.00)
(273.63, 0.00, 0.00)
(273.63, 0.00, 0.00)
(273.63, 0.00, 0.00)
(273.63, 0.00, 0.00)
(273.92, 0.00, 0.00)
(273.92, 0.00, 0.00)
(273.92, 0.00, 0.00)
(273.92, 0.00, 0.00)
(273.92, 0.00, 0.00)
(274.28, 0.00, 0.00)
(274.28, 0.00, 0.00)
(274.28, 0.00, 0.00)
(274.28, 0.00, 0.00)
(274.45, 0.00, 0.00)
(274.45, 0.00, 0.00)
(274.45, 0.00, 0.00)
(274.25, 0.00, 0.00)
(274.25, 0.00, 0.00)
(274.25, 0.00, 0.00)
(274.68, 0.00, 0.00)
(274.68, 0.00, 0.00)
(274.68, 0.00, 0.00)
(274.68, 0.00, 0.00)
(275.15, 0.00, 0.00)
(275.07, 0.00, 0.00)
(275.07, 0.00, 0.00)
(275.07, 0.00, 0.00)
(275.07, 0.00, 0.00)
(274.69, 0.00, 0.00)
(274.69, 0.00, 0.00)
(274.69, 0.00, 0.00)
(274.69, 0.00, 0.00)
(275.50, 0.00, 0.00)
(275.50, 0.00, 0.00)
(275.50, 0.00, 0.00)
(275.03, 0.00, 0.00)
(275.03, 0.00, 0.00)
(275.03, 0.00, 0.00)
(275.96, 0.00, 0.00)
(275.96, 0.00, 0.00)
(275.96, 0.00, 0.00)
(275.96, 0.00, 0.00)
(275.82, 0.00, 0.00)
(275.82, 0.00, 0.00)
(275.82, 0.00, 0.00)
(275.35, 0.00, 0.00)
(275.35, 0.00, 0.00)
(275.35, 0.00, 0.00)
(275.57, 0.00, 0.00)
(275.57, 0.00, 0.00)
(275.57, 0.00, 0.00)
(275.57, 0.00, 0.00)
(275.00, 0.00, 0.00)
(275.00, 0.00, 0.00)
(275.00, 0.00, 0.00)
(274.76, 0.00, 0.00)
(274.76, 0.00, 0.00)
(272.94, 0.00, 0.00)
(272.94, 0.00, 0.00)
(272.94, 0.00, 0.00)
(272.94, 0.00, 0.00)
(273.61, 0.00, 0.00)
(273.61, 0.00, 0.00)
(273.61, 0.00, 0.00)
(273.61, 0.00, 0.00)
(273.64, 0.00, 0.00)
(273.64, 0.00, 0.00)
(273.64, 0.00, 0.00)
(274.93, 0.00, 0.00)
(274.93, 0.00, 0.00)
(274.93, 0.00, 0.00)
(279.11, 0.00, 0.00)
(279.11, 0.00, 0.00)
(279.11, 0.00, 0.00)
(279.11, 0.00, 0.00)
(288.46, 0.00, 0.00)
(288.46, 0.00, 0.00)
(288.46, 0.00, 0.00)
(287.80, 0.00, 0.00)
(287.80, 0.00, 0.00)
(287.80, 0.00, 0.00)
(287.38, 0.00, 0.00)
(287.38, 0.00, 0.00)
(287.38, 0.00, 0.00)
(287.38, 0.00, 0.00)
(294.49, 0.00, 0.00)
(294.49, 0.00, 0.00)
(306.99, 0.00, 0.00)
(306.99, 0.00, 0.00)
(306.99, 0.00, 0.00)
(306.99, 0.00, 0.00)
(303.51, 0.00, 0.00)
(303.51, 0.00, 0.00)
(303.51, 0.00, 0.00)
(303.51, 0.00, 0.00)
(304.22, 0.00, 0.00)
(304.22, 0.00, 0.00)
(304.22, 0.00, 0.00)
(315.04, 0.00, 0.00)
(315.04, 0.00, 0.00)
(315.04, 0.00, 0.00)
(320.83, 0.00, 0.00)
(320.83, 0.00, 0.00)
(320.83, 0.00, 0.00)
(322.66, 0.00, 0.00)
(322.66, 0.00, 0.00)
(322.66, 0.00, 0.00)
(322.66, 0.00, 0.00)
(325.39, 0.00, 0.00)
(325.39, 0.00, 0.00)
(325.39, 0.00, 0.00)
(330.81, 0.00, 0.00)
(330.81, 0.00, 0.00)
(330.81, 0.00, 0.00)
(330.81, 0.00, 0.00)
(342.94, 0.00, 0.00)
(342.94, 0.00, 0.00)
(342.94, 0.00, 0.00)
(342.94, 0.00, 0.00)
(332.96, 0.00, 0.00)
(332.96, 0.00, 0.00)
(332.96, 0.00, 0.00)
(332.96, 0.00, 0.00)
(336.02, 0.00, 0.00)
(336.02, 0.00, 0.00)
(341.17, 0.00, 0.00)
(341.17, 0.00, 0.00)
(341.17, 0.00, 0.00)
(341.17, 0.00, 0.00)
(347.08, 0.00, 0.00)
(347.08, 0.00, 0.00)
(345.45, 0.00, 0.00)
(345.45, 0.00, 0.00)
(345.45, 0.00, 0.00)
(345.45, 0.00, 0.00)
(351.51, 0.00, 0.00)
(351.51, 0.00, 0.00)
(351.51, 0.00, 0.00)
(355.31, 0.00, 0.00)
(355.31, 0.00, 0.00)
(355.31, 0.00, 0.00)
(355.31, 0.00, 0.00)
(355.31, 0.00, 0.00)
(355.31, 0.00, 0.00)
(355.31, 0.00, 0.00)
(354.32, 0.00, 0.00)
(355.58, 0.00, 0.00)
(355.58, 0.00, 0.00)
(4.55, 0.00, 0.00)
(4.55, 0.00, 0.00)
(4.55, 0.00, 0.00)
(6.21, 0.00, 0.00)
(6.21, 0.00, 0.00)
(6.21, 0.00, 0.00)
(6.21, 0.00, 0.00)
(345.27, 0.00, 0.00)
(345.27, 0.00, 0.00)
(345.27, 0.00, 0.00)
(329.29, 0.00, 0.00)
(329.29, 0.00, 0.00)
(329.29, 0.00, 0.00)
(329.29, 0.00, 0.00)
(329.29, 0.00, 0.00)
(329.29, 0.00, 0.00)
(329.29, 0.00, 0.00)
(317.95, 0.00, 0.00)
(313.90, 0.00, 0.00)
(313.90, 0.00, 0.00)
(313.90, 0.00, 0.00)
(313.90, 0.00, 0.00)
(300.39, 0.00, 0.00)
(300.39, 0.00, 0.00)
(300.39, 0.00, 0.00)
(298.48, 0.00, 0.00)
(298.48, 0.00, 0.00)
(298.48, 0.00, 0.00)
(294.20, 0.00, 0.00)
(294.20, 0.00, 0.00)
(294.20, 0.00, 0.00)
(294.20, 0.00, 0.00)
(292.11, 0.00, 0.00)
(292.11, 0.00, 0.00)
(289.86, 0.00, 0.00)
(289.86, 0.00, 0.00)
(289.86, 0.00, 0.00)
(289.86, 0.00, 0.00)
(289.32, 0.00, 0.00)
(289.32, 0.00, 0.00)
(289.32, 0.00, 0.00)
(290.48, 0.00, 0.00)
(290.48, 0.00, 0.00)
(290.48, 0.00, 0.00)
(290.48, 0.00, 0.00)
(287.27, 0.00, 0.00)
(287.27, 0.00, 0.00)
(287.27, 0.00, 0.00)
(287.27, 0.00, 0.00)
(283.27, 0.00, 0.00)
(283.27, 0.00, 0.00)
(283.27, 0.00, 0.00)
(283.27, 0.00, 0.00)
(283.09, 0.00, 0.00)
(283.09, 0.00, 0.00)
(284.20, 0.00, 0.00)
(284.20, 0.00, 0.00)
(284.20, 0.00, 0.00)
(284.20, 0.00, 0.00)
(281.49, 0.00, 0.00)
(281.49, 0.00, 0.00)
(281.49, 0.00, 0.00)
(281.49, 0.00, 0.00)
(280.62, 0.00, 0.00)
(280.62, 0.00, 0.00)
(279.46, 0.00, 0.00)
(279.46, 0.00, 0.00)
(279.46, 0.00, 0.00)
(279.46, 0.00, 0.00)
(280.46, 0.00, 0.00)
(280.46, 0.00, 0.00)
(280.46, 0.00, 0.00)
