(277.32, 0.00, 0.00)
(277.32, 0.00, 0.00)
(277.32, 0.00, 0.00)
(277.32, 0.00, 0.00)
(276.56, 0.00, 0.00)
(276.56, 0.00, 0.00)
(276.56, 0.00, 0.00)
(276.56, 0.00, 0.00)
(276.56, 0.00, 0.00)
(276.56, 0.00, 0.00)
(276.07, 0.00, 0.00)
(276.07, 0.00, 0.00)
(276.07, 0.00, 0.00)
(275.37, 0.00, 0.00)
(275.37, 0.00, 0.00)
(275.37, 0.00, 0.00)
(275.04, 0.00, 0.00)
(275.04, 0.00, 0.00)
(275.04, 0.00, 0.00)
(275.04, 0.00, 0.00)
(275.04, 0.00, 0.00)
(275.04, 0.00, 0.00)
(274.69, 0.00, 0.00)
(274.69, 0.00, 0.00)
(275.23, 0.00, 0.00)
(275.23, 0.00, 0.00)
(275.23, 0.00, 0.00)
(275.23, 0.00, 0.00)
(275.23, 0.00, 0.00)
(275.23, 0.00, 0.00)
(275.11, 0.00, 0.00)
(275.11, 0.00, 0.00)
(275.11, 0.00, 0.00)
(275.11, 0.00, 0.00)
(275.11, 0.00, 0.00)
(275.11, 0.00, 0.00)
(275.63, 0.00, 0.00)
(275.63, 0.00, 0.00)
(275.63, 0.00, 0.00)
(275.63, 0.00, 0.00)
(275.63, 0.00, 0.00)
(275.63, 0.00, 0.00)
(276.01, 0.00, 0.00)
(276.01, 0.00, 0.00)
(275.78, 0.00, 0.00)
(275.78, 0.00, 0.00)
(275.78, 0.00, 0.00)
(275.78, 0.00, 0.00)
(275.78, 0.00, 0.00)
(275.78, 0.00, 0.00)
(274.70, 0.00, 0.00)
(274.70, 0.00, 0.00)
(274.70, 0.00, 0.00)
(274.63, 0.00, 0.00)
(274.63, 0.00, 0.00)
(274.63, 0.00, 0.00)
(274.63, 0.00, 0.00)
(274.63, 0.00, 0.00)
(274.49, 0.00, 0.00)
(274.49, 0.00, 0.00)
(274.49, 0.00, 0.00)
(274.49, 0.00, 0.00)
(274.49, 0.00, 0.00)
(274.49, 0.00, 0.00)
(274.49, 0.00, 0.00)
(274.69, 0.00, 0.00)
(274.69, 0.00, 0.00)
(274.69, 0.00, 0.00)
(275.73, 0.00, 0.00)
(275.73, 0.00, 0.00)
(275.73, 0.00, 0.00)
(275.73, 0.00, 0.00)
(275.73, 0.00, 0.00)
(275.57, 0.00, 0.00)
(275.57, 0.00, 0.00)
(275.57, 0.00, 0.00)
(275.57, 0.00, 0.00)
(275.57, 0.00, 0.00)
(275.57, 0.00, 0.00)
(275.57, 0.00, 0.00)
(275.57, 0.00, 0.00)
(275.13, 0.00, 0.00)
(275.13, 0.00, 0.00)
(275.13, 0.00, 0.00)
(274.66, 0.00, 0.00)
(274.66, 0.00, 0.00)
(274.66, 0.00, 0.00)
(274.66, 0.00, 0.00)
(274.66, 0.00, 0.00)
(274.66, 0.00, 0.00)
(275.29, 0.00, 0.00)
(275.29, 0.00, 0.00)
(275.29, 0.00, 0.00)
(275.90, 0.00, 0.00)
(275.90, 0.00, 0.00)
(275.90, 0.00, 0.00)
(275.90, 0.00, 0.00)
(275.90, 0.00, 0.00)
(275.90, 0.00, 0.00)
(274.72, 0.00, 0.00)
(274.72, 0.00, 0.00)
(276.14, 0.00, 0.00)
(276.14, 0.00, 0.00)
(276.14, 0.00, 0.00)
(274.37, 0.00, 0.00)
(274.37, 0.00, 0.00)
(274.37, 0.00, 0.00)
(274.37, 0.00, 0.00)
(274.37, 0.00, 0.00)
(274.37, 0.00, 0.00)
(275.70, 0.00, 0.00)
(275.70, 0.00, 0.00)
(275.70, 0.00, 0.00)
(275.70, 0.00, 0.00)
(275.70, 0.00, 0.00)
(275.08, 0.00, 0.00)
(275.08, 0.00, 0.00)
(275.08, 0.00, 0.00)
(275.87, 0.00, 0.00)
(275.87, 0.00, 0.00)
(275.87, 0.00, 0.00)
(275.87, 0.00, 0.00)
(275.87, 0.00, 0.00)
(275.87, 0.00, 0.00)
(275.87, 0.00, 0.00)
(275.87, 0.00, 0.00)
(272.10, 0.00, 0.00)
(272.10, 0.00, 0.00)
(272.92, 0.00, 0.00)
(272.92, 0.00, 0.00)
(272.92, 0.00, 0.00)
(272.84, 0.00, 0.00)
(272.84, 0.00, 0.00)
(272.84, 0.00, 0.00)
(272.84, 0.00, 0.00)
(272.84, 0.00, 0.00)
(272.84, 0.00, 0.00)
(273.98, 0.00, 0.00)
(273.98, 0.00, 0.00)
(273.98, 0.00, 0.00)
(273.98, 0.00, 0.00)
(273.98, 0.00, 0.00)
(273.98, 0.00, 0.00)
(276.84, 0.00, 0.00)
(276.84, 0.00, 0.00)
(276.84, 0.00, 0.00)
(276.11, 0.00, 0.00)
(276.11, 0.00, 0.00)
(276.11, 0.00, 0.00)
(276.11, 0.00, 0.00)
(276.11, 0.00, 0.00)
(276.11, 0.00, 0.00)
(280.92, 0.00, 0.00)
(280.92, 0.00, 0.00)
(280.92, 0.00, 0.00)
(284.02, 0.00, 0.00)
(284.02, 0.00, 0.00)
(284.02, 0.00, 0.00)
(284.02, 0.00, 0.00)
(284.02, 0.00, 0.00)
(285.80, 0.00, 0.00)
(285.80, 0.00, 0.00)
(285.80, 0.00, 0.00)
(285.80, 0.00, 0.00)
(285.80, 0.00, 0.00)
(285.80, 0.00, 0.00)
(294.60, 0.00, 0.00)
(294.60, 0.00, 0.00)
(294.60, 0.00, 0.00)
(294.60, 0.00, 0.00)
(294.60, 0.00, 0.00)
(294.60, 0.00, 0.00)
(304.47, 0.00, 0.00)
(304.47, 0.00, 0.00)
(304.47, 0.00, 0.00)
(312.13, 0.00, 0.00)
(312.13, 0.00, 0.00)
(312.13, 0.00, 0.00)
(312.13, 0.00, 0.00)
(312.13, 0.00, 0.00)
(312.13, 0.00, 0.00)
(312.13, 0.00, 0.00)
(312.13, 0.00, 0.00)
(314.21, 0.00, 0.00)
(314.21, 0.00, 0.00)
(314.21, 0.00, 0.00)
(309.89, 0.00, 0.00)
(309.89, 0.00, 0.00)
(309.89, 0.00, 0.00)
(312.80, 0.00, 0.00)
(312.80, 0.00, 0.00)
(312.80, 0.00, 0.00)
(312.80, 0.00, 0.00)
(312.80, 0.00, 0.00)
(312.80, 0.00, 0.00)
(324.30, 0.00, 0.00)
(324.30, 0.00, 0.00)
(324.30, 0.00, 0.00)
(324.30, 0.00, 0.00)
(324.30, 0.00, 0.00)
(324.30, 0.00, 0.00)
(336.81, 0.00, 0.00)
(336.81, 0.00, 0.00)
(336.81, 0.00, 0.00)
(332.48, 0.00, 0.00)
(332.48, 0.00, 0.00)
(332.48, 0.00, 0.00)
(332.48, 0.00, 0.00)
(332.48, 0.00, 0.00)
(332.48, 0.00, 0.00)
(332.48, 0.00, 0.00)
(332.48, 0.00, 0.00)
(336.22, 0.00, 0.00)
(336.22, 0.00, 0.00)
(336.22, 0.00, 0.00)
(342.94, 0.00, 0.00)
(342.94, 0.00, 0.00)
(342.94, 0.00, 0.00)
(342.94, 0.00, 0.00)
(342.94, 0.00, 0.00)
(347.99, 0.00, 0.00)
(347.99, 0.00, 0.00)
(347.99, 0.00, 0.00)
(348.62, 0.00, 0.00)
(348.62, 0.00, 0.00)
(348.62, 0.00, 0.00)
(348.62, 0.00, 0.00)
(348.62, 0.00, 0.00)
(348.62, 0.00, 0.00)
(351.02, 0.00, 0.00)
(351.02, 0.00, 0.00)
(351.02, 0.00, 0.00)
(351.02, 0.00, 0.00)
(351.02, 0.00, 0.00)
(351.02, 0.00, 0.00)
(353.74, 0.00, 0.00)
(353.74, 0.00, 0.00)
(353.74, 0.00, 0.00)
(351.67, 0.00, 0.00)
(351.67, 0.00, 0.00)
(351.67, 0.00, 0.00)
(351.67, 0.00, 0.00)
(351.67, 0.00, 0.00)
(351.67, 0.00, 0.00)
(356.23, 0.00, 0.00)
(356.11, 0.00, 0.00)
(356.11, 0.00, 0.00)
(355.31, 0.00, 0.00)
(355.31, 0.00, 0.00)
(355.52, 0.00, 0.00)
(355.52, 0.00, 0.00)
(355.52, 0.00, 0.00)
(355.52, 0.00, 0.00)
(354.33, 0.00, 0.00)
(354.33, 0.00, 0.00)
(354.33, 0.00, 0.00)
(355.72, 0.00, 0.00)
(355.72, 0.00, 0.00)
(355.72, 0.00, 0.00)
(355.72, 0.00, 0.00)
(355.72, 0.00, 0.00)
(348.39, 0.00, 0.00)
(348.39, 0.00, 0.00)
(348.39, 0.00, 0.00)
(348.39, 0.00, 0.00)
(332.87, 0.00, 0.00)
(332.87, 0.00, 0.00)
(332.87, 0.00, 0.00)
(328.00, 0.00, 0.00)
(328.00, 0.00, 0.00)
(328.00, 0.00, 0.00)
(328.00, 0.00, 0.00)
(328.00, 0.00, 0.00)
(328.00, 0.00, 0.00)
(326.17, 0.00, 0.00)
(326.17, 0.00, 0.00)
(326.17, 0.00, 0.00)
(326.17, 0.00, 0.00)
(326.17, 0.00, 0.00)
(326.17, 0.00, 0.00)
(330.67, 0.00, 0.00)
(330.67, 0.00, 0.00)
(330.67, 0.00, 0.00)
(344.32, 0.00, 0.00)
(344.32, 0.00, 0.00)
(344.32, 0.00, 0.00)
(344.32, 0.00, 0.00)
(344.32, 0.00, 0.00)
(344.32, 0.00, 0.00)
(344.32, 0.00, 0.00)
(344.32, 0.00, 0.00)
(350.09, 0.00, 0.00)
(350.09, 0.00, 0.00)
(347.92, 0.00, 0.00)
(347.92, 0.00, 0.00)
(347.92, 0.00, 0.00)
(347.92, 0.00, 0.00)
(347.92, 0.00, 0.00)
(347.92, 0.00, 0.00)
(342.69, 0.00, 0.00)
(342.69, 0.00, 0.00)
(339.60, 0.00, 0.00)
(339.60, 0.00, 0.00)
(339.60, 0.00, 0.00)
(342.25, 0.00, 0.00)
(342.25, 0.00, 0.00)
(342.25, 0.00, 0.00)
(342.25, 0.00, 0.00)
(342.25, 0.00, 0.00)
(342.25, 0.00, 0.00)
(344.15, 0.00, 0.00)
(344.15, 0.00, 0.00)
(344.15, 0.00, 0.00)
(347.26, 0.00, 0.00)
(347.26, 0.00, 0.00)
(347.26, 0.00, 0.00)
(347.26, 0.00, 0.00)
(347.26, 0.00, 0.00)
(350.29, 0.00, 0.00)
(350.29, 0.00, 0.00)
(350.29, 0.00, 0.00)
(349.62, 0.00, 0.00)
(349.62, 0.00, 0.00)
(349.62, 0.00, 0.00)
(349.62, 0.00, 0.00)
(349.62, 0.00, 0.00)
(349.62, 0.00, 0.00)
(349.01, 0.00, 0.00)
(349.01, 0.00, 0.00)
(349.01, 0.00, 0.00)
(349.01, 0.00, 0.00)
(349.01, 0.00, 0.00)
(346.03, 0.00, 0.00)
(346.03, 0.00, 0.00)
(346.03, 0.00, 0.00)
(346.03, 0.00, 0.00)
(346.03, 0.00, 0.00)
(346.03, 0.00, 0.00)
(346.03, 0.00, 0.00)
(346.03, 0.00, 0.00)
(346.03, 0.00, 0.00)
(336.80, 0.00, 0.00)
(336.80, 0.00, 0.00)
(320.09, 0.00, 0.00)
(320.09, 0.00, 0.00)
(305.39, 0.00, 0.00)
(305.39, 0.00, 0.00)
(305.39, 0.00, 0.00)
(305.39, 0.00, 0.00)
(305.39, 0.00, 0.00)
(305.39, 0.00, 0.00)
(305.39, 0.00, 0.00)
(305.39, 0.00, 0.00)
(299.83, 0.00, 0.00)
(299.83, 0.00, 0.00)
(299.83, 0.00, 0.00)
(292.94, 0.00, 0.00)
(292.94, 0.00, 0.00)
(292.94, 0.00, 0.00)
(292.61, 0.00, 0.00)
(292.61, 0.00, 0.00)
(292.61, 0.00, 0.00)
(292.61, 0.00, 0.00)
(292.61, 0.00, 0.00)
(292.61, 0.00, 0.00)
(291.57, 0.00, 0.00)
(291.57, 0.00, 0.00)
(291.57, 0.00, 0.00)
(291.57, 0.00, 0.00)
(291.57, 0.00, 0.00)
(287.56, 0.00, 0.00)
(287.56, 0.00, 0.00)
(287.18, 0.00, 0.00)
(287.18, 0.00, 0.00)
(287.18, 0.00, 0.00)
(287.18, 0.00, 0.00)
(287.18, 0.00, 0.00)
(287.18, 0.00, 0.00)
(287.18, 0.00, 0.00)
(287.18, 0.00, 0.00)
(287.18, 0.00, 0.00)
(276.59, 0.00, 0.00)
(276.59, 0.00, 0.00)
(276.59, 0.00, 0.00)
(276.59, 0.00, 0.00)
(276.59, 0.00, 0.00)
(276.33, 0.00, 0.00)
(276.33, 0.00, 0.00)
(276.33, 0.00, 0.00)
(276.33, 0.00, 0.00)
(276.33, 0.00, 0.00)
(277.41, 0.00, 0.00)
(277.41, 0.00, 0.00)
(277.41, 0.00, 0.00)
(277.41, 0.00, 0.00)
(277.41, 0.00, 0.00)
(275.31, 0.00, 0.00)
(275.31, 0.00, 0.00)
(275.31, 0.00, 0.00)
(275.09, 0.00, 0.00)
(275.09, 0.00, 0.00)
(275.09, 0.00, 0.00)
(275.09, 0.00, 0.00)
(275.09, 0.00, 0.00)
(276.33, 0.00, 0.00)
(276.33, 0.00, 0.00)
(276.33, 0.00, 0.00)
(276.33, 0.00, 0.00)
(276.33, 0.00, 0.00)
(276.33, 0.00, 0.00)
(275.04, 0.00, 0.00)
(275.04, 0.00, 0.00)
(275.04, 0.00, 0.00)
(275.62, 0.00, 0.00)
(275.62, 0.00, 0.00)
(275.62, 0.00, 0.00)
(275.62, 0.00, 0.00)
(275.62, 0.00, 0.00)
(275.26, 0.00, 0.00)
(275.26, 0.00, 0.00)
(275.26, 0.00, 0.00)
(275.26, 0.00, 0.00)
(275.26, 0.00, 0.00)
(275.26, 0.00, 0.00)
(275.61, 0.00, 0.00)
(275.61, 0.00, 0.00)
(275.67, 0.00, 0.00)
(275.67, 0.00, 0.00)
(275.67, 0.00, 0.00)
(275.67, 0.00, 0.00)
(275.67, 0.00, 0.00)
(275.50, 0.00, 0.00)
(275.50, 0.00, 0.00)
(275.50, 0.00, 0.00)
(275.50, 0.00, 0.00)
(275.50, 0.00, 0.00)
(275.50, 0.00, 0.00)
(276.19, 0.00, 0.00)
(276.19, 0.00, 0.00)
(276.19, 0.00, 0.00)
(276.19, 0.00, 0.00)
(276.19, 0.00, 0.00)
(276.19, 0.00, 0.00)
(276.28, 0.00, 0.00)
(276.28, 0.00, 0.00)
(275.94, 0.00, 0.00)
(275.94, 0.00, 0.00)
(275.94, 0.00, 0.00)
(275.94, 0.00, 0.00)
(275.94, 0.00, 0.00)
(275.94, 0.00, 0.00)
(275.94, 0.00, 0.00)
(275.96, 0.00, 0.00)
(275.96, 0.00, 0.00)
(275.96, 0.00, 0.00)
(275.96, 0.00, 0.00)
(276.31, 0.00, 0.00)
(276.31, 0.00, 0.00)
(276.31, 0.00, 0.00)
(276.42, 0.00, 0.00)
(276.42, 0.00, 0.00)
(276.42, 0.00, 0.00)
(276.42, 0.00, 0.00)
(276.42, 0.00, 0.00)
(276.42, 0.00, 0.00)
(276.28, 0.00, 0.00)
(276.28, 0.00, 0.00)
(276.28, 0.00, 0.00)
(276.28, 0.00, 0.00)
(276.28, 0.00, 0.00)
(276.28, 0.00, 0.00)
(276.28, 0.00, 0.00)
(276.28, 0.00, 0.00)
(276.28, 0.00, 0.00)
(276.29, 0.00, 0.00)
(276.29, 0.00, 0.00)
(276.29, 0.00, 0.00)
(276.29, 0.00, 0.00)
(276.29, 0.00, 0.00)
(276.29, 0.00, 0.00)
(276.45, 0.00, 0.00)
(276.45, 0.00, 0.00)
(276.38, 0.00, 0.00)
(276.38, 0.00, 0.00)
(276.38, 0.00, 0.00)
(276.38, 0.00, 0.00)
(276.38, 0.00, 0.00)
(276.42, 0.00, 0.00)
(276.42, 0.00, 0.00)
(276.42, 0.00, 0.00)
(276.42, 0.00, 0.00)
(276.42, 0.00, 0.00)
(276.42, 0.00, 0.00)
(276.92, 0.00, 0.00)
(276.92, 0.00, 0.00)
(276.92, 0.00, 0.00)
(276.92, 0.00, 0.00)
(276.92, 0.00, 0.00)
(276.92, 0.00, 0.00)
(277.77, 0.00, 0.00)
(277.77, 0.00, 0.00)
(277.77, 0.00, 0.00)
(277.77, 0.00, 0.00)
(277.77, 0.00, 0.00)
(277.77, 0.00, 0.00)
(277.13, 0.00, 0.00)
(277.13, 0.00, 0.00)
(277.13, 0.00, 0.00)
(277.13, 0.00, 0.00)
(276.82, 0.00, 0.00)
(276.82, 0.00, 0.00)
(276.82, 0.00, 0.00)
(276.82, 0.00, 0.00)
(276.82, 0.00, 0.00)
(276.82, 0.00, 0.00)
(276.82, 0.00, 0.00)
(276.82, 0.00, 0.00)
(277.15, 0.00, 0.00)
(277.15, 0.00, 0.00)
(275.86, 0.00, 0.00)
(275.86, 0.00, 0.00)
(275.86, 0.00, 0.00)
(275.86, 0.00, 0.00)
(275.86, 0.00, 0.00)
(275.86, 0.00, 0.00)
(274.95, 0.00, 0.00)
(274.95, 0.00, 0.00)
(275.36, 0.00, 0.00)
(275.36, 0.00, 0.00)
(275.36, 0.00, 0.00)
(275.36, 0.00, 0.00)
(275.36, 0.00, 0.00)
(275.36, 0.00, 0.00)
(275.07, 0.00, 0.00)
(275.07, 0.00, 0.00)
(275.07, 0.00, 0.00)
(275.07, 0.00, 0.00)
(275.07, 0.00, 0.00)
(275.73, 0.00, 0.00)
(275.73, 0.00, 0.00)
(275.73, 0.00, 0.00)
(275.73, 0.00, 0.00)
(275.73, 0.00, 0.00)
(275.73, 0.00, 0.00)
(274.43, 0.00, 0.00)
(274.43, 0.00, 0.00)
(280.62, 0.00, 0.00)
(280.62, 0.00, 0.00)
(280.62, 0.00, 0.00)
(280.62, 0.00, 0.00)
(280.62, 0.00, 0.00)
(280.62, 0.00, 0.00)
(282.77, 0.00, 0.00)
(282.77, 0.00, 0.00)
(282.77, 0.00, 0.00)
(282.77, 0.00, 0.00)
(282.77, 0.00, 0.00)
(284.73, 0.00, 0.00)
(284.73, 0.00, 0.00)
(284.73, 0.00, 0.00)
(292.00, 0.00, 0.00)
(292.00, 0.00, 0.00)
(292.00, 0.00, 0.00)
(292.00, 0.00, 0.00)
(292.00, 0.00, 0.00)
(306.25, 0.00, 0.00)
(306.25, 0.00, 0.00)
(306.25, 0.00, 0.00)
(306.25, 0.00, 0.00)
(306.25, 0.00, 0.00)
(306.25, 0.00, 0.00)
(312.68, 0.00, 0.00)
(312.68, 0.00, 0.00)
(316.14, 0.00, 0.00)
(316.14, 0.00, 0.00)
(316.14, 0.00, 0.00)
(316.14, 0.00, 0.00)
(316.14, 0.00, 0.00)
(316.14, 0.00, 0.00)
(313.34, 0.00, 0.00)
(313.34, 0.00, 0.00)
(313.34, 0.00, 0.00)
(313.34, 0.00, 0.00)
(313.34, 0.00, 0.00)
(315.48, 0.00, 0.00)
(315.48, 0.00, 0.00)
(315.48, 0.00, 0.00)
(319.07, 0.00, 0.00)
(319.07, 0.00, 0.00)
(319.07, 0.00, 0.00)
(319.07, 0.00, 0.00)
(319.07, 0.00, 0.00)
(319.07, 0.00, 0.00)
(319.07, 0.00, 0.00)
(327.61, 0.00, 0.00)
(327.61, 0.00, 0.00)
(327.61, 0.00, 0.00)
(334.27, 0.00, 0.00)
(334.27, 0.00, 0.00)
(334.27, 0.00, 0.00)
(334.27, 0.00, 0.00)
(334.27, 0.00, 0.00)
(334.27, 0.00, 0.00)
(339.60, 0.00, 0.00)
(339.60, 0.00, 0.00)
(339.60, 0.00, 0.00)
(341.84, 0.00, 0.00)
(341.84, 0.00, 0.00)
(341.84, 0.00, 0.00)
(341.84, 0.00, 0.00)
(341.84, 0.00, 0.00)
(341.84, 0.00, 0.00)
(343.42, 0.00, 0.00)
(343.42, 0.00, 0.00)
(343.42, 0.00, 0.00)
(341.81, 0.00, 0.00)
(341.81, 0.00, 0.00)
(341.81, 0.00, 0.00)
(341.81, 0.00, 0.00)
(341.81, 0.00, 0.00)
(341.81, 0.00, 0.00)
(341.81, 0.00, 0.00)
(343.78, 0.00, 0.00)
(343.78, 0.00, 0.00)
(343.78, 0.00, 0.00)
(343.78, 0.00, 0.00)
(346.33, 0.00, 0.00)
(346.33, 0.00, 0.00)
(346.33, 0.00, 0.00)
(346.33, 0.00, 0.00)
(346.33, 0.00, 0.00)
(346.13, 0.00, 0.00)
(346.13, 0.00, 0.00)
(346.13, 0.00, 0.00)
(346.13, 0.00, 0.00)
(346.13, 0.00, 0.00)
(343.22, 0.00, 0.00)
(343.22, 0.00, 0.00)
(343.22, 0.00, 0.00)
(343.22, 0.00, 0.00)
(347.29, 0.00, 0.00)
(347.29, 0.00, 0.00)
(347.29, 0.00, 0.00)
(347.29, 0.00, 0.00)
(347.29, 0.00, 0.00)
(351.50, 0.00, 0.00)
(351.50, 0.00, 0.00)
(351.50, 0.00, 0.00)
(352.16, 0.00, 0.00)
(352.16, 0.00, 0.00)
(352.16, 0.00, 0.00)
(352.16, 0.00, 0.00)
(352.16, 0.00, 0.00)
(348.08, 0.00, 0.00)
(348.08, 0.00, 0.00)
(348.08, 0.00, 0.00)
(348.08, 0.00, 0.00)
(348.08, 0.00, 0.00)
(348.08, 0.00, 0.00)
(344.92, 0.00, 0.00)
(344.92, 0.00, 0.00)
(344.92, 0.00, 0.00)
(344.92, 0.00, 0.00)
(344.92, 0.00, 0.00)
(346.85, 0.00, 0.00)
(346.85, 0.00, 0.00)
(346.85, 0.00, 0.00)
(346.85, 0.00, 0.00)
(336.39, 0.00, 0.00)
(336.39, 0.00, 0.00)
(336.39, 0.00, 0.00)
(336.39, 0.00, 0.00)
(329.03, 0.00, 0.00)
(329.03, 0.00, 0.00)
(329.03, 0.00, 0.00)
(319.97, 0.00, 0.00)
(319.97, 0.00, 0.00)
(319.97, 0.00, 0.00)
(319.97, 0.00, 0.00)
(309.62, 0.00, 0.00)
(309.62, 0.00, 0.00)
(309.62, 0.00, 0.00)
(309.62, 0.00, 0.00)
(309.62, 0.00, 0.00)
(309.62, 0.00, 0.00)
(297.72, 0.00, 0.00)
(297.72, 0.00, 0.00)
(297.72, 0.00, 0.00)
(293.47, 0.00, 0.00)
(293.47, 0.00, 0.00)
(293.47, 0.00, 0.00)
(293.47, 0.00, 0.00)
(293.47, 0.00, 0.00)
(293.47, 0.00, 0.00)
(290.53, 0.00, 0.00)
(290.53, 0.00, 0.00)
(290.53, 0.00, 0.00)
(290.53, 0.00, 0.00)
(290.53, 0.00, 0.00)
(293.63, 0.00, 0.00)
(293.63, 0.00, 0.00)
(293.63, 0.00, 0.00)
(296.62, 0.00, 0.00)
(296.62, 0.00, 0.00)
(296.62, 0.00, 0.00)
(296.62, 0.00, 0.00)
(296.62, 0.00, 0.00)
(293.47, 0.00, 0.00)
(293.47, 0.00, 0.00)
(293.47, 0.00, 0.00)
(293.47, 0.00, 0.00)
(293.47, 0.00, 0.00)
(286.21, 0.00, 0.00)
(286.21, 0.00, 0.00)
(286.21, 0.00, 0.00)
(286.21, 0.00, 0.00)
(286.21, 0.00, 0.00)
(286.21, 0.00, 0.00)
(283.20, 0.00, 0.00)
(283.20, 0.00, 0.00)
(283.20, 0.00, 0.00)
(281.88, 0.00, 0.00)
(281.88, 0.00, 0.00)
(281.88, 0.00, 0.00)
(281.88, 0.00, 0.00)
(281.88, 0.00, 0.00)
(281.81, 0.00, 0.00)
(281.81, 0.00, 0.00)
(281.81, 0.00, 0.00)
(281.81, 0.00, 0.00)
(281.81, 0.00, 0.00)
(280.92, 0.00, 0.00)
(280.92, 0.00, 0.00)
(280.92, 0.00, 0.00)
(278.41, 0.00, 0.00)
(278.41, 0.00, 0.00)
(278.41, 0.00, 0.00)
(278.41, 0.00, 0.00)
(278.41, 0.00, 0.00)
(276.71, 0.00, 0.00)
(276.71, 0.00, 0.00)
(276.71, 0.00, 0.00)
(276.71, 0.00, 0.00)
(276.35, 0.00, 0.00)
(276.35, 0.00, 0.00)
(276.35, 0.00, 0.00)
(276.35, 0.00, 0.00)
(276.35, 0.00, 0.00)
(276.35, 0.00, 0.00)
(274.31, 0.00, 0.00)
(274.31, 0.00, 0.00)
(274.31, 0.00, 0.00)
(275.13, 0.00, 0.00)
(275.13, 0.00, 0.00)
(275.13, 0.00, 0.00)
(275.13, 0.00, 0.00)
(273.82, 0.00, 0.00)
(273.82, 0.00, 0.00)
(273.82, 0.00, 0.00)
(273.40, 0.00, 0.00)
(273.40, 0.00, 0.00)
(273.40, 0.00, 0.00)
(273.40, 0.00, 0.00)
(273.40, 0.00, 0.00)
(273.40, 0.00, 0.00)
(273.40, 0.00, 0.00)
(273.03, 0.00, 0.00)
(273.03, 0.00, 0.00)
(273.03, 0.00, 0.00)
(272.92, 0.00, 0.00)
(272.92, 0.00, 0.00)
(272.92, 0.00, 0.00)
(272.92, 0.00, 0.00)
(272.92, 0.00, 0.00)
(272.06, 0.00, 0.00)
(272.06, 0.00, 0.00)
(272.35, 0.00, 0.00)
(272.35, 0.00, 0.00)
(272.35, 0.00, 0.00)
(272.35, 0.00, 0.00)
(272.54, 0.00, 0.00)
(272.54, 0.00, 0.00)
(272.54, 0.00, 0.00)
(272.54, 0.00, 0.00)
(272.54, 0.00, 0.00)
(272.54, 0.00, 0.00)
(272.47, 0.00, 0.00)
(272.47, 0.00, 0.00)
(272.82, 0.00, 0.00)
(272.82, 0.00, 0.00)
(272.82, 0.00, 0.00)
(272.82, 0.00, 0.00)
(272.82, 0.00, 0.00)
(272.82, 0.00, 0.00)
(272.82, 0.00, 0.00)
(272.82, 0.00, 0.00)
(272.82, 0.00, 0.00)
(273.23, 0.00, 0.00)
(273.23, 0.00, 0.00)
(273.23, 0.00, 0.00)
(273.23, 0.00, 0.00)
(273.54, 0.00, 0.00)
(273.54, 0.00, 0.00)
(273.74, 0.00, 0.00)
(273.74, 0.00, 0.00)
(273.74, 0.00, 0.00)
(273.74, 0.00, 0.00)
(273.73, 0.00, 0.00)
(273.73, 0.00, 0.00)
(273.61, 0.00, 0.00)
(273.61, 0.00, 0.00)
(273.61, 0.00, 0.00)
(273.61, 0.00, 0.00)
(273.37, 0.00, 0.00)
(273.37, 0.00, 0.00)
(273.37, 0.00, 0.00)
(273.37, 0.00, 0.00)
(273.34, 0.00, 0.00)
(273.34, 0.00, 0.00)
(273.34, 0.00, 0.00)
(273.34, 0.00, 0.00)
(273.34, 0.00, 0.00)
(273.90, 0.00, 0.00)
(270.78, 0.00, 0.00)
(270.78, 0.00, 0.00)
(270.78, 0.00, 0.00)
(270.78, 0.00, 0.00)
(270.78, 0.00, 0.00)
(270.78, 0.00, 0.00)
(270.78, 0.00, 0.00)
(270.78, 0.00, 0.00)
(270.78, 0.00, 0.00)
(271.00, 0.00, 0.00)
(271.00, 0.00, 0.00)
(271.00, 0.00, 0.00)
(282.92, 0.00, 0.00)
(282.92, 0.00, 0.00)
(282.92, 0.00, 0.00)
(282.92, 0.00, 0.00)
(282.92, 0.00, 0.00)
(282.92, 0.00, 0.00)
(293.23, 0.00, 0.00)
(293.23, 0.00, 0.00)
(297.06, 0.00, 0.00)
(297.06, 0.00, 0.00)
(297.06, 0.00, 0.00)
(297.06, 0.00, 0.00)
(297.06, 0.00, 0.00)
(297.78, 0.00, 0.00)
(297.78, 0.00, 0.00)
(300.38, 0.00, 0.00)
(300.38, 0.00, 0.00)
(300.38, 0.00, 0.00)
(300.38, 0.00, 0.00)
(300.38, 0.00, 0.00)
(300.38, 0.00, 0.00)
(306.12, 0.00, 0.00)
(306.12, 0.00, 0.00)
(306.12, 0.00, 0.00)
(306.12, 0.00, 0.00)
(306.12, 0.00, 0.00)
(306.12, 0.00, 0.00)
(306.12, 0.00, 0.00)
(316.64, 0.00, 0.00)
(316.64, 0.00, 0.00)
(316.64, 0.00, 0.00)
(328.60, 0.00, 0.00)
(328.60, 0.00, 0.00)
(328.60, 0.00, 0.00)
(328.60, 0.00, 0.00)
(328.60, 0.00, 0.00)
(333.98, 0.00, 0.00)
(333.98, 0.00, 0.00)
(333.98, 0.00, 0.00)
(343.36, 0.00, 0.00)
(343.36, 0.00, 0.00)
(343.36, 0.00, 0.00)
(343.36, 0.00, 0.00)
(343.36, 0.00, 0.00)
(342.84, 0.00, 0.00)
(342.84, 0.00, 0.00)
(342.84, 0.00, 0.00)
(342.84, 0.00, 0.00)
(342.84, 0.00, 0.00)
(338.81, 0.00, 0.00)
(338.81, 0.00, 0.00)
(338.81, 0.00, 0.00)
(336.72, 0.00, 0.00)
(336.72, 0.00, 0.00)
(336.72, 0.00, 0.00)
(336.72, 0.00, 0.00)
(336.72, 0.00, 0.00)
(336.72, 0.00, 0.00)
(336.21, 0.00, 0.00)
(336.21, 0.00, 0.00)
(336.21, 0.00, 0.00)
(338.41, 0.00, 0.00)
(338.41, 0.00, 0.00)
(338.41, 0.00, 0.00)
(338.41, 0.00, 0.00)
(341.24, 0.00, 0.00)
(341.24, 0.00, 0.00)
(341.24, 0.00, 0.00)
(341.24, 0.00, 0.00)
(341.24, 0.00, 0.00)
(341.24, 0.00, 0.00)
(341.24, 0.00, 0.00)
(341.24, 0.00, 0.00)
(340.33, 0.00, 0.00)
(340.33, 0.00, 0.00)
(341.78, 0.00, 0.00)
(341.78, 0.00, 0.00)
(341.78, 0.00, 0.00)
(341.78, 0.00, 0.00)
(341.78, 0.00, 0.00)
(341.78, 0.00, 0.00)
(343.21, 0.00, 0.00)
(343.21, 0.00, 0.00)
(343.21, 0.00, 0.00)
(343.65, 0.00, 0.00)
(343.65, 0.00, 0.00)
(343.65, 0.00, 0.00)
(343.65, 0.00, 0.00)
(343.65, 0.00, 0.00)
(343.50, 0.00, 0.00)
(343.50, 0.00, 0.00)
(343.50, 0.00, 0.00)
(343.72, 0.00, 0.00)
(343.72, 0.00, 0.00)
(343.72, 0.00, 0.00)
(343.72, 0.00, 0.00)
(343.72, 0.00, 0.00)
(343.72, 0.00, 0.00)
(343.72, 0.00, 0.00)
(343.95, 0.00, 0.00)
(343.95, 0.00, 0.00)
(343.95, 0.00, 0.00)
(339.46, 0.00, 0.00)
(339.46, 0.00, 0.00)
(339.46, 0.00, 0.00)
(339.46, 0.00, 0.00)
(339.46, 0.00, 0.00)
(333.54, 0.00, 0.00)
(333.54, 0.00, 0.00)
(333.54, 0.00, 0.00)
(326.77, 0.00, 0.00)
(326.77, 0.00, 0.00)
(326.77, 0.00, 0.00)
(326.77, 0.00, 0.00)
(326.77, 0.00, 0.00)
(321.08, 0.00, 0.00)
(321.08, 0.00, 0.00)
(308.10, 0.00, 0.00)
(308.10, 0.00, 0.00)
(308.10, 0.00, 0.00)
(308.10, 0.00, 0.00)
(308.10, 0.00, 0.00)
(298.07, 0.00, 0.00)
(298.07, 0.00, 0.00)
(298.07, 0.00, 0.00)
(298.07, 0.00, 0.00)
(298.07, 0.00, 0.00)
(290.69, 0.00, 0.00)
(290.69, 0.00, 0.00)
(290.69, 0.00, 0.00)
(290.69, 0.00, 0.00)
(290.69, 0.00, 0.00)
(288.61, 0.00, 0.00)
(288.61, 0.00, 0.00)
(288.61, 0.00, 0.00)
(288.67, 0.00, 0.00)
(288.67, 0.00, 0.00)
(288.67, 0.00, 0.00)
(288.67, 0.00, 0.00)
(288.67, 0.00, 0.00)
(288.67, 0.00, 0.00)
(289.95, 0.00, 0.00)
(289.95, 0.00, 0.00)
(289.95, 0.00, 0.00)
(289.95, 0.00, 0.00)
(289.95, 0.00, 0.00)
(288.81, 0.00, 0.00)
(288.81, 0.00, 0.00)
(285.66, 0.00, 0.00)
(285.66, 0.00, 0.00)
(285.66, 0.00, 0.00)
(285.66, 0.00, 0.00)
(285.66, 0.00, 0.00)
(285.66, 0.00, 0.00)
(284.24, 0.00, 0.00)
(284.24, 0.00, 0.00)
(284.24, 0.00, 0.00)
(284.24, 0.00, 0.00)
(284.24, 0.00, 0.00)
(281.74, 0.00, 0.00)
(281.74, 0.00, 0.00)
(281.74, 0.00, 0.00)
(278.83, 0.00, 0.00)
(278.83, 0.00, 0.00)
(278.83, 0.00, 0.00)
(278.83, 0.00, 0.00)
(278.83, 0.00, 0.00)
(278.83, 0.00, 0.00)
(278.21, 0.00, 0.00)
(278.21, 0.00, 0.00)
(278.21, 0.00, 0.00)
(278.21, 0.00, 0.00)
(278.21, 0.00, 0.00)
(276.84, 0.00, 0.00)
(276.84, 0.00, 0.00)
(276.84, 0.00, 0.00)
(276.84, 0.00, 0.00)
(276.23, 0.00, 0.00)
(276.23, 0.00, 0.00)
(276.97, 0.00, 0.00)
(276.97, 0.00, 0.00)
(276.97, 0.00, 0.00)
(276.97, 0.00, 0.00)
(276.97, 0.00, 0.00)
(276.97, 0.00, 0.00)
(275.35, 0.00, 0.00)
(275.35, 0.00, 0.00)
(275.35, 0.00, 0.00)
(275.64, 0.00, 0.00)
(275.64, 0.00, 0.00)
(275.64, 0.00, 0.00)
(275.64, 0.00, 0.00)
(275.64, 0.00, 0.00)
(273.70, 0.00, 0.00)
(273.70, 0.00, 0.00)
(273.70, 0.00, 0.00)
(273.70, 0.00, 0.00)
(273.70, 0.00, 0.00)
(273.70, 0.00, 0.00)
(274.55, 0.00, 0.00)
(274.55, 0.00, 0.00)
(275.07, 0.00, 0.00)
(275.07, 0.00, 0.00)
(275.07, 0.00, 0.00)
(275.07, 0.00, 0.00)
(275.07, 0.00, 0.00)
(274.20, 0.00, 0.00)
(274.20, 0.00, 0.00)
(274.20, 0.00, 0.00)
(274.20, 0.00, 0.00)
(274.97, 0.00, 0.00)
(274.97, 0.00, 0.00)
(274.97, 0.00, 0.00)
(275.00, 0.00, 0.00)
(275.00, 0.00, 0.00)
(275.00, 0.00, 0.00)
(275.00, 0.00, 0.00)
(275.00, 0.00, 0.00)
(275.00, 0.00, 0.00)
(275.28, 0.00, 0.00)
(275.28, 0.00, 0.00)
(275.28, 0.00, 0.00)
(275.28, 0.00, 0.00)
(275.28, 0.00, 0.00)
(275.20, 0.00, 0.00)
(275.20, 0.00, 0.00)
(275.20, 0.00, 0.00)
(274.92, 0.00, 0.00)
(274.92, 0.00, 0.00)
(274.92, 0.00, 0.00)
(274.92, 0.00, 0.00)
(274.92, 0.00, 0.00)
(275.36, 0.00, 0.00)
(275.36, 0.00, 0.00)
(275.36, 0.00, 0.00)
(275.36, 0.00, 0.00)
(275.34, 0.00, 0.00)
(275.34, 0.00, 0.00)
(275.34, 0.00, 0.00)
(275.34, 0.00, 0.00)
(275.34, 0.00, 0.00)
(274.23, 0.00, 0.00)
(274.23, 0.00, 0.00)
(274.23, 0.00, 0.00)
(274.23, 0.00, 0.00)
(274.52, 0.00, 0.00)
(274.52, 0.00, 0.00)
(273.40, 0.00, 0.00)
(273.40, 0.00, 0.00)
(273.40, 0.00, 0.00)
(273.40, 0.00, 0.00)
(273.40, 0.00, 0.00)
(273.40, 0.00, 0.00)
(273.40, 0.00, 0.00)
(273.40, 0.00, 0.00)
(291.45, 0.00, 0.00)
(291.45, 0.00, 0.00)
(291.45, 0.00, 0.00)
(291.45, 0.00, 0.00)
(291.45, 0.00, 0.00)
(298.40, 0.00, 0.00)
(298.40, 0.00, 0.00)
(298.40, 0.00, 0.00)
(298.40, 0.00, 0.00)
(298.40, 0.00, 0.00)
(315.84, 0.00, 0.00)
(315.84, 0.00, 0.00)
(324.09, 0.00, 0.00)
(324.09, 0.00, 0.00)
(324.09, 0.00, 0.00)
(324.09, 0.00, 0.00)
(324.09, 0.00, 0.00)
(324.09, 0.00, 0.00)
(324.09, 0.00, 0.00)
(324.09, 0.00, 0.00)
(324.09, 0.00, 0.00)
(330.04, 0.00, 0.00)
(330.04, 0.00, 0.00)
(333.96, 0.00, 0.00)
(333.96, 0.00, 0.00)
(337.01, 0.00, 0.00)
(337.01, 0.00, 0.00)
(337.01, 0.00, 0.00)
(337.01, 0.00, 0.00)
(337.01, 0.00, 0.00)
(337.01, 0.00, 0.00)
(337.01, 0.00, 0.00)
(337.01, 0.00, 0.00)
(344.57, 0.00, 0.00)
(344.57, 0.00, 0.00)
(344.57, 0.00, 0.00)
(345.44, 0.00, 0.00)
(345.44, 0.00, 0.00)
(345.44, 0.00, 0.00)
(346.26, 0.00, 0.00)
(346.26, 0.00, 0.00)
(346.26, 0.00, 0.00)
(346.26, 0.00, 0.00)
(346.26, 0.00, 0.00)
(349.24, 0.00, 0.00)
(349.24, 0.00, 0.00)
(349.24, 0.00, 0.00)
(349.24, 0.00, 0.00)
(349.24, 0.00, 0.00)
(352.14, 0.00, 0.00)
(352.14, 0.00, 0.00)
(352.14, 0.00, 0.00)
(352.14, 0.00, 0.00)
(352.14, 0.00, 0.00)
(352.14, 0.00, 0.00)
(349.54, 0.00, 0.00)
(349.54, 0.00, 0.00)
(346.90, 0.00, 0.00)
(346.90, 0.00, 0.00)
(346.90, 0.00, 0.00)
(346.90, 0.00, 0.00)
(346.90, 0.00, 0.00)
(346.90, 0.00, 0.00)
(347.61, 0.00, 0.00)
(347.61, 0.00, 0.00)
(347.61, 0.00, 0.00)
(347.61, 0.00, 0.00)
(347.61, 0.00, 0.00)
(347.61, 0.00, 0.00)
(351.28, 0.00, 0.00)
(351.28, 0.00, 0.00)
(351.28, 0.00, 0.00)
(353.08, 0.00, 0.00)
(353.08, 0.00, 0.00)
(353.08, 0.00, 0.00)
(353.08, 0.00, 0.00)
(353.08, 0.00, 0.00)
(348.59, 0.00, 0.00)
(348.59, 0.00, 0.00)
(348.59, 0.00, 0.00)
(348.59, 0.00, 0.00)
(348.59, 0.00, 0.00)
(343.97, 0.00, 0.00)
(343.97, 0.00, 0.00)
(343.97, 0.00, 0.00)
(341.61, 0.00, 0.00)
(341.61, 0.00, 0.00)
(341.61, 0.00, 0.00)
(341.61, 0.00, 0.00)
(341.61, 0.00, 0.00)
(341.61, 0.00, 0.00)
(338.53, 0.00, 0.00)
(338.53, 0.00, 0.00)
(338.53, 0.00, 0.00)
(338.53, 0.00, 0.00)
(338.53, 0.00, 0.00)
(331.58, 0.00, 0.00)
(331.58, 0.00, 0.00)
(331.58, 0.00, 0.00)
(331.58, 0.00, 0.00)
(331.58, 0.00, 0.00)
(331.58, 0.00, 0.00)
(331.58, 0.00, 0.00)
(315.98, 0.00, 0.00)
(315.98, 0.00, 0.00)
(306.68, 0.00, 0.00)
(306.68, 0.00, 0.00)
(306.68, 0.00, 0.00)
(306.68, 0.00, 0.00)
(306.68, 0.00, 0.00)
(293.78, 0.00, 0.00)
(293.78, 0.00, 0.00)
(293.78, 0.00, 0.00)
(293.78, 0.00, 0.00)
(293.78, 0.00, 0.00)
(293.78, 0.00, 0.00)
(283.49, 0.00, 0.00)
(283.49, 0.00, 0.00)
(285.16, 0.00, 0.00)
(285.16, 0.00, 0.00)
(285.16, 0.00, 0.00)
(285.16, 0.00, 0.00)
(285.16, 0.00, 0.00)
(285.16, 0.00, 0.00)
(289.45, 0.00, 0.00)
(289.45, 0.00, 0.00)
(289.45, 0.00, 0.00)
(289.45, 0.00, 0.00)
(289.45, 0.00, 0.00)
(289.45, 0.00, 0.00)
(289.49, 0.00, 0.00)
(289.49, 0.00, 0.00)
(289.49, 0.00, 0.00)
(283.63, 0.00, 0.00)
(283.63, 0.00, 0.00)
(283.63, 0.00, 0.00)
(283.63, 0.00, 0.00)
(283.63, 0.00, 0.00)
(278.26, 0.00, 0.00)
(278.26, 0.00, 0.00)
(278.26, 0.00, 0.00)
(278.26, 0.00, 0.00)
(278.26, 0.00, 0.00)
(278.26, 0.00, 0.00)
(273.70, 0.00, 0.00)
(273.70, 0.00, 0.00)
(273.70, 0.00, 0.00)
(273.70, 0.00, 0.00)
(273.70, 0.00, 0.00)
(273.29, 0.00, 0.00)
(273.29, 0.00, 0.00)
(273.29, 0.00, 0.00)
(273.29, 0.00, 0.00)
(273.29, 0.00, 0.00)
(273.29, 0.00, 0.00)
(276.22, 0.00, 0.00)
(276.22, 0.00, 0.00)
(276.22, 0.00, 0.00)
(275.39, 0.00, 0.00)
(275.39, 0.00, 0.00)
(275.39, 0.00, 0.00)
(275.39, 0.00, 0.00)
(275.39, 0.00, 0.00)
(276.09, 0.00, 0.00)
(276.09, 0.00, 0.00)
(276.00, 0.00, 0.00)
(276.00, 0.00, 0.00)
(276.00, 0.00, 0.00)
(276.00, 0.00, 0.00)
(276.00, 0.00, 0.00)
(276.00, 0.00, 0.00)
(276.00, 0.00, 0.00)
(275.57, 0.00, 0.00)
(275.57, 0.00, 0.00)
(275.57, 0.00, 0.00)
(276.25, 0.00, 0.00)
(276.25, 0.00, 0.00)
(276.25, 0.00, 0.00)
(276.25, 0.00, 0.00)
(276.74, 0.00, 0.00)
(276.74, 0.00, 0.00)
(276.74, 0.00, 0.00)
(276.74, 0.00, 0.00)
(276.66, 0.00, 0.00)
(276.66, 0.00, 0.00)
(276.66, 0.00, 0.00)
(276.66, 0.00, 0.00)
(276.51, 0.00, 0.00)
(276.51, 0.00, 0.00)
(276.51, 0.00, 0.00)
(276.51, 0.00, 0.00)
(276.51, 0.00, 0.00)
(276.44, 0.00, 0.00)
(276.44, 0.00, 0.00)
(276.44, 0.00, 0.00)
(276.59, 0.00, 0.00)
(276.59, 0.00, 0.00)
(276.59, 0.00, 0.00)
(276.59, 0.00, 0.00)
(276.59, 0.00, 0.00)
(276.59, 0.00, 0.00)
(276.32, 0.00, 0.00)
(276.32, 0.00, 0.00)
(276.32, 0.00, 0.00)
(276.32, 0.00, 0.00)
(276.32, 0.00, 0.00)
(276.14, 0.00, 0.00)
(276.14, 0.00, 0.00)
(276.14, 0.00, 0.00)
(276.74, 0.00, 0.00)
(276.74, 0.00, 0.00)
(276.74, 0.00, 0.00)
(276.74, 0.00, 0.00)
(276.74, 0.00, 0.00)
(276.56, 0.00, 0.00)
(276.56, 0.00, 0.00)
(276.60, 0.00, 0.00)
(276.60, 0.00, 0.00)
(276.60, 0.00, 0.00)
(276.60, 0.00, 0.00)
(276.60, 0.00, 0.00)
(276.42, 0.00, 0.00)
(276.42, 0.00, 0.00)
(276.42, 0.00, 0.00)
(276.42, 0.00, 0.00)
(276.42, 0.00, 0.00)
(276.42, 0.00, 0.00)
(276.49, 0.00, 0.00)
(276.49, 0.00, 0.00)
(276.49, 0.00, 0.00)
(276.80, 0.00, 0.00)
(276.80, 0.00, 0.00)
(276.80, 0.00, 0.00)
(276.80, 0.00, 0.00)
(276.80, 0.00, 0.00)
(276.21, 0.00, 0.00)
(276.21, 0.00, 0.00)
(276.21, 0.00, 0.00)
(276.21, 0.00, 0.00)
(276.21, 0.00, 0.00)
(276.18, 0.00, 0.00)
(276.18, 0.00, 0.00)
(276.18, 0.00, 0.00)
(276.18, 0.00, 0.00)
(276.18, 0.00, 0.00)
(276.11, 0.00, 0.00)
(276.11, 0.00, 0.00)
(276.11, 0.00, 0.00)
(275.49, 0.00, 0.00)
(275.49, 0.00, 0.00)
(275.49, 0.00, 0.00)
(275.49, 0.00, 0.00)
(275.49, 0.00, 0.00)
(274.41, 0.00, 0.00)
(274.41, 0.00, 0.00)
(274.41, 0.00, 0.00)
(273.94, 0.00, 0.00)
(273.94, 0.00, 0.00)
(273.94, 0.00, 0.00)
(273.94, 0.00, 0.00)
(273.94, 0.00, 0.00)
(273.67, 0.00, 0.00)
(273.67, 0.00, 0.00)
(273.67, 0.00, 0.00)
(273.67, 0.00, 0.00)
(273.67, 0.00, 0.00)
(273.67, 0.00, 0.00)
(283.83, 0.00, 0.00)
(283.83, 0.00, 0.00)
(283.83, 0.00, 0.00)
(283.83, 0.00, 0.00)
(281.57, 0.00, 0.00)
(281.57, 0.00, 0.00)
(281.57, 0.00, 0.00)
(292.50, 0.00, 0.00)
(292.50, 0.00, 0.00)
(292.50, 0.00, 0.00)
(292.50, 0.00, 0.00)
(292.50, 0.00, 0.00)
(292.50, 0.00, 0.00)
(297.37, 0.00, 0.00)
(297.37, 0.00, 0.00)
(297.37, 0.00, 0.00)
(297.37, 0.00, 0.00)
(318.37, 0.00, 0.00)
(318.37, 0.00, 0.00)
(318.37, 0.00, 0.00)
(318.37, 0.00, 0.00)
(328.14, 0.00, 0.00)
(328.14, 0.00, 0.00)
(328.14, 0.00, 0.00)
(328.14, 0.00, 0.00)
(328.14, 0.00, 0.00)
(320.76, 0.00, 0.00)
(320.76, 0.00, 0.00)
(320.76, 0.00, 0.00)
(320.76, 0.00, 0.00)
(328.87, 0.00, 0.00)
(328.87, 0.00, 0.00)
(328.87, 0.00, 0.00)
(328.87, 0.00, 0.00)
(328.87, 0.00, 0.00)
(328.87, 0.00, 0.00)
(331.78, 0.00, 0.00)
(331.78, 0.00, 0.00)
(331.78, 0.00, 0.00)
(338.28, 0.00, 0.00)
(338.28, 0.00, 0.00)
(338.28, 0.00, 0.00)
(338.28, 0.00, 0.00)
(338.28, 0.00, 0.00)
(338.28, 0.00, 0.00)
(338.28, 0.00, 0.00)
(338.28, 0.00, 0.00)
(348.27, 0.00, 0.00)
(348.27, 0.00, 0.00)
(348.27, 0.00, 0.00)
(348.27, 0.00, 0.00)
(348.27, 0.00, 0.00)
(355.43, 0.00, 0.00)
(355.43, 0.00, 0.00)
(355.43, 0.00, 0.00)
(355.43, 0.00, 0.00)
(4.72, 0.00, 0.00)
(4.72, 0.00, 0.00)
(4.72, 0.00, 0.00)
(4.72, 0.00, 0.00)
(4.72, 0.00, 0.00)
(4.72, 0.00, 0.00)
(2.57, 0.00, 0.00)
(2.57, 0.00, 0.00)
(2.57, 0.00, 0.00)
(353.82, 0.00, 0.00)
(353.82, 0.00, 0.00)
(353.82, 0.00, 0.00)
(353.82, 0.00, 0.00)
(353.82, 0.00, 0.00)
(351.69, 0.00, 0.00)
(351.69, 0.00, 0.00)
(351.69, 0.00, 0.00)
(351.69, 0.00, 0.00)
(351.69, 0.00, 0.00)
(351.69, 0.00, 0.00)
(353.52, 0.00, 0.00)
(353.52, 0.00, 0.00)
(353.52, 0.00, 0.00)
(357.12, 0.00, 0.00)
(357.12, 0.00, 0.00)
(357.12, 0.00, 0.00)
(357.12, 0.00, 0.00)
(357.12, 0.00, 0.00)
(0.58, 0.00, 0.00)
(0.58, 0.00, 0.00)
(0.58, 0.00, 0.00)
(0.58, 0.00, 0.00)
(0.58, 0.00, 0.00)
(0.92, 0.00, 0.00)
(0.92, 0.00, 0.00)
(0.92, 0.00, 0.00)
(357.97, 0.00, 0.00)
(357.97, 0.00, 0.00)
(357.97, 0.00, 0.00)
(357.97, 0.00, 0.00)
(349.25, 0.00, 0.00)
(349.25, 0.00, 0.00)
(349.25, 0.00, 0.00)
(349.25, 0.00, 0.00)
(349.25, 0.00, 0.00)
(349.25, 0.00, 0.00)
(341.41, 0.00, 0.00)
(341.41, 0.00, 0.00)
(341.41, 0.00, 0.00)
(320.71, 0.00, 0.00)
(320.71, 0.00, 0.00)
(320.71, 0.00, 0.00)
(320.71, 0.00, 0.00)
(309.22, 0.00, 0.00)
(309.22, 0.00, 0.00)
(309.22, 0.00, 0.00)
(309.22, 0.00, 0.00)
(309.22, 0.00, 0.00)
(309.22, 0.00, 0.00)
(309.22, 0.00, 0.00)
(309.22, 0.00, 0.00)
(309.22, 0.00, 0.00)
(291.82, 0.00, 0.00)
(291.82, 0.00, 0.00)
(291.82, 0.00, 0.00)
(291.82, 0.00, 0.00)
(291.82, 0.00, 0.00)
(291.82, 0.00, 0.00)
(291.82, 0.00, 0.00)
(291.82, 0.00, 0.00)
(291.82, 0.00, 0.00)
(295.21, 0.00, 0.00)
(295.21, 0.00, 0.00)
(295.21, 0.00, 0.00)
(301.28, 0.00, 0.00)
(301.28, 0.00, 0.00)
(301.28, 0.00, 0.00)
(301.28, 0.00, 0.00)
(301.28, 0.00, 0.00)
(299.74, 0.00, 0.00)
(299.74, 0.00, 0.00)
(289.69, 0.00, 0.00)
(289.69, 0.00, 0.00)
(289.69, 0.00, 0.00)
(289.69, 0.00, 0.00)
(289.69, 0.00, 0.00)
(289.69, 0.00, 0.00)
(284.68, 0.00, 0.00)
(284.68, 0.00, 0.00)
(284.68, 0.00, 0.00)
(286.54, 0.00, 0.00)
(286.54, 0.00, 0.00)
(286.54, 0.00, 0.00)
(286.54, 0.00, 0.00)
(286.54, 0.00, 0.00)
(286.54, 0.00, 0.00)
(286.54, 0.00, 0.00)
(286.54, 0.00, 0.00)
(286.54, 0.00, 0.00)
(287.07, 0.00, 0.00)
(287.07, 0.00, 0.00)
(279.91, 0.00, 0.00)
(279.91, 0.00, 0.00)
(279.91, 0.00, 0.00)
(279.91, 0.00, 0.00)
(279.91, 0.00, 0.00)
(279.91, 0.00, 0.00)
(274.96, 0.00, 0.00)
(274.96, 0.00, 0.00)
(275.54, 0.00, 0.00)
(275.54, 0.00, 0.00)
(275.54, 0.00, 0.00)
(275.54, 0.00, 0.00)
(275.54, 0.00, 0.00)
(276.56, 0.00, 0.00)
(276.56, 0.00, 0.00)
(276.56, 0.00, 0.00)
(276.56, 0.00, 0.00)
(276.56, 0.00, 0.00)
(276.56, 0.00, 0.00)
(272.57, 0.00, 0.00)
(272.57, 0.00, 0.00)
(272.57, 0.00, 0.00)
(277.69, 0.00, 0.00)
(277.69, 0.00, 0.00)
(277.69, 0.00, 0.00)
(277.69, 0.00, 0.00)
(277.69, 0.00, 0.00)
(277.69, 0.00, 0.00)
(276.68, 0.00, 0.00)
(276.68, 0.00, 0.00)
(276.68, 0.00, 0.00)
(276.68, 0.00, 0.00)
(276.68, 0.00, 0.00)
(276.24, 0.00, 0.00)
(276.24, 0.00, 0.00)
(276.24, 0.00, 0.00)
(276.50, 0.00, 0.00)
(276.50, 0.00, 0.00)
(276.50, 0.00, 0.00)
(278.03, 0.00, 0.00)
(278.03, 0.00, 0.00)
(278.03, 0.00, 0.00)
(278.03, 0.00, 0.00)
(278.03, 0.00, 0.00)
(282.38, 0.00, 0.00)
(282.38, 0.00, 0.00)
(282.38, 0.00, 0.00)
(282.38, 0.00, 0.00)
(278.48, 0.00, 0.00)
(278.48, 0.00, 0.00)
(278.48, 0.00, 0.00)
(279.29, 0.00, 0.00)
(279.29, 0.00, 0.00)
(279.29, 0.00, 0.00)
(279.29, 0.00, 0.00)
(279.29, 0.00, 0.00)
(279.00, 0.00, 0.00)
(279.00, 0.00, 0.00)
(279.00, 0.00, 0.00)
(279.00, 0.00, 0.00)
(279.00, 0.00, 0.00)
(280.21, 0.00, 0.00)
(280.21, 0.00, 0.00)
(280.21, 0.00, 0.00)
(280.21, 0.00, 0.00)
(280.21, 0.00, 0.00)
(279.44, 0.00, 0.00)
(279.44, 0.00, 0.00)
(279.44, 0.00, 0.00)
(279.17, 0.00, 0.00)
(279.17, 0.00, 0.00)
(279.17, 0.00, 0.00)
(279.17, 0.00, 0.00)
(279.17, 0.00, 0.00)
(278.73, 0.00, 0.00)
(278.73, 0.00, 0.00)
(278.73, 0.00, 0.00)
(278.68, 0.00, 0.00)
(278.68, 0.00, 0.00)
(278.68, 0.00, 0.00)
(278.68, 0.00, 0.00)
(278.68, 0.00, 0.00)
(278.71, 0.00, 0.00)
(278.71, 0.00, 0.00)
(278.71, 0.00, 0.00)
(278.71, 0.00, 0.00)
(278.71, 0.00, 0.00)
(278.64, 0.00, 0.00)
(278.64, 0.00, 0.00)
(278.64, 0.00, 0.00)
(278.64, 0.00, 0.00)
(278.64, 0.00, 0.00)
(277.90, 0.00, 0.00)
(277.90, 0.00, 0.00)
(277.90, 0.00, 0.00)
(277.90, 0.00, 0.00)
(277.90, 0.00, 0.00)
(278.17, 0.00, 0.00)
(278.17, 0.00, 0.00)
(278.17, 0.00, 0.00)
(277.85, 0.00, 0.00)
(277.85, 0.00, 0.00)
(277.85, 0.00, 0.00)
(277.85, 0.00, 0.00)
(277.85, 0.00, 0.00)
(277.85, 0.00, 0.00)
(277.52, 0.00, 0.00)
(277.52, 0.00, 0.00)
(277.52, 0.00, 0.00)
(277.53, 0.00, 0.00)
(277.53, 0.00, 0.00)
(277.53, 0.00, 0.00)
(277.53, 0.00, 0.00)
(277.41, 0.00, 0.00)
(277.41, 0.00, 0.00)
(277.41, 0.00, 0.00)
(277.41, 0.00, 0.00)
(277.41, 0.00, 0.00)
(277.41, 0.00, 0.00)
(277.26, 0.00, 0.00)
(277.26, 0.00, 0.00)
(277.01, 0.00, 0.00)
(277.01, 0.00, 0.00)
(277.01, 0.00, 0.00)
(277.01, 0.00, 0.00)
(277.01, 0.00, 0.00)
(277.43, 0.00, 0.00)
(277.65, 0.00, 0.00)
(277.65, 0.00, 0.00)
(277.65, 0.00, 0.00)
(277.46, 0.00, 0.00)
(277.46, 0.00, 0.00)
(277.46, 0.00, 0.00)
(277.46, 0.00, 0.00)
(277.46, 0.00, 0.00)
(277.22, 0.00, 0.00)
(277.22, 0.00, 0.00)
(277.22, 0.00, 0.00)
(277.22, 0.00, 0.00)
(277.22, 0.00, 0.00)
(276.65, 0.00, 0.00)
(276.65, 0.00, 0.00)
(276.65, 0.00, 0.00)
(276.65, 0.00, 0.00)
(276.48, 0.00, 0.00)
(276.48, 0.00, 0.00)
(276.48, 0.00, 0.00)
(276.48, 0.00, 0.00)
(276.48, 0.00, 0.00)
(276.59, 0.00, 0.00)
(276.59, 0.00, 0.00)
(276.83, 0.00, 0.00)
(276.83, 0.00, 0.00)
(276.83, 0.00, 0.00)
(276.83, 0.00, 0.00)
(276.61, 0.00, 0.00)
(276.61, 0.00, 0.00)
(276.61, 0.00, 0.00)
(276.61, 0.00, 0.00)
(276.61, 0.00, 0.00)
(276.61, 0.00, 0.00)
(276.63, 0.00, 0.00)
(276.63, 0.00, 0.00)
(276.45, 0.00, 0.00)
(276.45, 0.00, 0.00)
(276.45, 0.00, 0.00)
(276.45, 0.00, 0.00)
(276.45, 0.00, 0.00)
(276.45, 0.00, 0.00)
(276.12, 0.00, 0.00)
(276.12, 0.00, 0.00)
(276.12, 0.00, 0.00)
(276.12, 0.00, 0.00)
(276.12, 0.00, 0.00)
(276.12, 0.00, 0.00)
(276.59, 0.00, 0.00)
(276.59, 0.00, 0.00)
(276.59, 0.00, 0.00)
(276.59, 0.00, 0.00)
(276.59, 0.00, 0.00)
(276.59, 0.00, 0.00)
(277.32, 0.00, 0.00)
(277.32, 0.00, 0.00)
(277.29, 0.00, 0.00)
(277.29, 0.00, 0.00)
(277.29, 0.00, 0.00)
(277.29, 0.00, 0.00)
(277.28, 0.00, 0.00)
(277.28, 0.00, 0.00)
(277.28, 0.00, 0.00)
(277.28, 0.00, 0.00)
(277.28, 0.00, 0.00)
(277.28, 0.00, 0.00)
(276.67, 0.00, 0.00)
(276.67, 0.00, 0.00)
(276.67, 0.00, 0.00)
(276.56, 0.00, 0.00)
(276.56, 0.00, 0.00)
(276.56, 0.00, 0.00)
(276.56, 0.00, 0.00)
(276.56, 0.00, 0.00)
(276.56, 0.00, 0.00)
(277.10, 0.00, 0.00)
(277.10, 0.00, 0.00)
(277.10, 0.00, 0.00)
(277.10, 0.00, 0.00)
(277.10, 0.00, 0.00)
(277.33, 0.00, 0.00)
(277.33, 0.00, 0.00)
(277.33, 0.00, 0.00)
(277.02, 0.00, 0.00)
(277.02, 0.00, 0.00)
(277.02, 0.00, 0.00)
(277.02, 0.00, 0.00)
(277.02, 0.00, 0.00)
(276.80, 0.00, 0.00)
(276.80, 0.00, 0.00)
(276.80, 0.00, 0.00)
(276.80, 0.00, 0.00)
(276.80, 0.00, 0.00)
(276.80, 0.00, 0.00)
(276.83, 0.00, 0.00)
(276.83, 0.00, 0.00)
(276.83, 0.00, 0.00)
(277.21, 0.00, 0.00)
(277.21, 0.00, 0.00)
(277.21, 0.00, 0.00)
(277.21, 0.00, 0.00)
(277.21, 0.00, 0.00)
(277.21, 0.00, 0.00)
(277.38, 0.00, 0.00)
(277.38, 0.00, 0.00)
(277.38, 0.00, 0.00)
(277.38, 0.00, 0.00)
(277.38, 0.00, 0.00)
(277.38, 0.00, 0.00)
(277.38, 0.00, 0.00)
(277.38, 0.00, 0.00)
(277.04, 0.00, 0.00)
(277.04, 0.00, 0.00)
(277.04, 0.00, 0.00)
(277.04, 0.00, 0.00)
(277.04, 0.00, 0.00)
(277.04, 0.00, 0.00)
(277.04, 0.00, 0.00)
(277.04, 0.00, 0.00)
(277.00, 0.00, 0.00)
(277.00, 0.00, 0.00)
(277.00, 0.00, 0.00)
(277.27, 0.00, 0.00)
(277.27, 0.00, 0.00)
(277.27, 0.00, 0.00)
(277.27, 0.00, 0.00)
(277.27, 0.00, 0.00)
(277.27, 0.00, 0.00)
(276.90, 0.00, 0.00)
(276.90, 0.00, 0.00)
(276.90, 0.00, 0.00)
(277.28, 0.00, 0.00)
(277.28, 0.00, 0.00)
(277.28, 0.00, 0.00)
(277.28, 0.00, 0.00)
(277.28, 0.00, 0.00)
(276.87, 0.00, 0.00)
(276.87, 0.00, 0.00)
(276.87, 0.00, 0.00)
(276.87, 0.00, 0.00)
(276.87, 0.00, 0.00)
(276.61, 0.00, 0.00)
(276.61, 0.00, 0.00)
(276.61, 0.00, 0.00)
(276.81, 0.00, 0.00)
(276.81, 0.00, 0.00)
(276.81, 0.00, 0.00)
(276.81, 0.00, 0.00)
(276.81, 0.00, 0.00)
(276.81, 0.00, 0.00)
(276.79, 0.00, 0.00)
(276.79, 0.00, 0.00)
(276.79, 0.00, 0.00)
(276.79, 0.00, 0.00)
(276.79, 0.00, 0.00)
(276.79, 0.00, 0.00)
(276.85, 0.00, 0.00)
(276.85, 0.00, 0.00)
(276.85, 0.00, 0.00)
(276.84, 0.00, 0.00)
(276.84, 0.00, 0.00)
(276.84, 0.00, 0.00)
(276.84, 0.00, 0.00)
(276.84, 0.00, 0.00)
(276.84, 0.00, 0.00)
(276.74, 0.00, 0.00)
(276.74, 0.00, 0.00)
(276.74, 0.00, 0.00)
(276.74, 0.00, 0.00)
(276.74, 0.00, 0.00)
(276.74, 0.00, 0.00)
(276.74, 0.00, 0.00)
(276.74, 0.00, 0.00)
(276.91, 0.00, 0.00)
(276.91, 0.00, 0.00)
(276.91, 0.00, 0.00)
(276.91, 0.00, 0.00)
(276.91, 0.00, 0.00)
(276.77, 0.00, 0.00)
(276.77, 0.00, 0.00)
(276.77, 0.00, 0.00)
(276.77, 0.00, 0.00)
(276.77, 0.00, 0.00)
(276.79, 0.00, 0.00)
(276.79, 0.00, 0.00)
(276.79, 0.00, 0.00)
(276.79, 0.00, 0.00)
(276.79, 0.00, 0.00)
(276.79, 0.00, 0.00)
(276.88, 0.00, 0.00)
(276.88, 0.00, 0.00)
(276.88, 0.00, 0.00)
(276.93, 0.00, 0.00)
(276.93, 0.00, 0.00)
(276.93, 0.00, 0.00)
(276.77, 0.00, 0.00)
(276.77, 0.00, 0.00)
(276.77, 0.00, 0.00)
(276.77, 0.00, 0.00)
(276.77, 0.00, 0.00)
(276.77, 0.00, 0.00)
(276.77, 0.00, 0.00)
(277.07, 0.00, 0.00)
(277.07, 0.00, 0.00)
(277.07, 0.00, 0.00)
(277.10, 0.00, 0.00)
(277.10, 0.00, 0.00)
(277.10, 0.00, 0.00)
(277.10, 0.00, 0.00)
(277.10, 0.00, 0.00)
(277.10, 0.00, 0.00)
(276.70, 0.00, 0.00)
(276.70, 0.00, 0.00)
(276.70, 0.00, 0.00)
(276.55, 0.00, 0.00)
(276.55, 0.00, 0.00)
(276.55, 0.00, 0.00)
(276.55, 0.00, 0.00)
(276.55, 0.00, 0.00)
(276.86, 0.00, 0.00)
(276.86, 0.00, 0.00)
(276.86, 0.00, 0.00)
(277.03, 0.00, 0.00)
(277.03, 0.00, 0.00)
(277.03, 0.00, 0.00)
(277.03, 0.00, 0.00)
(277.03, 0.00, 0.00)
(277.01, 0.00, 0.00)
(277.01, 0.00, 0.00)
(276.58, 0.00, 0.00)
(276.58, 0.00, 0.00)
(276.58, 0.00, 0.00)
(276.58, 0.00, 0.00)
(276.58, 0.00, 0.00)
(276.58, 0.00, 0.00)
(276.58, 0.00, 0.00)
(276.58, 0.00, 0.00)
(276.58, 0.00, 0.00)
(277.03, 0.00, 0.00)
(277.03, 0.00, 0.00)
(277.03, 0.00, 0.00)
(276.67, 0.00, 0.00)
(276.67, 0.00, 0.00)
(276.67, 0.00, 0.00)
(276.67, 0.00, 0.00)
(276.67, 0.00, 0.00)
(276.67, 0.00, 0.00)
(276.67, 0.00, 0.00)
(276.71, 0.00, 0.00)
(276.71, 0.00, 0.00)
(276.75, 0.00, 0.00)
(276.75, 0.00, 0.00)
(276.75, 0.00, 0.00)
(276.75, 0.00, 0.00)
(276.75, 0.00, 0.00)
(276.54, 0.00, 0.00)
(276.54, 0.00, 0.00)
(276.54, 0.00, 0.00)
(276.97, 0.00, 0.00)
(276.97, 0.00, 0.00)
(276.97, 0.00, 0.00)
(276.97, 0.00, 0.00)
(276.97, 0.00, 0.00)
(276.97, 0.00, 0.00)
(276.86, 0.00, 0.00)
(276.86, 0.00, 0.00)
(276.86, 0.00, 0.00)
(276.86, 0.00, 0.00)
(276.86, 0.00, 0.00)
(276.86, 0.00, 0.00)
(276.49, 0.00, 0.00)
(276.49, 0.00, 0.00)
(276.49, 0.00, 0.00)
(276.15, 0.00, 0.00)
(276.15, 0.00, 0.00)
(276.15, 0.00, 0.00)
(276.15, 0.00, 0.00)
(276.15, 0.00, 0.00)
(276.84, 0.00, 0.00)
(276.84, 0.00, 0.00)
(276.84, 0.00, 0.00)
(276.84, 0.00, 0.00)
(276.84, 0.00, 0.00)
(277.01, 0.00, 0.00)
(277.01, 0.00, 0.00)
(277.01, 0.00, 0.00)
(277.01, 0.00, 0.00)
(277.01, 0.00, 0.00)
(277.01, 0.00, 0.00)
(276.65, 0.00, 0.00)
(276.65, 0.00, 0.00)
(276.72, 0.00, 0.00)
(276.72, 0.00, 0.00)
(276.72, 0.00, 0.00)
(276.72, 0.00, 0.00)
(276.72, 0.00, 0.00)
(276.72, 0.00, 0.00)
(276.72, 0.00, 0.00)
(276.72, 0.00, 0.00)
(276.72, 0.00, 0.00)
(277.19, 0.00, 0.00)
(277.19, 0.00, 0.00)
(277.19, 0.00, 0.00)
(277.19, 0.00, 0.00)
(276.73, 0.00, 0.00)
(276.73, 0.00, 0.00)
(276.73, 0.00, 0.00)
(276.73, 0.00, 0.00)
(276.73, 0.00, 0.00)
(276.49, 0.00, 0.00)
(276.49, 0.00, 0.00)
(276.29, 0.00, 0.00)
(276.29, 0.00, 0.00)
(276.29, 0.00, 0.00)
(276.29, 0.00, 0.00)
(276.29, 0.00, 0.00)
(276.29, 0.00, 0.00)
(276.30, 0.00, 0.00)
(276.30, 0.00, 0.00)
(276.30, 0.00, 0.00)
(276.30, 0.00, 0.00)
(276.30, 0.00, 0.00)
(276.37, 0.00, 0.00)
(276.37, 0.00, 0.00)
(276.37, 0.00, 0.00)
(276.24, 0.00, 0.00)
(276.24, 0.00, 0.00)
(276.24, 0.00, 0.00)
(276.24, 0.00, 0.00)
(276.24, 0.00, 0.00)
(276.24, 0.00, 0.00)
(276.24, 0.00, 0.00)
(276.24, 0.00, 0.00)
(276.24, 0.00, 0.00)
(276.36, 0.00, 0.00)
(276.36, 0.00, 0.00)
(276.36, 0.00, 0.00)
(276.36, 0.00, 0.00)
(276.36, 0.00, 0.00)
(276.22, 0.00, 0.00)
(276.22, 0.00, 0.00)
(276.22, 0.00, 0.00)
(276.22, 0.00, 0.00)
(276.22, 0.00, 0.00)
(276.22, 0.00, 0.00)
(276.49, 0.00, 0.00)
(276.49, 0.00, 0.00)
(276.49, 0.00, 0.00)
(276.49, 0.00, 0.00)
(276.49, 0.00, 0.00)
(276.49, 0.00, 0.00)
(276.41, 0.00, 0.00)
(276.41, 0.00, 0.00)
(276.06, 0.00, 0.00)
(276.06, 0.00, 0.00)
(276.06, 0.00, 0.00)
(276.06, 0.00, 0.00)
(276.06, 0.00, 0.00)
(276.06, 0.00, 0.00)
(276.31, 0.00, 0.00)
(276.31, 0.00, 0.00)
(276.31, 0.00, 0.00)
(276.06, 0.00, 0.00)
(276.06, 0.00, 0.00)
(276.06, 0.00, 0.00)
(276.06, 0.00, 0.00)
(276.06, 0.00, 0.00)
(276.08, 0.00, 0.00)
(276.08, 0.00, 0.00)
(276.08, 0.00, 0.00)
(276.08, 0.00, 0.00)
(276.08, 0.00, 0.00)
(276.08, 0.00, 0.00)
(276.07, 0.00, 0.00)
(276.07, 0.00, 0.00)
(276.07, 0.00, 0.00)
(276.07, 0.00, 0.00)
(276.07, 0.00, 0.00)
(276.07, 0.00, 0.00)
(276.16, 0.00, 0.00)
(276.16, 0.00, 0.00)
(276.16, 0.00, 0.00)
(276.32, 0.00, 0.00)
(276.32, 0.00, 0.00)
(276.32, 0.00, 0.00)
(276.32, 0.00, 0.00)
(276.32, 0.00, 0.00)
(276.32, 0.00, 0.00)
(276.25, 0.00, 0.00)
(276.25, 0.00, 0.00)
(276.25, 0.00, 0.00)
(276.25, 0.00, 0.00)
(276.25, 0.00, 0.00)
(275.77, 0.00, 0.00)
(275.77, 0.00, 0.00)
(275.77, 0.00, 0.00)
(275.55, 0.00, 0.00)
(275.55, 0.00, 0.00)
(275.55, 0.00, 0.00)
(275.55, 0.00, 0.00)
(275.55, 0.00, 0.00)
(275.55, 0.00, 0.00)
(275.78, 0.00, 0.00)
(275.78, 0.00, 0.00)
(275.78, 0.00, 0.00)
(275.78, 0.00, 0.00)
(275.78, 0.00, 0.00)
(275.78, 0.00, 0.00)
(275.97, 0.00, 0.00)
(275.97, 0.00, 0.00)
(275.97, 0.00, 0.00)
(275.99, 0.00, 0.00)
(275.99, 0.00, 0.00)
(275.99, 0.00, 0.00)
(275.99, 0.00, 0.00)
(275.99, 0.00, 0.00)
(275.99, 0.00, 0.00)
(275.78, 0.00, 0.00)
(275.78, 0.00, 0.00)
(275.78, 0.00, 0.00)
(275.78, 0.00, 0.00)
(275.78, 0.00, 0.00)
(275.91, 0.00, 0.00)
(275.91, 0.00, 0.00)
(275.91, 0.00, 0.00)
(275.91, 0.00, 0.00)
(275.91, 0.00, 0.00)
(275.70, 0.00, 0.00)
(275.70, 0.00, 0.00)
(275.70, 0.00, 0.00)
(275.70, 0.00, 0.00)
(275.70, 0.00, 0.00)
(275.70, 0.00, 0.00)
(275.70, 0.00, 0.00)
(275.52, 0.00, 0.00)
(275.52, 0.00, 0.00)
(275.76, 0.00, 0.00)
(275.76, 0.00, 0.00)
(275.76, 0.00, 0.00)
(275.76, 0.00, 0.00)
(275.88, 0.00, 0.00)
(275.88, 0.00, 0.00)
(275.88, 0.00, 0.00)
(275.88, 0.00, 0.00)
(275.88, 0.00, 0.00)
(275.88, 0.00, 0.00)
(275.61, 0.00, 0.00)
(275.61, 0.00, 0.00)
(275.61, 0.00, 0.00)
(275.61, 0.00, 0.00)
(275.61, 0.00, 0.00)
(275.85, 0.00, 0.00)
(275.85, 0.00, 0.00)
(275.85, 0.00, 0.00)
(275.85, 0.00, 0.00)
(275.81, 0.00, 0.00)
(275.81, 0.00, 0.00)
(275.81, 0.00, 0.00)
(275.81, 0.00, 0.00)
(275.32, 0.00, 0.00)
(275.32, 0.00, 0.00)
(275.32, 0.00, 0.00)
(275.32, 0.00, 0.00)
(275.32, 0.00, 0.00)
(276.14, 0.00, 0.00)
(276.14, 0.00, 0.00)
(276.14, 0.00, 0.00)
(276.14, 0.00, 0.00)
(276.14, 0.00, 0.00)
(276.14, 0.00, 0.00)
(275.50, 0.00, 0.00)
(275.50, 0.00, 0.00)
(275.50, 0.00, 0.00)
(275.28, 0.00, 0.00)
(275.28, 0.00, 0.00)
(275.28, 0.00, 0.00)
(275.28, 0.00, 0.00)
(275.28, 0.00, 0.00)
(275.73, 0.00, 0.00)
(275.73, 0.00, 0.00)
(275.73, 0.00, 0.00)
(275.73, 0.00, 0.00)
(275.73, 0.00, 0.00)
(275.33, 0.00, 0.00)
(275.33, 0.00, 0.00)
(275.33, 0.00, 0.00)
(275.33, 0.00, 0.00)
(275.33, 0.00, 0.00)
(275.33, 0.00, 0.00)
(275.28, 0.00, 0.00)
(275.28, 0.00, 0.00)
(275.28, 0.00, 0.00)
(275.25, 0.00, 0.00)
(275.25, 0.00, 0.00)
(275.25, 0.00, 0.00)
(275.25, 0.00, 0.00)
(275.25, 0.00, 0.00)
(275.25, 0.00, 0.00)
(275.25, 0.00, 0.00)
(275.25, 0.00, 0.00)
(275.10, 0.00, 0.00)
(275.10, 0.00, 0.00)
(275.10, 0.00, 0.00)
(275.46, 0.00, 0.00)
(275.46, 0.00, 0.00)
(275.46, 0.00, 0.00)
(275.45, 0.00, 0.00)
(275.45, 0.00, 0.00)
(275.45, 0.00, 0.00)
(275.45, 0.00, 0.00)
(275.35, 0.00, 0.00)
(275.35, 0.00, 0.00)
(275.35, 0.00, 0.00)
(275.35, 0.00, 0.00)
(275.35, 0.00, 0.00)
(275.35, 0.00, 0.00)
(275.60, 0.00, 0.00)
(275.60, 0.00, 0.00)
(275.60, 0.00, 0.00)
(275.60, 0.00, 0.00)
(275.82, 0.00, 0.00)
(275.82, 0.00, 0.00)
(275.82, 0.00, 0.00)
(275.82, 0.00, 0.00)
(275.68, 0.00, 0.00)
(275.68, 0.00, 0.00)
(275.68, 0.00, 0.00)
(275.68, 0.00, 0.00)
(275.68, 0.00, 0.00)
(275.68, 0.00, 0.00)
(276.80, 0.00, 0.00)
(276.80, 0.00, 0.00)
(276.80, 0.00, 0.00)
(276.80, 0.00, 0.00)
(276.80, 0.00, 0.00)
(276.45, 0.00, 0.00)
(276.45, 0.00, 0.00)
(276.45, 0.00, 0.00)
(276.09, 0.00, 0.00)
(276.09, 0.00, 0.00)
(276.09, 0.00, 0.00)
(276.09, 0.00, 0.00)
(276.09, 0.00, 0.00)
(276.09, 0.00, 0.00)
(277.70, 0.00, 0.00)
(277.70, 0.00, 0.00)
(277.70, 0.00, 0.00)
(277.70, 0.00, 0.00)
(277.70, 0.00, 0.00)
(277.70, 0.00, 0.00)
(277.70, 0.00, 0.00)
(277.70, 0.00, 0.00)
(277.71, 0.00, 0.00)
(277.71, 0.00, 0.00)
(277.71, 0.00, 0.00)
(277.71, 0.00, 0.00)
(277.14, 0.00, 0.00)
(277.14, 0.00, 0.00)
(277.14, 0.00, 0.00)
(277.14, 0.00, 0.00)
(277.14, 0.00, 0.00)
(277.41, 0.00, 0.00)
(277.41, 0.00, 0.00)
(274.88, 0.00, 0.00)
(274.88, 0.00, 0.00)
(274.88, 0.00, 0.00)
(274.88, 0.00, 0.00)
(274.88, 0.00, 0.00)
(274.88, 0.00, 0.00)
(274.55, 0.00, 0.00)
(274.55, 0.00, 0.00)
(274.55, 0.00, 0.00)
(274.55, 0.00, 0.00)
(274.55, 0.00, 0.00)
(279.05, 0.00, 0.00)
(279.05, 0.00, 0.00)
(279.05, 0.00, 0.00)
(281.02, 0.00, 0.00)
(281.02, 0.00, 0.00)
(281.02, 0.00, 0.00)
(281.02, 0.00, 0.00)
(281.02, 0.00, 0.00)
(281.02, 0.00, 0.00)
(276.95, 0.00, 0.00)
(276.95, 0.00, 0.00)
(276.95, 0.00, 0.00)
(279.75, 0.00, 0.00)
(279.75, 0.00, 0.00)
(279.75, 0.00, 0.00)
(279.75, 0.00, 0.00)
(279.75, 0.00, 0.00)
(284.00, 0.00, 0.00)
(284.00, 0.00, 0.00)
(288.22, 0.00, 0.00)
(288.22, 0.00, 0.00)
(288.22, 0.00, 0.00)
(288.22, 0.00, 0.00)
(288.22, 0.00, 0.00)
(288.22, 0.00, 0.00)
(296.32, 0.00, 0.00)
(296.32, 0.00, 0.00)
(296.32, 0.00, 0.00)
(296.32, 0.00, 0.00)
(296.32, 0.00, 0.00)
(296.32, 0.00, 0.00)
(301.39, 0.00, 0.00)
(301.39, 0.00, 0.00)
(301.39, 0.00, 0.00)
(318.60, 0.00, 0.00)
(318.60, 0.00, 0.00)
(318.60, 0.00, 0.00)
(318.60, 0.00, 0.00)
(327.68, 0.00, 0.00)
(327.68, 0.00, 0.00)
(327.68, 0.00, 0.00)
(327.68, 0.00, 0.00)
(327.68, 0.00, 0.00)
(332.57, 0.00, 0.00)
(332.57, 0.00, 0.00)
(332.57, 0.00, 0.00)
(332.57, 0.00, 0.00)
(332.57, 0.00, 0.00)
(332.57, 0.00, 0.00)
(334.14, 0.00, 0.00)
(334.14, 0.00, 0.00)
(334.14, 0.00, 0.00)
(334.14, 0.00, 0.00)
(334.14, 0.00, 0.00)
(334.14, 0.00, 0.00)
(335.71, 0.00, 0.00)
(335.71, 0.00, 0.00)
(335.71, 0.00, 0.00)
(335.71, 0.00, 0.00)
(335.71, 0.00, 0.00)
(338.31, 0.00, 0.00)
(338.31, 0.00, 0.00)
(338.31, 0.00, 0.00)
(338.31, 0.00, 0.00)
(347.93, 0.00, 0.00)
(347.93, 0.00, 0.00)
(347.93, 0.00, 0.00)
(347.93, 0.00, 0.00)
(347.93, 0.00, 0.00)
(353.14, 0.00, 0.00)
(353.14, 0.00, 0.00)
(353.14, 0.00, 0.00)
(358.73, 0.00, 0.00)
(358.73, 0.00, 0.00)
(358.73, 0.00, 0.00)
(358.73, 0.00, 0.00)
(358.73, 0.00, 0.00)
(358.73, 0.00, 0.00)
(358.73, 0.00, 0.00)
(358.73, 0.00, 0.00)
(355.59, 0.00, 0.00)
(355.59, 0.00, 0.00)
(355.59, 0.00, 0.00)
(355.59, 0.00, 0.00)
(355.59, 0.00, 0.00)
(355.59, 0.00, 0.00)
(355.59, 0.00, 0.00)
(355.59, 0.00, 0.00)
(355.59, 0.00, 0.00)
(355.59, 0.00, 0.00)
(355.59, 0.00, 0.00)
(353.79, 0.00, 0.00)
(353.79, 0.00, 0.00)
(353.79, 0.00, 0.00)
(353.79, 0.00, 0.00)
(353.79, 0.00, 0.00)
(353.79, 0.00, 0.00)
(352.52, 0.00, 0.00)
(352.52, 0.00, 0.00)
(354.43, 0.00, 0.00)
(354.43, 0.00, 0.00)
(354.43, 0.00, 0.00)
(354.43, 0.00, 0.00)
(354.43, 0.00, 0.00)
(354.43, 0.00, 0.00)
(355.73, 0.00, 0.00)
(355.73, 0.00, 0.00)
(354.97, 0.00, 0.00)
(354.97, 0.00, 0.00)
(354.97, 0.00, 0.00)
(354.97, 0.00, 0.00)
(354.97, 0.00, 0.00)
(354.97, 0.00, 0.00)
(351.61, 0.00, 0.00)
(351.61, 0.00, 0.00)
(351.61, 0.00, 0.00)
(351.61, 0.00, 0.00)
(351.61, 0.00, 0.00)
(352.23, 0.00, 0.00)
(352.23, 0.00, 0.00)
(352.23, 0.00, 0.00)
(352.23, 0.00, 0.00)
(352.23, 0.00, 0.00)
(352.23, 0.00, 0.00)
(353.06, 0.00, 0.00)
(353.06, 0.00, 0.00)
(353.06, 0.00, 0.00)
(352.25, 0.00, 0.00)
(352.25, 0.00, 0.00)
(352.25, 0.00, 0.00)
(352.25, 0.00, 0.00)
(352.46, 0.00, 0.00)
(352.46, 0.00, 0.00)
(352.46, 0.00, 0.00)
(352.46, 0.00, 0.00)
(352.46, 0.00, 0.00)
(352.46, 0.00, 0.00)
(352.46, 0.00, 0.00)
(352.46, 0.00, 0.00)
(352.46, 0.00, 0.00)
(352.82, 0.00, 0.00)
(352.82, 0.00, 0.00)
(352.82, 0.00, 0.00)
(352.82, 0.00, 0.00)
(352.82, 0.00, 0.00)
(352.82, 0.00, 0.00)
(351.98, 0.00, 0.00)
(351.98, 0.00, 0.00)
(351.98, 0.00, 0.00)
(351.98, 0.00, 0.00)
(351.98, 0.00, 0.00)
(354.09, 0.00, 0.00)
(354.09, 0.00, 0.00)
(354.09, 0.00, 0.00)
(354.09, 0.00, 0.00)
(354.09, 0.00, 0.00)
(352.98, 0.00, 0.00)
(352.98, 0.00, 0.00)
(352.98, 0.00, 0.00)
(350.22, 0.00, 0.00)
(350.22, 0.00, 0.00)
(350.22, 0.00, 0.00)
(350.22, 0.00, 0.00)
(350.22, 0.00, 0.00)
(350.22, 0.00, 0.00)
(350.22, 0.00, 0.00)
(350.22, 0.00, 0.00)
(351.17, 0.00, 0.00)
(351.17, 0.00, 0.00)
(351.17, 0.00, 0.00)
(353.65, 0.00, 0.00)
(353.65, 0.00, 0.00)
(353.65, 0.00, 0.00)
(346.64, 0.00, 0.00)
(346.64, 0.00, 0.00)
(346.64, 0.00, 0.00)
(346.64, 0.00, 0.00)
(346.64, 0.00, 0.00)
(333.53, 0.00, 0.00)
(333.53, 0.00, 0.00)
(333.53, 0.00, 0.00)
(333.53, 0.00, 0.00)
(323.65, 0.00, 0.00)
(323.65, 0.00, 0.00)
(323.65, 0.00, 0.00)
(323.65, 0.00, 0.00)
(323.65, 0.00, 0.00)
(323.65, 0.00, 0.00)
(320.07, 0.00, 0.00)
(320.07, 0.00, 0.00)
(308.57, 0.00, 0.00)
(308.57, 0.00, 0.00)
(308.57, 0.00, 0.00)
(308.57, 0.00, 0.00)
(291.78, 0.00, 0.00)
(291.78, 0.00, 0.00)
(291.78, 0.00, 0.00)
(291.78, 0.00, 0.00)
(283.69, 0.00, 0.00)
(283.69, 0.00, 0.00)
(283.69, 0.00, 0.00)
(283.69, 0.00, 0.00)
(285.88, 0.00, 0.00)
(285.88, 0.00, 0.00)
(285.88, 0.00, 0.00)
(285.88, 0.00, 0.00)
(285.88, 0.00, 0.00)
(297.97, 0.00, 0.00)
(297.97, 0.00, 0.00)
(297.97, 0.00, 0.00)
(297.97, 0.00, 0.00)
(297.97, 0.00, 0.00)
(297.97, 0.00, 0.00)
(280.34, 0.00, 0.00)
(280.34, 0.00, 0.00)
(280.34, 0.00, 0.00)
(275.94, 0.00, 0.00)
(275.94, 0.00, 0.00)
(275.94, 0.00, 0.00)
(275.94, 0.00, 0.00)
(275.94, 0.00, 0.00)
(276.02, 0.00, 0.00)
(276.02, 0.00, 0.00)
(276.02, 0.00, 0.00)
(276.02, 0.00, 0.00)
(276.02, 0.00, 0.00)
(276.02, 0.00, 0.00)
(274.06, 0.00, 0.00)
(274.06, 0.00, 0.00)
(274.06, 0.00, 0.00)
(274.06, 0.00, 0.00)
(274.06, 0.00, 0.00)
(273.16, 0.00, 0.00)
(273.16, 0.00, 0.00)
(273.61, 0.00, 0.00)
(273.61, 0.00, 0.00)
(273.61, 0.00, 0.00)
(273.61, 0.00, 0.00)
(273.61, 0.00, 0.00)
(273.61, 0.00, 0.00)
(274.61, 0.00, 0.00)
(274.61, 0.00, 0.00)
(274.61, 0.00, 0.00)
(274.61, 0.00, 0.00)
(274.61, 0.00, 0.00)
(276.40, 0.00, 0.00)
(276.40, 0.00, 0.00)
(276.40, 0.00, 0.00)
(276.84, 0.00, 0.00)
(276.84, 0.00, 0.00)
(276.84, 0.00, 0.00)
(276.84, 0.00, 0.00)
(276.84, 0.00, 0.00)
(276.84, 0.00, 0.00)
(276.84, 0.00, 0.00)
(276.84, 0.00, 0.00)
(276.84, 0.00, 0.00)
(278.43, 0.00, 0.00)
(278.43, 0.00, 0.00)
(278.43, 0.00, 0.00)
(278.43, 0.00, 0.00)
(278.43, 0.00, 0.00)
(278.43, 0.00, 0.00)
(278.43, 0.00, 0.00)
(278.26, 0.00, 0.00)
(278.26, 0.00, 0.00)
(278.26, 0.00, 0.00)
(280.42, 0.00, 0.00)
(280.42, 0.00, 0.00)
(280.42, 0.00, 0.00)
(280.42, 0.00, 0.00)
(280.42, 0.00, 0.00)
(279.77, 0.00, 0.00)
(279.77, 0.00, 0.00)
(279.76, 0.00, 0.00)
(279.76, 0.00, 0.00)
(279.76, 0.00, 0.00)
(279.76, 0.00, 0.00)
(279.76, 0.00, 0.00)
(279.76, 0.00, 0.00)
(280.50, 0.00, 0.00)
(280.50, 0.00, 0.00)
(280.50, 0.00, 0.00)
(280.50, 0.00, 0.00)
(280.50, 0.00, 0.00)
(280.59, 0.00, 0.00)
(280.59, 0.00, 0.00)
(280.59, 0.00, 0.00)
(280.09, 0.00, 0.00)
(280.09, 0.00, 0.00)
(280.09, 0.00, 0.00)
(280.09, 0.00, 0.00)
(280.09, 0.00, 0.00)
(278.85, 0.00, 0.00)
(278.85, 0.00, 0.00)
(278.85, 0.00, 0.00)
(280.91, 0.00, 0.00)
(280.91, 0.00, 0.00)
(280.91, 0.00, 0.00)
(280.91, 0.00, 0.00)
(280.91, 0.00, 0.00)
(280.91, 0.00, 0.00)
(280.91, 0.00, 0.00)
(280.91, 0.00, 0.00)
(280.91, 0.00, 0.00)
(280.71, 0.00, 0.00)
(280.71, 0.00, 0.00)
(280.71, 0.00, 0.00)
(278.49, 0.00, 0.00)
(278.49, 0.00, 0.00)
(278.49, 0.00, 0.00)
(278.49, 0.00, 0.00)
(278.49, 0.00, 0.00)
(277.51, 0.00, 0.00)
(277.51, 0.00, 0.00)
(277.51, 0.00, 0.00)
(277.51, 0.00, 0.00)
(277.51, 0.00, 0.00)
(277.51, 0.00, 0.00)
(276.83, 0.00, 0.00)
(276.83, 0.00, 0.00)
(275.27, 0.00, 0.00)
(275.27, 0.00, 0.00)
(275.27, 0.00, 0.00)
(275.27, 0.00, 0.00)
(275.27, 0.00, 0.00)
(275.27, 0.00, 0.00)
(274.14, 0.00, 0.00)
(274.14, 0.00, 0.00)
(274.14, 0.00, 0.00)
(274.14, 0.00, 0.00)
(274.14, 0.00, 0.00)
(274.14, 0.00, 0.00)
(279.67, 0.00, 0.00)
(279.67, 0.00, 0.00)
(279.67, 0.00, 0.00)
(287.15, 0.00, 0.00)
(287.15, 0.00, 0.00)
(287.15, 0.00, 0.00)
(287.15, 0.00, 0.00)
(287.15, 0.00, 0.00)
(295.34, 0.00, 0.00)
(295.34, 0.00, 0.00)
(295.34, 0.00, 0.00)
(295.34, 0.00, 0.00)
(295.34, 0.00, 0.00)
(295.34, 0.00, 0.00)
(297.24, 0.00, 0.00)
(297.24, 0.00, 0.00)
(305.61, 0.00, 0.00)
(305.61, 0.00, 0.00)
(305.61, 0.00, 0.00)
(305.61, 0.00, 0.00)
(305.61, 0.00, 0.00)
(305.61, 0.00, 0.00)
(314.93, 0.00, 0.00)
(314.93, 0.00, 0.00)
(314.93, 0.00, 0.00)
(314.93, 0.00, 0.00)
(314.93, 0.00, 0.00)
(314.93, 0.00, 0.00)
(328.31, 0.00, 0.00)
(328.31, 0.00, 0.00)
(328.31, 0.00, 0.00)
(330.30, 0.00, 0.00)
(330.30, 0.00, 0.00)
(330.30, 0.00, 0.00)
(330.30, 0.00, 0.00)
(330.30, 0.00, 0.00)
(330.30, 0.00, 0.00)
(335.00, 0.00, 0.00)
(335.00, 0.00, 0.00)
(335.00, 0.00, 0.00)
(334.93, 0.00, 0.00)
(334.93, 0.00, 0.00)
(334.93, 0.00, 0.00)
(334.93, 0.00, 0.00)
(334.93, 0.00, 0.00)
(333.61, 0.00, 0.00)
(333.61, 0.00, 0.00)
(333.61, 0.00, 0.00)
(333.61, 0.00, 0.00)
(333.61, 0.00, 0.00)
(333.61, 0.00, 0.00)
(335.69, 0.00, 0.00)
(335.69, 0.00, 0.00)
(335.69, 0.00, 0.00)
(335.69, 0.00, 0.00)
(335.69, 0.00, 0.00)
(335.69, 0.00, 0.00)
(335.69, 0.00, 0.00)
(335.69, 0.00, 0.00)
(335.69, 0.00, 0.00)
(336.32, 0.00, 0.00)
(336.32, 0.00, 0.00)
(336.32, 0.00, 0.00)
(336.32, 0.00, 0.00)
(336.32, 0.00, 0.00)
(336.32, 0.00, 0.00)
(336.32, 0.00, 0.00)
(336.32, 0.00, 0.00)
(336.32, 0.00, 0.00)
(336.32, 0.00, 0.00)
(336.32, 0.00, 0.00)
(336.32, 0.00, 0.00)
(336.32, 0.00, 0.00)
(342.68, 0.00, 0.00)
(342.68, 0.00, 0.00)
(342.68, 0.00, 0.00)
(345.13, 0.00, 0.00)
(345.13, 0.00, 0.00)
(345.13, 0.00, 0.00)
(344.76, 0.00, 0.00)
(344.76, 0.00, 0.00)
(344.76, 0.00, 0.00)
(344.76, 0.00, 0.00)
(344.76, 0.00, 0.00)
(344.76, 0.00, 0.00)
(345.29, 0.00, 0.00)
(345.29, 0.00, 0.00)
(345.29, 0.00, 0.00)
(346.87, 0.00, 0.00)
(346.87, 0.00, 0.00)
(346.87, 0.00, 0.00)
(346.87, 0.00, 0.00)
(346.87, 0.00, 0.00)
(346.87, 0.00, 0.00)
(345.76, 0.00, 0.00)
(345.76, 0.00, 0.00)
(345.76, 0.00, 0.00)
(345.76, 0.00, 0.00)
(345.76, 0.00, 0.00)
(336.89, 0.00, 0.00)
(336.89, 0.00, 0.00)
(332.90, 0.00, 0.00)
(332.90, 0.00, 0.00)
(332.90, 0.00, 0.00)
(332.90, 0.00, 0.00)
(332.90, 0.00, 0.00)
(331.61, 0.00, 0.00)
(331.61, 0.00, 0.00)
(331.61, 0.00, 0.00)
(331.61, 0.00, 0.00)
(331.61, 0.00, 0.00)
(331.61, 0.00, 0.00)
(331.61, 0.00, 0.00)
(328.11, 0.00, 0.00)
(328.11, 0.00, 0.00)
(321.13, 0.00, 0.00)
(321.13, 0.00, 0.00)
(321.13, 0.00, 0.00)
(321.13, 0.00, 0.00)
(321.13, 0.00, 0.00)
(314.34, 0.00, 0.00)
(314.34, 0.00, 0.00)
(314.34, 0.00, 0.00)
(308.98, 0.00, 0.00)
(308.98, 0.00, 0.00)
(308.98, 0.00, 0.00)
(308.98, 0.00, 0.00)
(305.18, 0.00, 0.00)
(305.18, 0.00, 0.00)
(305.18, 0.00, 0.00)
(298.70, 0.00, 0.00)
(298.70, 0.00, 0.00)
(298.70, 0.00, 0.00)
(298.70, 0.00, 0.00)
(298.70, 0.00, 0.00)
(298.70, 0.00, 0.00)
(295.56, 0.00, 0.00)
(295.56, 0.00, 0.00)
(295.56, 0.00, 0.00)
(295.56, 0.00, 0.00)
(295.56, 0.00, 0.00)
(295.56, 0.00, 0.00)
(289.51, 0.00, 0.00)
(289.51, 0.00, 0.00)
(286.75, 0.00, 0.00)
(286.75, 0.00, 0.00)
(286.75, 0.00, 0.00)
(286.75, 0.00, 0.00)
(286.75, 0.00, 0.00)
(284.62, 0.00, 0.00)
(284.62, 0.00, 0.00)
(284.62, 0.00, 0.00)
(284.62, 0.00, 0.00)
(284.62, 0.00, 0.00)
(282.60, 0.00, 0.00)
(282.60, 0.00, 0.00)
(282.60, 0.00, 0.00)
(282.94, 0.00, 0.00)
(282.94, 0.00, 0.00)
(282.94, 0.00, 0.00)
(282.94, 0.00, 0.00)
(282.94, 0.00, 0.00)
(282.94, 0.00, 0.00)
(277.54, 0.00, 0.00)
(277.54, 0.00, 0.00)
(277.54, 0.00, 0.00)
(277.54, 0.00, 0.00)
(277.54, 0.00, 0.00)
(275.55, 0.00, 0.00)
(275.55, 0.00, 0.00)
(275.55, 0.00, 0.00)
(275.56, 0.00, 0.00)
(275.56, 0.00, 0.00)
(275.56, 0.00, 0.00)
(275.56, 0.00, 0.00)
(275.56, 0.00, 0.00)
(275.59, 0.00, 0.00)
(275.59, 0.00, 0.00)
(275.59, 0.00, 0.00)
(275.59, 0.00, 0.00)
(274.34, 0.00, 0.00)
(274.34, 0.00, 0.00)
(274.34, 0.00, 0.00)
(274.40, 0.00, 0.00)
(274.40, 0.00, 0.00)
(274.40, 0.00, 0.00)
(274.40, 0.00, 0.00)
(274.40, 0.00, 0.00)
(274.40, 0.00, 0.00)
(275.21, 0.00, 0.00)
(275.21, 0.00, 0.00)
(275.21, 0.00, 0.00)
(275.21, 0.00, 0.00)
(275.21, 0.00, 0.00)
(274.20, 0.00, 0.00)
(274.20, 0.00, 0.00)
(274.20, 0.00, 0.00)
(274.96, 0.00, 0.00)
(274.96, 0.00, 0.00)
(274.96, 0.00, 0.00)
(274.96, 0.00, 0.00)
(274.60, 0.00, 0.00)
(274.60, 0.00, 0.00)
(275.28, 0.00, 0.00)
(275.28, 0.00, 0.00)
(275.47, 0.00, 0.00)
(275.47, 0.00, 0.00)
(275.37, 0.00, 0.00)
(275.37, 0.00, 0.00)
(275.37, 0.00, 0.00)
(275.37, 0.00, 0.00)
(275.49, 0.00, 0.00)
(275.49, 0.00, 0.00)
(275.49, 0.00, 0.00)
(275.49, 0.00, 0.00)
(275.49, 0.00, 0.00)
(275.49, 0.00, 0.00)
(275.59, 0.00, 0.00)
(275.59, 0.00, 0.00)
(275.59, 0.00, 0.00)
(275.84, 0.00, 0.00)
(275.84, 0.00, 0.00)
(275.84, 0.00, 0.00)
(275.84, 0.00, 0.00)
(275.84, 0.00, 0.00)
(275.90, 0.00, 0.00)
(275.90, 0.00, 0.00)
(275.90, 0.00, 0.00)
(275.90, 0.00, 0.00)
(275.90, 0.00, 0.00)
(275.90, 0.00, 0.00)
(275.90, 0.00, 0.00)
(275.90, 0.00, 0.00)
(275.90, 0.00, 0.00)
(275.90, 0.00, 0.00)
(275.90, 0.00, 0.00)
(275.88, 0.00, 0.00)
(275.88, 0.00, 0.00)
(275.88, 0.00, 0.00)
(276.10, 0.00, 0.00)
(276.10, 0.00, 0.00)
(276.10, 0.00, 0.00)
(276.10, 0.00, 0.00)
(276.00, 0.00, 0.00)
(276.00, 0.00, 0.00)
(276.00, 0.00, 0.00)
(275.70, 0.00, 0.00)
(275.70, 0.00, 0.00)
(275.70, 0.00, 0.00)
(275.70, 0.00, 0.00)
(275.31, 0.00, 0.00)
(275.31, 0.00, 0.00)
(275.31, 0.00, 0.00)
(275.31, 0.00, 0.00)
(275.17, 0.00, 0.00)
(275.17, 0.00, 0.00)
(275.17, 0.00, 0.00)
(275.17, 0.00, 0.00)
(275.17, 0.00, 0.00)
(275.17, 0.00, 0.00)
(275.12, 0.00, 0.00)
(275.12, 0.00, 0.00)
(275.12, 0.00, 0.00)
(275.88, 0.00, 0.00)
(275.88, 0.00, 0.00)
(275.88, 0.00, 0.00)
(275.88, 0.00, 0.00)
(275.88, 0.00, 0.00)
(279.10, 0.00, 0.00)
(279.10, 0.00, 0.00)
(279.10, 0.00, 0.00)
(279.10, 0.00, 0.00)
(279.10, 0.00, 0.00)
(279.10, 0.00, 0.00)
(283.22, 0.00, 0.00)
(283.22, 0.00, 0.00)
(288.18, 0.00, 0.00)
(288.18, 0.00, 0.00)
(288.18, 0.00, 0.00)
(288.18, 0.00, 0.00)
(288.18, 0.00, 0.00)
(288.18, 0.00, 0.00)
(308.77, 0.00, 0.00)
(308.77, 0.00, 0.00)
(318.18, 0.00, 0.00)
(318.18, 0.00, 0.00)
(318.18, 0.00, 0.00)
(319.98, 0.00, 0.00)
(324.14, 0.00, 0.00)
(324.14, 0.00, 0.00)
(324.14, 0.00, 0.00)
(324.14, 0.00, 0.00)
(324.14, 0.00, 0.00)
(319.01, 0.00, 0.00)
(319.01, 0.00, 0.00)
(321.31, 0.00, 0.00)
(321.31, 0.00, 0.00)
(321.31, 0.00, 0.00)
(321.31, 0.00, 0.00)
(321.31, 0.00, 0.00)
(330.93, 0.00, 0.00)
(330.93, 0.00, 0.00)
(330.93, 0.00, 0.00)
(330.93, 0.00, 0.00)
(330.93, 0.00, 0.00)
(330.93, 0.00, 0.00)
(334.52, 0.00, 0.00)
(334.52, 0.00, 0.00)
(334.52, 0.00, 0.00)
(333.44, 0.00, 0.00)
(333.44, 0.00, 0.00)
(333.44, 0.00, 0.00)
(333.44, 0.00, 0.00)
(333.44, 0.00, 0.00)
(333.44, 0.00, 0.00)
(333.44, 0.00, 0.00)
(333.44, 0.00, 0.00)
(333.44, 0.00, 0.00)
(334.75, 0.00, 0.00)
(334.75, 0.00, 0.00)
(334.75, 0.00, 0.00)
(334.51, 0.00, 0.00)
(334.51, 0.00, 0.00)
(339.92, 0.00, 0.00)
(339.92, 0.00, 0.00)
(339.92, 0.00, 0.00)
(339.92, 0.00, 0.00)
(339.92, 0.00, 0.00)
(336.66, 0.00, 0.00)
(336.66, 0.00, 0.00)
(336.66, 0.00, 0.00)
(336.66, 0.00, 0.00)
(336.66, 0.00, 0.00)
(336.66, 0.00, 0.00)
(327.42, 0.00, 0.00)
(327.42, 0.00, 0.00)
(327.42, 0.00, 0.00)
(327.42, 0.00, 0.00)
(327.42, 0.00, 0.00)
(328.87, 0.00, 0.00)
(328.87, 0.00, 0.00)
(328.87, 0.00, 0.00)
(340.59, 0.00, 0.00)
(340.59, 0.00, 0.00)
(340.59, 0.00, 0.00)
(340.59, 0.00, 0.00)
(340.59, 0.00, 0.00)
(338.79, 0.00, 0.00)
(338.79, 0.00, 0.00)
(338.79, 0.00, 0.00)
(338.79, 0.00, 0.00)
(331.51, 0.00, 0.00)
(331.51, 0.00, 0.00)
(331.51, 0.00, 0.00)
(324.08, 0.00, 0.00)
(324.08, 0.00, 0.00)
(324.08, 0.00, 0.00)
(324.08, 0.00, 0.00)
(324.08, 0.00, 0.00)
(324.08, 0.00, 0.00)
(322.66, 0.00, 0.00)
(322.66, 0.00, 0.00)
(322.66, 0.00, 0.00)
(322.66, 0.00, 0.00)
(322.66, 0.00, 0.00)
(322.66, 0.00, 0.00)
(322.66, 0.00, 0.00)
(301.05, 0.00, 0.00)
(294.72, 0.00, 0.00)
(293.89, 0.00, 0.00)
(293.89, 0.00, 0.00)
(292.62, 0.00, 0.00)
(292.62, 0.00, 0.00)
(292.62, 0.00, 0.00)
(292.62, 0.00, 0.00)
(292.62, 0.00, 0.00)
(284.29, 0.00, 0.00)
(284.29, 0.00, 0.00)
(284.29, 0.00, 0.00)
(284.77, 0.00, 0.00)
(284.77, 0.00, 0.00)
(284.77, 0.00, 0.00)
(284.77, 0.00, 0.00)
(284.77, 0.00, 0.00)
(284.77, 0.00, 0.00)
(284.77, 0.00, 0.00)
(284.77, 0.00, 0.00)
(285.17, 0.00, 0.00)
(285.17, 0.00, 0.00)
(285.17, 0.00, 0.00)
(281.48, 0.00, 0.00)
(281.48, 0.00, 0.00)
(281.48, 0.00, 0.00)
(281.48, 0.00, 0.00)
(281.48, 0.00, 0.00)
(281.48, 0.00, 0.00)
(281.48, 0.00, 0.00)
(279.97, 0.00, 0.00)
(279.97, 0.00, 0.00)
(279.97, 0.00, 0.00)
(279.96, 0.00, 0.00)
(279.96, 0.00, 0.00)
(279.96, 0.00, 0.00)
(279.96, 0.00, 0.00)
(279.96, 0.00, 0.00)
(279.96, 0.00, 0.00)
(279.98, 0.00, 0.00)
(279.98, 0.00, 0.00)
(275.39, 0.00, 0.00)
(275.39, 0.00, 0.00)
(275.39, 0.00, 0.00)
(275.39, 0.00, 0.00)
(275.39, 0.00, 0.00)
(275.39, 0.00, 0.00)
(275.39, 0.00, 0.00)
(275.39, 0.00, 0.00)
(275.39, 0.00, 0.00)
(275.97, 0.00, 0.00)
(275.97, 0.00, 0.00)
(275.97, 0.00, 0.00)
(275.97, 0.00, 0.00)
(275.97, 0.00, 0.00)
(275.97, 0.00, 0.00)
(275.97, 0.00, 0.00)
(275.97, 0.00, 0.00)
(276.21, 0.00, 0.00)
(276.21, 0.00, 0.00)
(276.21, 0.00, 0.00)
(276.37, 0.00, 0.00)
(276.37, 0.00, 0.00)
(276.37, 0.00, 0.00)
(276.37, 0.00, 0.00)
(276.40, 0.00, 0.00)
(276.40, 0.00, 0.00)
(276.40, 0.00, 0.00)
(277.22, 0.00, 0.00)
(277.22, 0.00, 0.00)
(277.22, 0.00, 0.00)
(277.22, 0.00, 0.00)
(277.22, 0.00, 0.00)
(277.22, 0.00, 0.00)
(277.22, 0.00, 0.00)
(277.22, 0.00, 0.00)
(277.22, 0.00, 0.00)
(278.51, 0.00, 0.00)
(278.51, 0.00, 0.00)
(278.51, 0.00, 0.00)
(278.51, 0.00, 0.00)
(278.51, 0.00, 0.00)
(278.51, 0.00, 0.00)
(278.51, 0.00, 0.00)
(278.59, 0.00, 0.00)
(278.59, 0.00, 0.00)
(278.59, 0.00, 0.00)
(278.26, 0.00, 0.00)
(278.26, 0.00, 0.00)
(278.26, 0.00, 0.00)
(278.26, 0.00, 0.00)
(278.26, 0.00, 0.00)
(278.90, 0.00, 0.00)
(278.90, 0.00, 0.00)
(278.90, 0.00, 0.00)
(278.91, 0.00, 0.00)
(278.91, 0.00, 0.00)
(278.91, 0.00, 0.00)
(278.91, 0.00, 0.00)
(278.91, 0.00, 0.00)
(278.91, 0.00, 0.00)
(278.91, 0.00, 0.00)
(278.91, 0.00, 0.00)
(278.77, 0.00, 0.00)
(278.77, 0.00, 0.00)
(278.77, 0.00, 0.00)
(278.50, 0.00, 0.00)
(278.50, 0.00, 0.00)
(278.50, 0.00, 0.00)
(278.68, 0.00, 0.00)
(278.68, 0.00, 0.00)
(278.68, 0.00, 0.00)
(278.68, 0.00, 0.00)
(278.68, 0.00, 0.00)
(278.00, 0.00, 0.00)
(278.00, 0.00, 0.00)
(278.00, 0.00, 0.00)
(278.00, 0.00, 0.00)
(278.00, 0.00, 0.00)
(276.93, 0.00, 0.00)
(276.93, 0.00, 0.00)
(277.56, 0.00, 0.00)
(277.56, 0.00, 0.00)
(277.56, 0.00, 0.00)
(277.56, 0.00, 0.00)
(277.56, 0.00, 0.00)
(277.56, 0.00, 0.00)
(277.56, 0.00, 0.00)
(277.56, 0.00, 0.00)
(277.56, 0.00, 0.00)
(274.59, 0.00, 0.00)
(274.59, 0.00, 0.00)
(274.59, 0.00, 0.00)
(277.34, 0.00, 0.00)
(277.34, 0.00, 0.00)
(275.39, 0.00, 0.00)
(275.39, 0.00, 0.00)
(275.39, 0.00, 0.00)
(275.39, 0.00, 0.00)
(275.39, 0.00, 0.00)
(274.89, 0.00, 0.00)
(274.89, 0.00, 0.00)
(274.89, 0.00, 0.00)
(274.89, 0.00, 0.00)
(274.89, 0.00, 0.00)
(283.48, 0.00, 0.00)
(283.48, 0.00, 0.00)
(283.48, 0.00, 0.00)
(303.95, 0.00, 0.00)
(303.95, 0.00, 0.00)
(303.95, 0.00, 0.00)
(303.95, 0.00, 0.00)
(303.95, 0.00, 0.00)
(303.95, 0.00, 0.00)
(303.95, 0.00, 0.00)
(303.95, 0.00, 0.00)
(313.50, 0.00, 0.00)
(313.50, 0.00, 0.00)
(313.50, 0.00, 0.00)
(309.24, 0.00, 0.00)
(309.24, 0.00, 0.00)
(309.24, 0.00, 0.00)
(309.24, 0.00, 0.00)
(309.24, 0.00, 0.00)
(303.02, 0.00, 0.00)
(303.02, 0.00, 0.00)
(303.02, 0.00, 0.00)
(303.02, 0.00, 0.00)
(303.02, 0.00, 0.00)
(303.02, 0.00, 0.00)
(303.02, 0.00, 0.00)
(303.02, 0.00, 0.00)
(303.02, 0.00, 0.00)
(328.94, 0.00, 0.00)
(328.94, 0.00, 0.00)
(328.94, 0.00, 0.00)
(328.94, 0.00, 0.00)
(328.94, 0.00, 0.00)
(330.67, 0.00, 0.00)
(330.67, 0.00, 0.00)
(330.67, 0.00, 0.00)
(330.67, 0.00, 0.00)
(330.67, 0.00, 0.00)
(330.67, 0.00, 0.00)
(332.27, 0.00, 0.00)
(332.27, 0.00, 0.00)
(332.27, 0.00, 0.00)
(332.27, 0.00, 0.00)
(332.27, 0.00, 0.00)
(332.27, 0.00, 0.00)
(332.27, 0.00, 0.00)
(332.27, 0.00, 0.00)
(332.27, 0.00, 0.00)
(332.27, 0.00, 0.00)
(332.27, 0.00, 0.00)
(332.27, 0.00, 0.00)
(332.27, 0.00, 0.00)
(332.27, 0.00, 0.00)
(334.41, 0.00, 0.00)
(334.41, 0.00, 0.00)
(334.41, 0.00, 0.00)
(342.81, 0.00, 0.00)
(342.81, 0.00, 0.00)
(341.91, 0.00, 0.00)
(341.91, 0.00, 0.00)
(341.91, 0.00, 0.00)
(337.02, 0.00, 0.00)
(337.02, 0.00, 0.00)
(337.02, 0.00, 0.00)
(337.02, 0.00, 0.00)
(335.47, 0.00, 0.00)
(335.47, 0.00, 0.00)
(335.47, 0.00, 0.00)
(335.47, 0.00, 0.00)
(335.47, 0.00, 0.00)
(334.30, 0.00, 0.00)
(334.30, 0.00, 0.00)
(334.30, 0.00, 0.00)
(334.30, 0.00, 0.00)
(334.30, 0.00, 0.00)
(334.30, 0.00, 0.00)
(336.96, 0.00, 0.00)
(336.96, 0.00, 0.00)
(336.96, 0.00, 0.00)
(336.96, 0.00, 0.00)
(336.96, 0.00, 0.00)
(336.96, 0.00, 0.00)
(336.96, 0.00, 0.00)
(336.96, 0.00, 0.00)
(336.96, 0.00, 0.00)
(336.96, 0.00, 0.00)
(336.96, 0.00, 0.00)
(336.96, 0.00, 0.00)
(336.96, 0.00, 0.00)
(336.96, 0.00, 0.00)
(336.96, 0.00, 0.00)
(336.96, 0.00, 0.00)
(346.53, 0.00, 0.00)
(346.53, 0.00, 0.00)
(346.53, 0.00, 0.00)
(337.49, 0.00, 0.00)
(337.49, 0.00, 0.00)
(337.49, 0.00, 0.00)
(334.88, 0.00, 0.00)
(334.88, 0.00, 0.00)
(334.88, 0.00, 0.00)
(334.88, 0.00, 0.00)
(329.47, 0.00, 0.00)
(329.47, 0.00, 0.00)
(329.47, 0.00, 0.00)
(329.47, 0.00, 0.00)
(320.83, 0.00, 0.00)
(320.83, 0.00, 0.00)
(320.83, 0.00, 0.00)
(308.21, 0.00, 0.00)
(308.21, 0.00, 0.00)
(308.21, 0.00, 0.00)
(308.21, 0.00, 0.00)
(308.21, 0.00, 0.00)
(301.61, 0.00, 0.00)
(301.61, 0.00, 0.00)
(301.61, 0.00, 0.00)
(301.61, 0.00, 0.00)
(301.61, 0.00, 0.00)
(301.61, 0.00, 0.00)
(300.29, 0.00, 0.00)
(300.29, 0.00, 0.00)
(300.29, 0.00, 0.00)
(296.85, 0.00, 0.00)
(296.85, 0.00, 0.00)
(296.85, 0.00, 0.00)
(296.85, 0.00, 0.00)
(296.85, 0.00, 0.00)
(292.78, 0.00, 0.00)
(292.78, 0.00, 0.00)
(292.78, 0.00, 0.00)
(292.78, 0.00, 0.00)
(292.78, 0.00, 0.00)
(287.71, 0.00, 0.00)
(287.71, 0.00, 0.00)
(287.71, 0.00, 0.00)
(285.64, 0.00, 0.00)
(285.64, 0.00, 0.00)
(285.64, 0.00, 0.00)
(285.64, 0.00, 0.00)
(285.64, 0.00, 0.00)
(284.02, 0.00, 0.00)
(284.02, 0.00, 0.00)
(284.02, 0.00, 0.00)
(284.02, 0.00, 0.00)
(284.02, 0.00, 0.00)
(284.02, 0.00, 0.00)
(284.02, 0.00, 0.00)
(284.02, 0.00, 0.00)
(282.70, 0.00, 0.00)
(282.70, 0.00, 0.00)
(282.70, 0.00, 0.00)
(278.68, 0.00, 0.00)
(278.68, 0.00, 0.00)
(278.68, 0.00, 0.00)
(277.90, 0.00, 0.00)
(277.90, 0.00, 0.00)
(277.90, 0.00, 0.00)
(277.90, 0.00, 0.00)
(277.90, 0.00, 0.00)
(273.88, 0.00, 0.00)
(273.88, 0.00, 0.00)
(273.88, 0.00, 0.00)
(273.88, 0.00, 0.00)
(273.88, 0.00, 0.00)
(272.36, 0.00, 0.00)
(272.36, 0.00, 0.00)
(272.36, 0.00, 0.00)
(272.27, 0.00, 0.00)
(272.27, 0.00, 0.00)
(272.27, 0.00, 0.00)
(272.27, 0.00, 0.00)
(272.27, 0.00, 0.00)
(272.44, 0.00, 0.00)
(272.44, 0.00, 0.00)
(272.44, 0.00, 0.00)
(271.38, 0.00, 0.00)
(271.38, 0.00, 0.00)
(271.38, 0.00, 0.00)
(271.38, 0.00, 0.00)
(271.38, 0.00, 0.00)
(272.42, 0.00, 0.00)
(272.42, 0.00, 0.00)
(272.42, 0.00, 0.00)
(272.42, 0.00, 0.00)
(272.42, 0.00, 0.00)
(272.42, 0.00, 0.00)
(272.42, 0.00, 0.00)
(274.17, 0.00, 0.00)
(274.17, 0.00, 0.00)
(274.18, 0.00, 0.00)
(274.18, 0.00, 0.00)
(273.64, 0.00, 0.00)
(273.64, 0.00, 0.00)
(273.64, 0.00, 0.00)
(273.64, 0.00, 0.00)
(273.64, 0.00, 0.00)
(273.64, 0.00, 0.00)
(274.12, 0.00, 0.00)
(274.12, 0.00, 0.00)
(274.12, 0.00, 0.00)
(274.12, 0.00, 0.00)
(274.12, 0.00, 0.00)
(274.05, 0.00, 0.00)
(274.05, 0.00, 0.00)
(274.05, 0.00, 0.00)
(274.21, 0.00, 0.00)
(274.21, 0.00, 0.00)
(274.21, 0.00, 0.00)
(274.21, 0.00, 0.00)
(274.21, 0.00, 0.00)
(274.53, 0.00, 0.00)
(274.53, 0.00, 0.00)
(274.53, 0.00, 0.00)
(274.53, 0.00, 0.00)
(274.53, 0.00, 0.00)
(274.50, 0.00, 0.00)
(274.50, 0.00, 0.00)
(274.50, 0.00, 0.00)
(274.50, 0.00, 0.00)
(274.50, 0.00, 0.00)
(274.50, 0.00, 0.00)
(274.76, 0.00, 0.00)
(274.76, 0.00, 0.00)
(275.10, 0.00, 0.00)
(275.10, 0.00, 0.00)
(275.10, 0.00, 0.00)
(275.10, 0.00, 0.00)
(275.10, 0.00, 0.00)
(275.22, 0.00, 0.00)
(275.22, 0.00, 0.00)
(275.22, 0.00, 0.00)
(275.22, 0.00, 0.00)
(275.22, 0.00, 0.00)
(275.07, 0.00, 0.00)
(275.07, 0.00, 0.00)
(275.07, 0.00, 0.00)
(275.07, 0.00, 0.00)
(275.07, 0.00, 0.00)
(275.07, 0.00, 0.00)
(275.07, 0.00, 0.00)
(275.22, 0.00, 0.00)
(275.22, 0.00, 0.00)
(275.22, 0.00, 0.00)
(275.22, 0.00, 0.00)
(275.22, 0.00, 0.00)
(275.22, 0.00, 0.00)
(275.25, 0.00, 0.00)
(275.25, 0.00, 0.00)
(275.25, 0.00, 0.00)
(275.25, 0.00, 0.00)
(275.25, 0.00, 0.00)
(274.96, 0.00, 0.00)
(274.96, 0.00, 0.00)
(274.96, 0.00, 0.00)
(274.32, 0.00, 0.00)
(274.32, 0.00, 0.00)
(274.32, 0.00, 0.00)
(274.32, 0.00, 0.00)
(274.32, 0.00, 0.00)
(274.32, 0.00, 0.00)
(273.34, 0.00, 0.00)
(273.34, 0.00, 0.00)
(273.34, 0.00, 0.00)
(273.34, 0.00, 0.00)
(275.34, 0.00, 0.00)
(275.34, 0.00, 0.00)
(275.34, 0.00, 0.00)
(276.24, 0.00, 0.00)
(276.24, 0.00, 0.00)
(276.24, 0.00, 0.00)
(276.24, 0.00, 0.00)
(276.24, 0.00, 0.00)
(281.43, 0.00, 0.00)
(281.43, 0.00, 0.00)
(281.43, 0.00, 0.00)
(281.43, 0.00, 0.00)
(281.43, 0.00, 0.00)
(281.43, 0.00, 0.00)
(286.28, 0.00, 0.00)
(286.28, 0.00, 0.00)
(299.37, 0.00, 0.00)
(299.37, 0.00, 0.00)
(299.37, 0.00, 0.00)
(299.37, 0.00, 0.00)
(299.37, 0.00, 0.00)
(299.37, 0.00, 0.00)
(305.63, 0.00, 0.00)
(305.63, 0.00, 0.00)
(305.63, 0.00, 0.00)
(305.63, 0.00, 0.00)
(311.46, 0.00, 0.00)
(311.46, 0.00, 0.00)
(311.46, 0.00, 0.00)
(322.59, 0.00, 0.00)
(322.59, 0.00, 0.00)
(322.59, 0.00, 0.00)
(322.59, 0.00, 0.00)
(322.59, 0.00, 0.00)
(322.59, 0.00, 0.00)
(331.10, 0.00, 0.00)
(331.10, 0.00, 0.00)
(331.10, 0.00, 0.00)
(331.10, 0.00, 0.00)
(331.10, 0.00, 0.00)
(329.80, 0.00, 0.00)
(329.80, 0.00, 0.00)
(329.80, 0.00, 0.00)
(329.63, 0.00, 0.00)
(329.63, 0.00, 0.00)
(329.63, 0.00, 0.00)
(329.63, 0.00, 0.00)
(329.63, 0.00, 0.00)
(329.63, 0.00, 0.00)
(334.08, 0.00, 0.00)
(334.08, 0.00, 0.00)
(337.20, 0.00, 0.00)
(337.20, 0.00, 0.00)
(337.20, 0.00, 0.00)
(337.20, 0.00, 0.00)
(337.20, 0.00, 0.00)
(337.20, 0.00, 0.00)
(337.20, 0.00, 0.00)
(337.20, 0.00, 0.00)
(334.62, 0.00, 0.00)
(334.62, 0.00, 0.00)
(334.62, 0.00, 0.00)
(337.72, 0.00, 0.00)
(337.72, 0.00, 0.00)
(337.72, 0.00, 0.00)
(337.72, 0.00, 0.00)
(337.72, 0.00, 0.00)
(342.60, 0.00, 0.00)
(342.60, 0.00, 0.00)
(342.60, 0.00, 0.00)
(342.60, 0.00, 0.00)
(342.60, 0.00, 0.00)
(342.60, 0.00, 0.00)
(345.23, 0.00, 0.00)
(345.23, 0.00, 0.00)
(345.23, 0.00, 0.00)
(346.70, 0.00, 0.00)
(346.70, 0.00, 0.00)
(346.70, 0.00, 0.00)
(346.70, 0.00, 0.00)
(346.70, 0.00, 0.00)
(345.35, 0.00, 0.00)
(345.35, 0.00, 0.00)
(345.35, 0.00, 0.00)
(342.72, 0.00, 0.00)
(342.72, 0.00, 0.00)
(342.72, 0.00, 0.00)
(342.72, 0.00, 0.00)
(342.72, 0.00, 0.00)
(344.63, 0.00, 0.00)
(344.63, 0.00, 0.00)
(344.63, 0.00, 0.00)
(344.63, 0.00, 0.00)
(344.63, 0.00, 0.00)
(344.63, 0.00, 0.00)
(343.18, 0.00, 0.00)
(343.18, 0.00, 0.00)
(343.18, 0.00, 0.00)
(338.90, 0.00, 0.00)
(338.90, 0.00, 0.00)
(338.90, 0.00, 0.00)
(338.90, 0.00, 0.00)
(338.90, 0.00, 0.00)
(338.90, 0.00, 0.00)
(338.90, 0.00, 0.00)
(338.90, 0.00, 0.00)
(325.71, 0.00, 0.00)
(325.71, 0.00, 0.00)
(317.04, 0.00, 0.00)
(317.04, 0.00, 0.00)
(317.04, 0.00, 0.00)
(307.86, 0.00, 0.00)
(307.86, 0.00, 0.00)
(307.86, 0.00, 0.00)
(307.86, 0.00, 0.00)
(307.86, 0.00, 0.00)
(307.86, 0.00, 0.00)
(307.86, 0.00, 0.00)
(307.86, 0.00, 0.00)
(298.10, 0.00, 0.00)
(298.10, 0.00, 0.00)
(298.10, 0.00, 0.00)
(295.45, 0.00, 0.00)
(295.45, 0.00, 0.00)
(295.45, 0.00, 0.00)
(295.45, 0.00, 0.00)
(295.45, 0.00, 0.00)
(292.29, 0.00, 0.00)
(292.29, 0.00, 0.00)
(292.29, 0.00, 0.00)
(292.13, 0.00, 0.00)
(292.13, 0.00, 0.00)
(292.13, 0.00, 0.00)
(292.13, 0.00, 0.00)
(292.13, 0.00, 0.00)
(293.15, 0.00, 0.00)
(293.15, 0.00, 0.00)
(293.15, 0.00, 0.00)
(293.15, 0.00, 0.00)
(293.54, 0.00, 0.00)
(293.54, 0.00, 0.00)
(293.54, 0.00, 0.00)
(288.74, 0.00, 0.00)
(288.74, 0.00, 0.00)
(288.74, 0.00, 0.00)
(287.34, 0.00, 0.00)
(287.34, 0.00, 0.00)
(287.34, 0.00, 0.00)
(287.34, 0.00, 0.00)
(287.34, 0.00, 0.00)
(287.34, 0.00, 0.00)
(287.54, 0.00, 0.00)
(287.54, 0.00, 0.00)
(287.54, 0.00, 0.00)
(287.23, 0.00, 0.00)
(287.23, 0.00, 0.00)
(287.23, 0.00, 0.00)
(287.23, 0.00, 0.00)
(284.25, 0.00, 0.00)
(284.25, 0.00, 0.00)
(284.25, 0.00, 0.00)
(284.25, 0.00, 0.00)
(284.25, 0.00, 0.00)
(284.25, 0.00, 0.00)
(279.92, 0.00, 0.00)
(279.92, 0.00, 0.00)
(279.92, 0.00, 0.00)
(278.65, 0.00, 0.00)
(278.65, 0.00, 0.00)
(278.65, 0.00, 0.00)
(278.65, 0.00, 0.00)
(278.65, 0.00, 0.00)
(278.64, 0.00, 0.00)
(278.64, 0.00, 0.00)
(278.64, 0.00, 0.00)
(278.64, 0.00, 0.00)
(278.64, 0.00, 0.00)
(278.64, 0.00, 0.00)
(278.64, 0.00, 0.00)
(278.64, 0.00, 0.00)
(278.64, 0.00, 0.00)
(278.78, 0.00, 0.00)
(278.78, 0.00, 0.00)
(278.78, 0.00, 0.00)
