(272.53, 0.00, 0.00)
(272.53, 0.00, 0.00)
(272.53, 0.00, 0.00)
(273.19, 0.00, 0.00)
(273.19, 0.00, 0.00)
(273.19, 0.00, 0.00)
(273.19, 0.00, 0.00)
(273.19, 0.00, 0.00)
(275.44, 0.00, 0.00)
(275.44, 0.00, 0.00)
(275.44, 0.00, 0.00)
(275.44, 0.00, 0.00)
(275.44, 0.00, 0.00)
(275.58, 0.00, 0.00)
(275.58, 0.00, 0.00)
(275.58, 0.00, 0.00)
(271.32, 0.00, 0.00)
(271.32, 0.00, 0.00)
(270.56, 0.00, 0.00)
(270.56, 0.00, 0.00)
(270.56, 0.00, 0.00)
(270.56, 0.00, 0.00)
(270.56, 0.00, 0.00)
(274.31, 0.00, 0.00)
(274.31, 0.00, 0.00)
(274.31, 0.00, 0.00)
(274.31, 0.00, 0.00)
(274.31, 0.00, 0.00)
(272.41, 0.00, 0.00)
(272.41, 0.00, 0.00)
(271.75, 0.00, 0.00)
(271.75, 0.00, 0.00)
(271.75, 0.00, 0.00)
(271.75, 0.00, 0.00)
(271.75, 0.00, 0.00)
(271.19, 0.00, 0.00)
(271.19, 0.00, 0.00)
(271.19, 0.00, 0.00)
(271.19, 0.00, 0.00)
(271.19, 0.00, 0.00)
(271.19, 0.00, 0.00)
(273.27, 0.00, 0.00)
(273.27, 0.00, 0.00)
(273.27, 0.00, 0.00)
(273.27, 0.00, 0.00)
(273.27, 0.00, 0.00)
(275.95, 0.00, 0.00)
(275.95, 0.00, 0.00)
(275.95, 0.00, 0.00)
(275.95, 0.00, 0.00)
(272.37, 0.00, 0.00)
(272.37, 0.00, 0.00)
(272.37, 0.00, 0.00)
(271.20, 0.00, 0.00)
(271.20, 0.00, 0.00)
(273.19, 0.00, 0.00)
(273.19, 0.00, 0.00)
(273.19, 0.00, 0.00)
(273.19, 0.00, 0.00)
(273.19, 0.00, 0.00)
(273.19, 0.00, 0.00)
(273.19, 0.00, 0.00)
(273.19, 0.00, 0.00)
(273.19, 0.00, 0.00)
(273.19, 0.00, 0.00)
(273.19, 0.00, 0.00)
(273.91, 0.00, 0.00)
(273.91, 0.00, 0.00)
(273.91, 0.00, 0.00)
(273.68, 0.00, 0.00)
(273.68, 0.00, 0.00)
(273.68, 0.00, 0.00)
(273.68, 0.00, 0.00)
(273.68, 0.00, 0.00)
(272.12, 0.00, 0.00)
(272.12, 0.00, 0.00)
(272.12, 0.00, 0.00)
(272.12, 0.00, 0.00)
(272.12, 0.00, 0.00)
(272.12, 0.00, 0.00)
(272.12, 0.00, 0.00)
(271.78, 0.00, 0.00)
(271.78, 0.00, 0.00)
(271.78, 0.00, 0.00)
(272.69, 0.00, 0.00)
(272.69, 0.00, 0.00)
(272.69, 0.00, 0.00)
(272.69, 0.00, 0.00)
(272.69, 0.00, 0.00)
(274.44, 0.00, 0.00)
(274.44, 0.00, 0.00)
(274.44, 0.00, 0.00)
(275.81, 0.00, 0.00)
(275.81, 0.00, 0.00)
(275.81, 0.00, 0.00)
(275.62, 0.00, 0.00)
(275.62, 0.00, 0.00)
(275.62, 0.00, 0.00)
(275.62, 0.00, 0.00)
(275.62, 0.00, 0.00)
(275.09, 0.00, 0.00)
(275.09, 0.00, 0.00)
(275.09, 0.00, 0.00)
(275.09, 0.00, 0.00)
(275.09, 0.00, 0.00)
(273.57, 0.00, 0.00)
(273.57, 0.00, 0.00)
(273.57, 0.00, 0.00)
(273.57, 0.00, 0.00)
(273.57, 0.00, 0.00)
(273.57, 0.00, 0.00)
(273.13, 0.00, 0.00)
(273.13, 0.00, 0.00)
(274.32, 0.00, 0.00)
(274.32, 0.00, 0.00)
(274.32, 0.00, 0.00)
(274.32, 0.00, 0.00)
(274.32, 0.00, 0.00)
(274.32, 0.00, 0.00)
(274.32, 0.00, 0.00)
(274.32, 0.00, 0.00)
(274.32, 0.00, 0.00)
(271.43, 0.00, 0.00)
(271.43, 0.00, 0.00)
(271.43, 0.00, 0.00)
(271.43, 0.00, 0.00)
(271.43, 0.00, 0.00)
(275.77, 0.00, 0.00)
(275.77, 0.00, 0.00)
(275.77, 0.00, 0.00)
(275.77, 0.00, 0.00)
(275.77, 0.00, 0.00)
(276.12, 0.00, 0.00)
(276.12, 0.00, 0.00)
(276.12, 0.00, 0.00)
(276.12, 0.00, 0.00)
(276.12, 0.00, 0.00)
(278.81, 0.00, 0.00)
(278.81, 0.00, 0.00)
(275.75, 0.00, 0.00)
(275.75, 0.00, 0.00)
(275.75, 0.00, 0.00)
(275.75, 0.00, 0.00)
(275.75, 0.00, 0.00)
(275.75, 0.00, 0.00)
(272.90, 0.00, 0.00)
(272.90, 0.00, 0.00)
(272.90, 0.00, 0.00)
(272.90, 0.00, 0.00)
(272.90, 0.00, 0.00)
(278.25, 0.00, 0.00)
(278.25, 0.00, 0.00)
(278.25, 0.00, 0.00)
(278.25, 0.00, 0.00)
(278.25, 0.00, 0.00)
(280.32, 0.00, 0.00)
(280.32, 0.00, 0.00)
(280.32, 0.00, 0.00)
(282.97, 0.00, 0.00)
(282.97, 0.00, 0.00)
(282.97, 0.00, 0.00)
(282.97, 0.00, 0.00)
(282.97, 0.00, 0.00)
(275.05, 0.00, 0.00)
(275.05, 0.00, 0.00)
(275.05, 0.00, 0.00)
(275.05, 0.00, 0.00)
(275.05, 0.00, 0.00)
(288.06, 0.00, 0.00)
(288.06, 0.00, 0.00)
(288.06, 0.00, 0.00)
(288.59, 0.00, 0.00)
(288.59, 0.00, 0.00)
(288.59, 0.00, 0.00)
(288.59, 0.00, 0.00)
(288.59, 0.00, 0.00)
(283.60, 0.00, 0.00)
(283.60, 0.00, 0.00)
(283.60, 0.00, 0.00)
(283.60, 0.00, 0.00)
(283.60, 0.00, 0.00)
(289.97, 0.00, 0.00)
(289.97, 0.00, 0.00)
(289.97, 0.00, 0.00)
(298.74, 0.00, 0.00)
(298.74, 0.00, 0.00)
(298.74, 0.00, 0.00)
(298.74, 0.00, 0.00)
(298.11, 0.00, 0.00)
(298.11, 0.00, 0.00)
(298.11, 0.00, 0.00)
(298.11, 0.00, 0.00)
(298.11, 0.00, 0.00)
(298.11, 0.00, 0.00)
(298.11, 0.00, 0.00)
(298.11, 0.00, 0.00)
(307.06, 0.00, 0.00)
(307.06, 0.00, 0.00)
(307.06, 0.00, 0.00)
(307.06, 0.00, 0.00)
(307.06, 0.00, 0.00)
(307.06, 0.00, 0.00)
(309.01, 0.00, 0.00)
(309.01, 0.00, 0.00)
(309.01, 0.00, 0.00)
(309.01, 0.00, 0.00)
(309.01, 0.00, 0.00)
(305.89, 0.00, 0.00)
(305.89, 0.00, 0.00)
(306.37, 0.00, 0.00)
(306.37, 0.00, 0.00)
(306.37, 0.00, 0.00)
(306.37, 0.00, 0.00)
(306.37, 0.00, 0.00)
(306.37, 0.00, 0.00)
(306.37, 0.00, 0.00)
(306.37, 0.00, 0.00)
(306.37, 0.00, 0.00)
(306.37, 0.00, 0.00)
(314.31, 0.00, 0.00)
(314.31, 0.00, 0.00)
(314.31, 0.00, 0.00)
(316.95, 0.00, 0.00)
(316.95, 0.00, 0.00)
(316.95, 0.00, 0.00)
(316.95, 0.00, 0.00)
(316.95, 0.00, 0.00)
(320.27, 0.00, 0.00)
(320.27, 0.00, 0.00)
(320.27, 0.00, 0.00)
(320.27, 0.00, 0.00)
(320.27, 0.00, 0.00)
(322.37, 0.00, 0.00)
(322.37, 0.00, 0.00)
(322.37, 0.00, 0.00)
(329.73, 0.00, 0.00)
(329.73, 0.00, 0.00)
(329.73, 0.00, 0.00)
(329.73, 0.00, 0.00)
(329.73, 0.00, 0.00)
(329.73, 0.00, 0.00)
(329.73, 0.00, 0.00)
(329.73, 0.00, 0.00)
(339.00, 0.00, 0.00)
(339.00, 0.00, 0.00)
(338.87, 0.00, 0.00)
(338.87, 0.00, 0.00)
(338.87, 0.00, 0.00)
(338.87, 0.00, 0.00)
(338.87, 0.00, 0.00)
(343.24, 0.00, 0.00)
(343.24, 0.00, 0.00)
(343.24, 0.00, 0.00)
(351.01, 0.00, 0.00)
(351.01, 0.00, 0.00)
(351.01, 0.00, 0.00)
(351.01, 0.00, 0.00)
(351.01, 0.00, 0.00)
(354.91, 0.00, 0.00)
(354.91, 0.00, 0.00)
(354.91, 0.00, 0.00)
(354.91, 0.00, 0.00)
(354.91, 0.00, 0.00)
(354.91, 0.00, 0.00)
(354.91, 0.00, 0.00)
(354.91, 0.00, 0.00)
(356.82, 0.00, 0.00)
(356.82, 0.00, 0.00)
(358.39, 0.00, 0.00)
(358.39, 0.00, 0.00)
(358.39, 0.00, 0.00)
(358.39, 0.00, 0.00)
(358.39, 0.00, 0.00)
(358.39, 0.00, 0.00)
(1.15, 0.00, 0.00)
(1.15, 0.00, 0.00)
(1.87, 0.00, 0.00)
(1.87, 0.00, 0.00)
(1.87, 0.00, 0.00)
(1.87, 0.00, 0.00)
(1.87, 0.00, 0.00)
(359.70, 0.00, 0.00)
(359.70, 0.00, 0.00)
(359.70, 0.00, 0.00)
(359.70, 0.00, 0.00)
(359.70, 0.00, 0.00)
(356.99, 0.00, 0.00)
(356.99, 0.00, 0.00)
(356.99, 0.00, 0.00)
(357.30, 0.00, 0.00)
(357.30, 0.00, 0.00)
(357.30, 0.00, 0.00)
(357.30, 0.00, 0.00)
(357.30, 0.00, 0.00)
(344.48, 0.00, 0.00)
(344.48, 0.00, 0.00)
(344.48, 0.00, 0.00)
(344.48, 0.00, 0.00)
(344.48, 0.00, 0.00)
(344.48, 0.00, 0.00)
(344.48, 0.00, 0.00)
(344.48, 0.00, 0.00)
(333.31, 0.00, 0.00)
(333.31, 0.00, 0.00)
(333.31, 0.00, 0.00)
(324.99, 0.00, 0.00)
(324.99, 0.00, 0.00)
(322.40, 0.00, 0.00)
(322.40, 0.00, 0.00)
(322.40, 0.00, 0.00)
(322.40, 0.00, 0.00)
(322.40, 0.00, 0.00)
(307.16, 0.00, 0.00)
(307.16, 0.00, 0.00)
(297.04, 0.00, 0.00)
(297.04, 0.00, 0.00)
(297.04, 0.00, 0.00)
(297.04, 0.00, 0.00)
(297.04, 0.00, 0.00)
(297.04, 0.00, 0.00)
(297.04, 0.00, 0.00)
(297.04, 0.00, 0.00)
(295.75, 0.00, 0.00)
(295.75, 0.00, 0.00)
(295.75, 0.00, 0.00)
(296.87, 0.00, 0.00)
(296.87, 0.00, 0.00)
(296.87, 0.00, 0.00)
(296.87, 0.00, 0.00)
(296.87, 0.00, 0.00)
(305.89, 0.00, 0.00)
(305.89, 0.00, 0.00)
(295.98, 0.00, 0.00)
(295.98, 0.00, 0.00)
(295.98, 0.00, 0.00)
(295.98, 0.00, 0.00)
(295.98, 0.00, 0.00)
(295.98, 0.00, 0.00)
(295.98, 0.00, 0.00)
(295.98, 0.00, 0.00)
(295.98, 0.00, 0.00)
(295.98, 0.00, 0.00)
(285.35, 0.00, 0.00)
(285.35, 0.00, 0.00)
(285.35, 0.00, 0.00)
(284.36, 0.00, 0.00)
(284.36, 0.00, 0.00)
(284.36, 0.00, 0.00)
(284.36, 0.00, 0.00)
(284.36, 0.00, 0.00)
(281.78, 0.00, 0.00)
(281.78, 0.00, 0.00)
(281.78, 0.00, 0.00)
(281.78, 0.00, 0.00)
(281.78, 0.00, 0.00)
(281.78, 0.00, 0.00)
(279.19, 0.00, 0.00)
(279.19, 0.00, 0.00)
(278.51, 0.00, 0.00)
(278.51, 0.00, 0.00)
(278.51, 0.00, 0.00)
(278.51, 0.00, 0.00)
(278.51, 0.00, 0.00)
(278.51, 0.00, 0.00)
(281.43, 0.00, 0.00)
(281.43, 0.00, 0.00)
(281.43, 0.00, 0.00)
(281.43, 0.00, 0.00)
(281.43, 0.00, 0.00)
(274.87, 0.00, 0.00)
(274.87, 0.00, 0.00)
(274.87, 0.00, 0.00)
(274.87, 0.00, 0.00)
(274.87, 0.00, 0.00)
(274.96, 0.00, 0.00)
(274.96, 0.00, 0.00)
(274.96, 0.00, 0.00)
(274.96, 0.00, 0.00)
(274.96, 0.00, 0.00)
(274.41, 0.00, 0.00)
(274.41, 0.00, 0.00)
(274.53, 0.00, 0.00)
(274.53, 0.00, 0.00)
(274.53, 0.00, 0.00)
(274.53, 0.00, 0.00)
(274.53, 0.00, 0.00)
(273.95, 0.00, 0.00)
(273.95, 0.00, 0.00)
(272.33, 0.00, 0.00)
(272.33, 0.00, 0.00)
(272.33, 0.00, 0.00)
(272.33, 0.00, 0.00)
(272.66, 0.00, 0.00)
(272.66, 0.00, 0.00)
(272.66, 0.00, 0.00)
(272.66, 0.00, 0.00)
(272.66, 0.00, 0.00)
(272.66, 0.00, 0.00)
(272.35, 0.00, 0.00)
(272.35, 0.00, 0.00)
(273.16, 0.00, 0.00)
(273.16, 0.00, 0.00)
(273.16, 0.00, 0.00)
(273.16, 0.00, 0.00)
(273.16, 0.00, 0.00)
(273.16, 0.00, 0.00)
(273.38, 0.00, 0.00)
(273.38, 0.00, 0.00)
(273.38, 0.00, 0.00)
(273.38, 0.00, 0.00)
(273.38, 0.00, 0.00)
(273.38, 0.00, 0.00)
(273.38, 0.00, 0.00)
(273.38, 0.00, 0.00)
(273.38, 0.00, 0.00)
(273.38, 0.00, 0.00)
(273.07, 0.00, 0.00)
(273.07, 0.00, 0.00)
(273.36, 0.00, 0.00)
(273.36, 0.00, 0.00)
(273.36, 0.00, 0.00)
(273.36, 0.00, 0.00)
(273.36, 0.00, 0.00)
(273.36, 0.00, 0.00)
(273.09, 0.00, 0.00)
(273.09, 0.00, 0.00)
(273.09, 0.00, 0.00)
(273.09, 0.00, 0.00)
(273.76, 0.00, 0.00)
(273.34, 0.00, 0.00)
(273.34, 0.00, 0.00)
(273.34, 0.00, 0.00)
(273.34, 0.00, 0.00)
(273.34, 0.00, 0.00)
(273.52, 0.00, 0.00)
(273.52, 0.00, 0.00)
(273.52, 0.00, 0.00)
(273.52, 0.00, 0.00)
(273.52, 0.00, 0.00)
(273.87, 0.00, 0.00)
(273.87, 0.00, 0.00)
(273.55, 0.00, 0.00)
(273.55, 0.00, 0.00)
(273.55, 0.00, 0.00)
(273.55, 0.00, 0.00)
(273.55, 0.00, 0.00)
(273.90, 0.00, 0.00)
(273.90, 0.00, 0.00)
(273.90, 0.00, 0.00)
(273.90, 0.00, 0.00)
(273.90, 0.00, 0.00)
(273.63, 0.00, 0.00)
(273.63, 0.00, 0.00)
(273.63, 0.00, 0.00)
(273.80, 0.00, 0.00)
(273.80, 0.00, 0.00)
(273.80, 0.00, 0.00)
(273.80, 0.00, 0.00)
(273.80, 0.00, 0.00)
(273.56, 0.00, 0.00)
(273.56, 0.00, 0.00)
(273.56, 0.00, 0.00)
(273.60, 0.00, 0.00)
(273.60, 0.00, 0.00)
(273.60, 0.00, 0.00)
(273.60, 0.00, 0.00)
(273.60, 0.00, 0.00)
(273.60, 0.00, 0.00)
(273.67, 0.00, 0.00)
(273.67, 0.00, 0.00)
(273.67, 0.00, 0.00)
(273.85, 0.00, 0.00)
(273.85, 0.00, 0.00)
(273.85, 0.00, 0.00)
(273.85, 0.00, 0.00)
(273.85, 0.00, 0.00)
(273.85, 0.00, 0.00)
(273.60, 0.00, 0.00)
(273.60, 0.00, 0.00)
(273.60, 0.00, 0.00)
(273.60, 0.00, 0.00)
(273.55, 0.00, 0.00)
(273.55, 0.00, 0.00)
(273.55, 0.00, 0.00)
(273.55, 0.00, 0.00)
(273.55, 0.00, 0.00)
(273.55, 0.00, 0.00)
(273.78, 0.00, 0.00)
(273.78, 0.00, 0.00)
(273.78, 0.00, 0.00)
(274.25, 0.00, 0.00)
(274.25, 0.00, 0.00)
(274.25, 0.00, 0.00)
(274.25, 0.00, 0.00)
(272.84, 0.00, 0.00)
(272.84, 0.00, 0.00)
(272.84, 0.00, 0.00)
(274.25, 0.00, 0.00)
(274.25, 0.00, 0.00)
(274.25, 0.00, 0.00)
(274.25, 0.00, 0.00)
(274.25, 0.00, 0.00)
(277.59, 0.00, 0.00)
(277.59, 0.00, 0.00)
(277.59, 0.00, 0.00)
(277.59, 0.00, 0.00)
(277.59, 0.00, 0.00)
(278.15, 0.00, 0.00)
(278.15, 0.00, 0.00)
(278.15, 0.00, 0.00)
(278.15, 0.00, 0.00)
(281.36, 0.00, 0.00)
(281.36, 0.00, 0.00)
(281.36, 0.00, 0.00)
(292.14, 0.00, 0.00)
(292.14, 0.00, 0.00)
(292.14, 0.00, 0.00)
(292.14, 0.00, 0.00)
(306.00, 0.00, 0.00)
(306.00, 0.00, 0.00)
(306.00, 0.00, 0.00)
(306.00, 0.00, 0.00)
(306.00, 0.00, 0.00)
(306.00, 0.00, 0.00)
(300.18, 0.00, 0.00)
(300.18, 0.00, 0.00)
(300.18, 0.00, 0.00)
(300.18, 0.00, 0.00)
(300.18, 0.00, 0.00)
(300.18, 0.00, 0.00)
(300.18, 0.00, 0.00)
(300.18, 0.00, 0.00)
(300.18, 0.00, 0.00)
(300.18, 0.00, 0.00)
(300.18, 0.00, 0.00)
(300.18, 0.00, 0.00)
(300.18, 0.00, 0.00)
(311.23, 0.00, 0.00)
(311.23, 0.00, 0.00)
(319.41, 0.00, 0.00)
(319.41, 0.00, 0.00)
(319.41, 0.00, 0.00)
(319.41, 0.00, 0.00)
(317.47, 0.00, 0.00)
(317.47, 0.00, 0.00)
(317.47, 0.00, 0.00)
(317.47, 0.00, 0.00)
(317.47, 0.00, 0.00)
(317.47, 0.00, 0.00)
(319.24, 0.00, 0.00)
(319.24, 0.00, 0.00)
(323.80, 0.00, 0.00)
(323.80, 0.00, 0.00)
(323.80, 0.00, 0.00)
(323.80, 0.00, 0.00)
(323.80, 0.00, 0.00)
(319.26, 0.00, 0.00)
(319.26, 0.00, 0.00)
(319.26, 0.00, 0.00)
(319.26, 0.00, 0.00)
(319.26, 0.00, 0.00)
(319.26, 0.00, 0.00)
(319.26, 0.00, 0.00)
(319.26, 0.00, 0.00)
(319.26, 0.00, 0.00)
(319.26, 0.00, 0.00)
(323.98, 0.00, 0.00)
(323.98, 0.00, 0.00)
(355.13, 0.00, 0.00)
(355.13, 0.00, 0.00)
(355.13, 0.00, 0.00)
(1.28, 0.00, 0.00)
(1.28, 0.00, 0.00)
(1.28, 0.00, 0.00)
(1.28, 0.00, 0.00)
(1.28, 0.00, 0.00)
(359.00, 0.00, 0.00)
(359.00, 0.00, 0.00)
(359.00, 0.00, 0.00)
(359.00, 0.00, 0.00)
(359.00, 0.00, 0.00)
(356.52, 0.00, 0.00)
(356.52, 0.00, 0.00)
(356.52, 0.00, 0.00)
(356.52, 0.00, 0.00)
(356.52, 0.00, 0.00)
(356.52, 0.00, 0.00)
(356.07, 0.00, 0.00)
(356.07, 0.00, 0.00)
(352.95, 0.00, 0.00)
(352.95, 0.00, 0.00)
(352.95, 0.00, 0.00)
(352.95, 0.00, 0.00)
(347.38, 0.00, 0.00)
(347.38, 0.00, 0.00)
(347.38, 0.00, 0.00)
(347.38, 0.00, 0.00)
(347.38, 0.00, 0.00)
(347.38, 0.00, 0.00)
(354.21, 0.00, 0.00)
(354.21, 0.00, 0.00)
(354.21, 0.00, 0.00)
(354.21, 0.00, 0.00)
(354.21, 0.00, 0.00)
(359.20, 0.00, 0.00)
(359.20, 0.00, 0.00)
(354.39, 0.00, 0.00)
(354.39, 0.00, 0.00)
(354.39, 0.00, 0.00)
(354.39, 0.00, 0.00)
(354.39, 0.00, 0.00)
(354.39, 0.00, 0.00)
(354.39, 0.00, 0.00)
(354.39, 0.00, 0.00)
(354.39, 0.00, 0.00)
(1.55, 0.00, 0.00)
(1.55, 0.00, 0.00)
(1.55, 0.00, 0.00)
(1.55, 0.00, 0.00)
(7.74, 0.00, 0.00)
(7.74, 0.00, 0.00)
(7.74, 0.00, 0.00)
(7.74, 0.00, 0.00)
(7.74, 0.00, 0.00)
(7.74, 0.00, 0.00)
(2.26, 0.00, 0.00)
(2.26, 0.00, 0.00)
(2.26, 0.00, 0.00)
(2.26, 0.00, 0.00)
(2.26, 0.00, 0.00)
(339.21, 0.00, 0.00)
(339.21, 0.00, 0.00)
(339.21, 0.00, 0.00)
(339.21, 0.00, 0.00)
(339.21, 0.00, 0.00)
(318.82, 0.00, 0.00)
(318.82, 0.00, 0.00)
(317.15, 0.00, 0.00)
(317.15, 0.00, 0.00)
(317.15, 0.00, 0.00)
(317.15, 0.00, 0.00)
(317.15, 0.00, 0.00)
(321.94, 0.00, 0.00)
(321.94, 0.00, 0.00)
(311.44, 0.00, 0.00)
(311.44, 0.00, 0.00)
(311.44, 0.00, 0.00)
(311.44, 0.00, 0.00)
(311.44, 0.00, 0.00)
(301.56, 0.00, 0.00)
(301.56, 0.00, 0.00)
(301.56, 0.00, 0.00)
(301.56, 0.00, 0.00)
(301.56, 0.00, 0.00)
(301.56, 0.00, 0.00)
(302.14, 0.00, 0.00)
(302.14, 0.00, 0.00)
(301.43, 0.00, 0.00)
(301.43, 0.00, 0.00)
(301.43, 0.00, 0.00)
(301.43, 0.00, 0.00)
(301.43, 0.00, 0.00)
(301.43, 0.00, 0.00)
(301.43, 0.00, 0.00)
(301.43, 0.00, 0.00)
(301.43, 0.00, 0.00)
(291.00, 0.00, 0.00)
(291.00, 0.00, 0.00)
(286.50, 0.00, 0.00)
(286.50, 0.00, 0.00)
(286.50, 0.00, 0.00)
(286.50, 0.00, 0.00)
(286.50, 0.00, 0.00)
(287.07, 0.00, 0.00)
(287.07, 0.00, 0.00)
(285.80, 0.00, 0.00)
(285.80, 0.00, 0.00)
(285.80, 0.00, 0.00)
(285.80, 0.00, 0.00)
(285.80, 0.00, 0.00)
(285.80, 0.00, 0.00)
(279.47, 0.00, 0.00)
(279.47, 0.00, 0.00)
(279.47, 0.00, 0.00)
(279.47, 0.00, 0.00)
(279.47, 0.00, 0.00)
(277.46, 0.00, 0.00)
(277.46, 0.00, 0.00)
(277.46, 0.00, 0.00)
(281.47, 0.00, 0.00)
(281.47, 0.00, 0.00)
(281.47, 0.00, 0.00)
(281.47, 0.00, 0.00)
(281.47, 0.00, 0.00)
(281.47, 0.00, 0.00)
(281.47, 0.00, 0.00)
(280.68, 0.00, 0.00)
(280.68, 0.00, 0.00)
(277.67, 0.00, 0.00)
(277.67, 0.00, 0.00)
(276.70, 0.00, 0.00)
(276.70, 0.00, 0.00)
(276.70, 0.00, 0.00)
(276.70, 0.00, 0.00)
(276.70, 0.00, 0.00)
(276.70, 0.00, 0.00)
(276.70, 0.00, 0.00)
(276.61, 0.00, 0.00)
(276.61, 0.00, 0.00)
(276.61, 0.00, 0.00)
(276.61, 0.00, 0.00)
(276.61, 0.00, 0.00)
(276.61, 0.00, 0.00)
(276.61, 0.00, 0.00)
(276.35, 0.00, 0.00)
(276.35, 0.00, 0.00)
(276.35, 0.00, 0.00)
(276.94, 0.00, 0.00)
(276.94, 0.00, 0.00)
(276.94, 0.00, 0.00)
(276.94, 0.00, 0.00)
(276.30, 0.00, 0.00)
(276.30, 0.00, 0.00)
(276.30, 0.00, 0.00)
(276.30, 0.00, 0.00)
(276.30, 0.00, 0.00)
(275.87, 0.00, 0.00)
(275.87, 0.00, 0.00)
(275.91, 0.00, 0.00)
(275.91, 0.00, 0.00)
(275.91, 0.00, 0.00)
(275.91, 0.00, 0.00)
(275.91, 0.00, 0.00)
(275.91, 0.00, 0.00)
(275.81, 0.00, 0.00)
(275.81, 0.00, 0.00)
(275.96, 0.00, 0.00)
(275.96, 0.00, 0.00)
(275.96, 0.00, 0.00)
(275.96, 0.00, 0.00)
(275.96, 0.00, 0.00)
(275.96, 0.00, 0.00)
(275.96, 0.00, 0.00)
(275.96, 0.00, 0.00)
(276.27, 0.00, 0.00)
(276.27, 0.00, 0.00)
(275.93, 0.00, 0.00)
(275.93, 0.00, 0.00)
(275.93, 0.00, 0.00)
(275.93, 0.00, 0.00)
(275.93, 0.00, 0.00)
(275.93, 0.00, 0.00)
(275.93, 0.00, 0.00)
(275.93, 0.00, 0.00)
(275.93, 0.00, 0.00)
(275.93, 0.00, 0.00)
(275.93, 0.00, 0.00)
(275.93, 0.00, 0.00)
(275.93, 0.00, 0.00)
(275.93, 0.00, 0.00)
(275.93, 0.00, 0.00)
(275.93, 0.00, 0.00)
(275.93, 0.00, 0.00)
(276.91, 0.00, 0.00)
(276.91, 0.00, 0.00)
(276.91, 0.00, 0.00)
(276.91, 0.00, 0.00)
(276.82, 0.00, 0.00)
(276.82, 0.00, 0.00)
(276.82, 0.00, 0.00)
(276.72, 0.00, 0.00)
(276.72, 0.00, 0.00)
(276.72, 0.00, 0.00)
(276.72, 0.00, 0.00)
(276.96, 0.00, 0.00)
(276.96, 0.00, 0.00)
(276.96, 0.00, 0.00)
(276.96, 0.00, 0.00)
(276.96, 0.00, 0.00)
(276.52, 0.00, 0.00)
(276.52, 0.00, 0.00)
(276.52, 0.00, 0.00)
(276.68, 0.00, 0.00)
(276.68, 0.00, 0.00)
(276.68, 0.00, 0.00)
(276.68, 0.00, 0.00)
(276.68, 0.00, 0.00)
(276.67, 0.00, 0.00)
(276.67, 0.00, 0.00)
(276.67, 0.00, 0.00)
(276.67, 0.00, 0.00)
(276.33, 0.00, 0.00)
(276.33, 0.00, 0.00)
(276.33, 0.00, 0.00)
(275.58, 0.00, 0.00)
(275.58, 0.00, 0.00)
(275.58, 0.00, 0.00)
(275.58, 0.00, 0.00)
(275.58, 0.00, 0.00)
(275.58, 0.00, 0.00)
(275.58, 0.00, 0.00)
(275.06, 0.00, 0.00)
(275.06, 0.00, 0.00)
(274.68, 0.00, 0.00)
(274.68, 0.00, 0.00)
(274.68, 0.00, 0.00)
(271.78, 0.00, 0.00)
(271.78, 0.00, 0.00)
(271.78, 0.00, 0.00)
(271.78, 0.00, 0.00)
(271.78, 0.00, 0.00)
(278.27, 0.00, 0.00)
(278.27, 0.00, 0.00)
(278.27, 0.00, 0.00)
(278.27, 0.00, 0.00)
(280.40, 0.00, 0.00)
(280.40, 0.00, 0.00)
(280.78, 0.00, 0.00)
(280.78, 0.00, 0.00)
(280.78, 0.00, 0.00)
(280.78, 0.00, 0.00)
(280.78, 0.00, 0.00)
(287.31, 0.00, 0.00)
(287.31, 0.00, 0.00)
(287.31, 0.00, 0.00)
(287.31, 0.00, 0.00)
(297.88, 0.00, 0.00)
(297.88, 0.00, 0.00)
(297.88, 0.00, 0.00)
(297.98, 0.00, 0.00)
(297.98, 0.00, 0.00)
(297.98, 0.00, 0.00)
(297.98, 0.00, 0.00)
(297.98, 0.00, 0.00)
(299.81, 0.00, 0.00)
(299.81, 0.00, 0.00)
(299.81, 0.00, 0.00)
(299.81, 0.00, 0.00)
(308.66, 0.00, 0.00)
(308.66, 0.00, 0.00)
(308.66, 0.00, 0.00)
(313.66, 0.00, 0.00)
(313.66, 0.00, 0.00)
(313.66, 0.00, 0.00)
(313.66, 0.00, 0.00)
(313.66, 0.00, 0.00)
(313.66, 0.00, 0.00)
(313.66, 0.00, 0.00)
(317.18, 0.00, 0.00)
(317.18, 0.00, 0.00)
(317.94, 0.00, 0.00)
(317.94, 0.00, 0.00)
(317.94, 0.00, 0.00)
(318.92, 0.00, 0.00)
(318.92, 0.00, 0.00)
(318.92, 0.00, 0.00)
(318.92, 0.00, 0.00)
(318.92, 0.00, 0.00)
(331.82, 0.00, 0.00)
(331.82, 0.00, 0.00)
(331.82, 0.00, 0.00)
(331.82, 0.00, 0.00)
(331.82, 0.00, 0.00)
(329.49, 0.00, 0.00)
(329.49, 0.00, 0.00)
(329.49, 0.00, 0.00)
(329.49, 0.00, 0.00)
(331.71, 0.00, 0.00)
(331.71, 0.00, 0.00)
(331.45, 0.00, 0.00)
(331.45, 0.00, 0.00)
(331.45, 0.00, 0.00)
(331.45, 0.00, 0.00)
(331.45, 0.00, 0.00)
(331.45, 0.00, 0.00)
(331.45, 0.00, 0.00)
(331.45, 0.00, 0.00)
(335.42, 0.00, 0.00)
(335.42, 0.00, 0.00)
(338.96, 0.00, 0.00)
(338.96, 0.00, 0.00)
(338.96, 0.00, 0.00)
(338.96, 0.00, 0.00)
(338.96, 0.00, 0.00)
(346.01, 0.00, 0.00)
(346.01, 0.00, 0.00)
(346.01, 0.00, 0.00)
(346.01, 0.00, 0.00)
(346.01, 0.00, 0.00)
(347.66, 0.00, 0.00)
(347.66, 0.00, 0.00)
(349.77, 0.00, 0.00)
(349.77, 0.00, 0.00)
(349.77, 0.00, 0.00)
(349.77, 0.00, 0.00)
(352.25, 0.00, 0.00)
(352.25, 0.00, 0.00)
(352.25, 0.00, 0.00)
(357.84, 0.00, 0.00)
(357.84, 0.00, 0.00)
(357.84, 0.00, 0.00)
(357.84, 0.00, 0.00)
(357.84, 0.00, 0.00)
(359.72, 0.00, 0.00)
(359.72, 0.00, 0.00)
(359.72, 0.00, 0.00)
(359.72, 0.00, 0.00)
(359.72, 0.00, 0.00)
(359.23, 0.00, 0.00)
(359.23, 0.00, 0.00)
(353.90, 0.00, 0.00)
(353.90, 0.00, 0.00)
(353.90, 0.00, 0.00)
(353.90, 0.00, 0.00)
(353.90, 0.00, 0.00)
(358.62, 0.00, 0.00)
(358.62, 0.00, 0.00)
(358.62, 0.00, 0.00)
(358.62, 0.00, 0.00)
(358.62, 0.00, 0.00)
(354.11, 0.00, 0.00)
(354.11, 0.00, 0.00)
(347.46, 0.00, 0.00)
(347.46, 0.00, 0.00)
(347.46, 0.00, 0.00)
(347.46, 0.00, 0.00)
(347.46, 0.00, 0.00)
(340.72, 0.00, 0.00)
(340.72, 0.00, 0.00)
(340.72, 0.00, 0.00)
(340.72, 0.00, 0.00)
(336.01, 0.00, 0.00)
(336.01, 0.00, 0.00)
(336.01, 0.00, 0.00)
(336.01, 0.00, 0.00)
(330.68, 0.00, 0.00)
(330.68, 0.00, 0.00)
(330.68, 0.00, 0.00)
(330.68, 0.00, 0.00)
(326.15, 0.00, 0.00)
(326.15, 0.00, 0.00)
(326.15, 0.00, 0.00)
(326.15, 0.00, 0.00)
(326.15, 0.00, 0.00)
(314.63, 0.00, 0.00)
(314.63, 0.00, 0.00)
(314.63, 0.00, 0.00)
(303.81, 0.00, 0.00)
(303.81, 0.00, 0.00)
(303.81, 0.00, 0.00)
(303.81, 0.00, 0.00)
(303.81, 0.00, 0.00)
(306.20, 0.00, 0.00)
(306.20, 0.00, 0.00)
(306.20, 0.00, 0.00)
(306.20, 0.00, 0.00)
(306.20, 0.00, 0.00)
(303.06, 0.00, 0.00)
(303.06, 0.00, 0.00)
(303.06, 0.00, 0.00)
(303.06, 0.00, 0.00)
(303.06, 0.00, 0.00)
(303.28, 0.00, 0.00)
(303.28, 0.00, 0.00)
(300.97, 0.00, 0.00)
(300.97, 0.00, 0.00)
(300.97, 0.00, 0.00)
(300.97, 0.00, 0.00)
(300.97, 0.00, 0.00)
(292.56, 0.00, 0.00)
(292.56, 0.00, 0.00)
(292.56, 0.00, 0.00)
(292.56, 0.00, 0.00)
(292.56, 0.00, 0.00)
(292.56, 0.00, 0.00)
(289.47, 0.00, 0.00)
(289.47, 0.00, 0.00)
(291.47, 0.00, 0.00)
(291.47, 0.00, 0.00)
(291.47, 0.00, 0.00)
(291.47, 0.00, 0.00)
(291.47, 0.00, 0.00)
(291.01, 0.00, 0.00)
(291.01, 0.00, 0.00)
(291.01, 0.00, 0.00)
(291.01, 0.00, 0.00)
(291.01, 0.00, 0.00)
(285.17, 0.00, 0.00)
(285.17, 0.00, 0.00)
(285.17, 0.00, 0.00)
(285.17, 0.00, 0.00)
(285.50, 0.00, 0.00)
(285.50, 0.00, 0.00)
(284.92, 0.00, 0.00)
(284.92, 0.00, 0.00)
(284.92, 0.00, 0.00)
(284.92, 0.00, 0.00)
(284.92, 0.00, 0.00)
(281.10, 0.00, 0.00)
(281.10, 0.00, 0.00)
(281.10, 0.00, 0.00)
(281.10, 0.00, 0.00)
(281.10, 0.00, 0.00)
(280.75, 0.00, 0.00)
(280.75, 0.00, 0.00)
(275.99, 0.00, 0.00)
(275.99, 0.00, 0.00)
(275.99, 0.00, 0.00)
(275.99, 0.00, 0.00)
(275.99, 0.00, 0.00)
(275.85, 0.00, 0.00)
(275.85, 0.00, 0.00)
(276.38, 0.00, 0.00)
(276.38, 0.00, 0.00)
(276.38, 0.00, 0.00)
(276.38, 0.00, 0.00)
(276.38, 0.00, 0.00)
(275.09, 0.00, 0.00)
(275.09, 0.00, 0.00)
(275.09, 0.00, 0.00)
(275.09, 0.00, 0.00)
(275.09, 0.00, 0.00)
(274.13, 0.00, 0.00)
(274.13, 0.00, 0.00)
(274.13, 0.00, 0.00)
(274.13, 0.00, 0.00)
(274.13, 0.00, 0.00)
(272.98, 0.00, 0.00)
(272.98, 0.00, 0.00)
(272.98, 0.00, 0.00)
(272.96, 0.00, 0.00)
(272.96, 0.00, 0.00)
(272.96, 0.00, 0.00)
(272.96, 0.00, 0.00)
(272.96, 0.00, 0.00)
(272.83, 0.00, 0.00)
(272.83, 0.00, 0.00)
(272.83, 0.00, 0.00)
(272.83, 0.00, 0.00)
(271.19, 0.00, 0.00)
(271.19, 0.00, 0.00)
(271.19, 0.00, 0.00)
(271.19, 0.00, 0.00)
(271.91, 0.00, 0.00)
(271.91, 0.00, 0.00)
(271.91, 0.00, 0.00)
(271.51, 0.00, 0.00)
(271.51, 0.00, 0.00)
(271.51, 0.00, 0.00)
(271.51, 0.00, 0.00)
(271.51, 0.00, 0.00)
(271.65, 0.00, 0.00)
(271.65, 0.00, 0.00)
(271.65, 0.00, 0.00)
(271.65, 0.00, 0.00)
(271.65, 0.00, 0.00)
(271.01, 0.00, 0.00)
(271.01, 0.00, 0.00)
(271.11, 0.00, 0.00)
(271.11, 0.00, 0.00)
(271.11, 0.00, 0.00)
(271.11, 0.00, 0.00)
(271.11, 0.00, 0.00)
(271.92, 0.00, 0.00)
(271.92, 0.00, 0.00)
(271.92, 0.00, 0.00)
(271.92, 0.00, 0.00)
(271.91, 0.00, 0.00)
(271.91, 0.00, 0.00)
(271.91, 0.00, 0.00)
(271.91, 0.00, 0.00)
(271.57, 0.00, 0.00)
(271.57, 0.00, 0.00)
(271.57, 0.00, 0.00)
(271.57, 0.00, 0.00)
(271.57, 0.00, 0.00)
(272.93, 0.00, 0.00)
(272.93, 0.00, 0.00)
(272.93, 0.00, 0.00)
(272.93, 0.00, 0.00)
(274.25, 0.00, 0.00)
(274.25, 0.00, 0.00)
(274.25, 0.00, 0.00)
(273.63, 0.00, 0.00)
(273.63, 0.00, 0.00)
(273.63, 0.00, 0.00)
(273.63, 0.00, 0.00)
(273.63, 0.00, 0.00)
(277.61, 0.00, 0.00)
(277.61, 0.00, 0.00)
(277.61, 0.00, 0.00)
(277.61, 0.00, 0.00)
(277.61, 0.00, 0.00)
(279.66, 0.00, 0.00)
(279.66, 0.00, 0.00)
(279.66, 0.00, 0.00)
(282.01, 0.00, 0.00)
(282.01, 0.00, 0.00)
(282.01, 0.00, 0.00)
(282.01, 0.00, 0.00)
(282.01, 0.00, 0.00)
(283.59, 0.00, 0.00)
(283.59, 0.00, 0.00)
(283.59, 0.00, 0.00)
(283.59, 0.00, 0.00)
(283.59, 0.00, 0.00)
(284.38, 0.00, 0.00)
(284.38, 0.00, 0.00)
(284.38, 0.00, 0.00)
(297.66, 0.00, 0.00)
(297.66, 0.00, 0.00)
(297.66, 0.00, 0.00)
(297.66, 0.00, 0.00)
(299.31, 0.00, 0.00)
(299.31, 0.00, 0.00)
(299.31, 0.00, 0.00)
(299.31, 0.00, 0.00)
(299.31, 0.00, 0.00)
(296.29, 0.00, 0.00)
(296.29, 0.00, 0.00)
(298.59, 0.00, 0.00)
(298.59, 0.00, 0.00)
(298.59, 0.00, 0.00)
(298.59, 0.00, 0.00)
(298.59, 0.00, 0.00)
(298.59, 0.00, 0.00)
(309.27, 0.00, 0.00)
(309.27, 0.00, 0.00)
(309.27, 0.00, 0.00)
(309.27, 0.00, 0.00)
(320.04, 0.00, 0.00)
(320.04, 0.00, 0.00)
(320.04, 0.00, 0.00)
(313.81, 0.00, 0.00)
(313.81, 0.00, 0.00)
(313.81, 0.00, 0.00)
(313.81, 0.00, 0.00)
(313.81, 0.00, 0.00)
(313.06, 0.00, 0.00)
(313.06, 0.00, 0.00)
(313.06, 0.00, 0.00)
(313.06, 0.00, 0.00)
(316.56, 0.00, 0.00)
(316.56, 0.00, 0.00)
(316.56, 0.00, 0.00)
(327.16, 0.00, 0.00)
(327.16, 0.00, 0.00)
(327.16, 0.00, 0.00)
(327.16, 0.00, 0.00)
(327.16, 0.00, 0.00)
(340.93, 0.00, 0.00)
(340.93, 0.00, 0.00)
(340.93, 0.00, 0.00)
(340.93, 0.00, 0.00)
(339.10, 0.00, 0.00)
(336.48, 0.00, 0.00)
(336.48, 0.00, 0.00)
(336.48, 0.00, 0.00)
(336.48, 0.00, 0.00)
(336.48, 0.00, 0.00)
(343.15, 0.00, 0.00)
(343.15, 0.00, 0.00)
(343.15, 0.00, 0.00)
(343.15, 0.00, 0.00)
(351.12, 0.00, 0.00)
(351.12, 0.00, 0.00)
(351.12, 0.00, 0.00)
(351.12, 0.00, 0.00)
(351.12, 0.00, 0.00)
(346.77, 0.00, 0.00)
(346.77, 0.00, 0.00)
(346.77, 0.00, 0.00)
(349.01, 0.00, 0.00)
(349.01, 0.00, 0.00)
(349.01, 0.00, 0.00)
(349.01, 0.00, 0.00)
(349.01, 0.00, 0.00)
(353.08, 0.00, 0.00)
(353.08, 0.00, 0.00)
(353.08, 0.00, 0.00)
(353.08, 0.00, 0.00)
(346.70, 0.00, 0.00)
(346.70, 0.00, 0.00)
(346.70, 0.00, 0.00)
(354.99, 0.00, 0.00)
(354.99, 0.00, 0.00)
(354.99, 0.00, 0.00)
(354.99, 0.00, 0.00)
(359.79, 0.00, 0.00)
(359.79, 0.00, 0.00)
(359.79, 0.00, 0.00)
(0.81, 0.00, 0.00)
(0.81, 0.00, 0.00)
(0.81, 0.00, 0.00)
(0.81, 0.00, 0.00)
(3.21, 0.00, 0.00)
(3.21, 0.00, 0.00)
(3.21, 0.00, 0.00)
(3.21, 0.00, 0.00)
(3.21, 0.00, 0.00)
(345.67, 0.00, 0.00)
(345.67, 0.00, 0.00)
(345.67, 0.00, 0.00)
(345.67, 0.00, 0.00)
(345.67, 0.00, 0.00)
(340.61, 0.00, 0.00)
(340.61, 0.00, 0.00)
(340.61, 0.00, 0.00)
(338.30, 0.00, 0.00)
(338.30, 0.00, 0.00)
(338.30, 0.00, 0.00)
(338.30, 0.00, 0.00)
(324.42, 0.00, 0.00)
(324.42, 0.00, 0.00)
(324.42, 0.00, 0.00)
(324.42, 0.00, 0.00)
(324.42, 0.00, 0.00)
(317.96, 0.00, 0.00)
(317.96, 0.00, 0.00)
(317.96, 0.00, 0.00)
(317.96, 0.00, 0.00)
(317.96, 0.00, 0.00)
(317.96, 0.00, 0.00)
(317.96, 0.00, 0.00)
(317.96, 0.00, 0.00)
(313.99, 0.00, 0.00)
(313.99, 0.00, 0.00)
(313.99, 0.00, 0.00)
(313.99, 0.00, 0.00)
(313.99, 0.00, 0.00)
(308.06, 0.00, 0.00)
(308.06, 0.00, 0.00)
(308.06, 0.00, 0.00)
(305.49, 0.00, 0.00)
(305.49, 0.00, 0.00)
(305.49, 0.00, 0.00)
(305.49, 0.00, 0.00)
(305.49, 0.00, 0.00)
(305.49, 0.00, 0.00)
(305.49, 0.00, 0.00)
(304.93, 0.00, 0.00)
(304.93, 0.00, 0.00)
(305.49, 0.00, 0.00)
(305.49, 0.00, 0.00)
(305.49, 0.00, 0.00)
(305.49, 0.00, 0.00)
(305.49, 0.00, 0.00)
(299.41, 0.00, 0.00)
(299.41, 0.00, 0.00)
(299.41, 0.00, 0.00)
(299.41, 0.00, 0.00)
(299.41, 0.00, 0.00)
(299.41, 0.00, 0.00)
(293.77, 0.00, 0.00)
(291.14, 0.00, 0.00)
(291.14, 0.00, 0.00)
(291.14, 0.00, 0.00)
(291.14, 0.00, 0.00)
(291.14, 0.00, 0.00)
(289.64, 0.00, 0.00)
(289.64, 0.00, 0.00)
(289.64, 0.00, 0.00)
(289.64, 0.00, 0.00)
(289.64, 0.00, 0.00)
(284.35, 0.00, 0.00)
(284.35, 0.00, 0.00)
(282.50, 0.00, 0.00)
(282.50, 0.00, 0.00)
(282.50, 0.00, 0.00)
(282.50, 0.00, 0.00)
(282.50, 0.00, 0.00)
(283.72, 0.00, 0.00)
(283.72, 0.00, 0.00)
(283.72, 0.00, 0.00)
(283.72, 0.00, 0.00)
(283.72, 0.00, 0.00)
(282.62, 0.00, 0.00)
(282.62, 0.00, 0.00)
(279.17, 0.00, 0.00)
(279.17, 0.00, 0.00)
(279.17, 0.00, 0.00)
(279.17, 0.00, 0.00)
(278.38, 0.00, 0.00)
(278.38, 0.00, 0.00)
(277.89, 0.00, 0.00)
(277.89, 0.00, 0.00)
(277.89, 0.00, 0.00)
(277.89, 0.00, 0.00)
(277.89, 0.00, 0.00)
(275.04, 0.00, 0.00)
(275.04, 0.00, 0.00)
(275.04, 0.00, 0.00)
(275.04, 0.00, 0.00)
(275.04, 0.00, 0.00)
(275.08, 0.00, 0.00)
(275.08, 0.00, 0.00)
(273.17, 0.00, 0.00)
(273.17, 0.00, 0.00)
(273.17, 0.00, 0.00)
(273.17, 0.00, 0.00)
(273.17, 0.00, 0.00)
(271.17, 0.00, 0.00)
(271.17, 0.00, 0.00)
(271.17, 0.00, 0.00)
(271.17, 0.00, 0.00)
(271.17, 0.00, 0.00)
(270.81, 0.00, 0.00)
(270.81, 0.00, 0.00)
(270.79, 0.00, 0.00)
(270.79, 0.00, 0.00)
(270.79, 0.00, 0.00)
(270.79, 0.00, 0.00)
(272.91, 0.00, 0.00)
(272.91, 0.00, 0.00)
(272.91, 0.00, 0.00)
(272.91, 0.00, 0.00)
(272.91, 0.00, 0.00)
(272.91, 0.00, 0.00)
(271.79, 0.00, 0.00)
(271.79, 0.00, 0.00)
(271.79, 0.00, 0.00)
(271.79, 0.00, 0.00)
(271.79, 0.00, 0.00)
(271.79, 0.00, 0.00)
(274.00, 0.00, 0.00)
(274.00, 0.00, 0.00)
(274.00, 0.00, 0.00)
(274.00, 0.00, 0.00)
(274.00, 0.00, 0.00)
(274.23, 0.00, 0.00)
(274.23, 0.00, 0.00)
(273.27, 0.00, 0.00)
(273.27, 0.00, 0.00)
(273.27, 0.00, 0.00)
(273.27, 0.00, 0.00)
(273.27, 0.00, 0.00)
(273.63, 0.00, 0.00)
(273.63, 0.00, 0.00)
(273.63, 0.00, 0.00)
(273.63, 0.00, 0.00)
(273.63, 0.00, 0.00)
(274.48, 0.00, 0.00)
(274.48, 0.00, 0.00)
(274.48, 0.00, 0.00)
(274.48, 0.00, 0.00)
(274.51, 0.00, 0.00)
(274.51, 0.00, 0.00)
(274.51, 0.00, 0.00)
(274.20, 0.00, 0.00)
(274.20, 0.00, 0.00)
(274.20, 0.00, 0.00)
(274.20, 0.00, 0.00)
(274.20, 0.00, 0.00)
(274.20, 0.00, 0.00)
(274.43, 0.00, 0.00)
(274.43, 0.00, 0.00)
(274.57, 0.00, 0.00)
(274.57, 0.00, 0.00)
(274.57, 0.00, 0.00)
(274.57, 0.00, 0.00)
(274.80, 0.00, 0.00)
(274.80, 0.00, 0.00)
(274.80, 0.00, 0.00)
(274.80, 0.00, 0.00)
(274.80, 0.00, 0.00)
(274.80, 0.00, 0.00)
(274.80, 0.00, 0.00)
(274.80, 0.00, 0.00)
(274.80, 0.00, 0.00)
(274.80, 0.00, 0.00)
(275.15, 0.00, 0.00)
(275.15, 0.00, 0.00)
(275.15, 0.00, 0.00)
(275.55, 0.00, 0.00)
(275.55, 0.00, 0.00)
(275.55, 0.00, 0.00)
(275.55, 0.00, 0.00)
(275.55, 0.00, 0.00)
(275.62, 0.00, 0.00)
(275.62, 0.00, 0.00)
(275.98, 0.00, 0.00)
(275.98, 0.00, 0.00)
(275.98, 0.00, 0.00)
(275.98, 0.00, 0.00)
(275.81, 0.00, 0.00)
(275.81, 0.00, 0.00)
(275.81, 0.00, 0.00)
(275.81, 0.00, 0.00)
(275.81, 0.00, 0.00)
(275.92, 0.00, 0.00)
(275.92, 0.00, 0.00)
(275.92, 0.00, 0.00)
(275.67, 0.00, 0.00)
(275.67, 0.00, 0.00)
(275.67, 0.00, 0.00)
(275.67, 0.00, 0.00)
(275.91, 0.00, 0.00)
(275.91, 0.00, 0.00)
(275.91, 0.00, 0.00)
(275.91, 0.00, 0.00)
(275.91, 0.00, 0.00)
(276.65, 0.00, 0.00)
(276.65, 0.00, 0.00)
(276.65, 0.00, 0.00)
(276.65, 0.00, 0.00)
(276.65, 0.00, 0.00)
(275.71, 0.00, 0.00)
(275.71, 0.00, 0.00)
(275.71, 0.00, 0.00)
(275.71, 0.00, 0.00)
(275.71, 0.00, 0.00)
(275.56, 0.00, 0.00)
(275.56, 0.00, 0.00)
(275.56, 0.00, 0.00)
(275.40, 0.00, 0.00)
(275.40, 0.00, 0.00)
(275.40, 0.00, 0.00)
(275.40, 0.00, 0.00)
(275.40, 0.00, 0.00)
(277.05, 0.00, 0.00)
(277.05, 0.00, 0.00)
(277.05, 0.00, 0.00)
(275.63, 0.00, 0.00)
(275.63, 0.00, 0.00)
(275.63, 0.00, 0.00)
(276.11, 0.00, 0.00)
(276.11, 0.00, 0.00)
(276.11, 0.00, 0.00)
(276.11, 0.00, 0.00)
(276.11, 0.00, 0.00)
(276.07, 0.00, 0.00)
(276.07, 0.00, 0.00)
(276.07, 0.00, 0.00)
(276.07, 0.00, 0.00)
(275.30, 0.00, 0.00)
(275.30, 0.00, 0.00)
(275.30, 0.00, 0.00)
(274.77, 0.00, 0.00)
(274.77, 0.00, 0.00)
(274.77, 0.00, 0.00)
(274.77, 0.00, 0.00)
(274.30, 0.00, 0.00)
(274.30, 0.00, 0.00)
(274.30, 0.00, 0.00)
(274.30, 0.00, 0.00)
(274.30, 0.00, 0.00)
(274.30, 0.00, 0.00)
(273.53, 0.00, 0.00)
(273.53, 0.00, 0.00)
(273.53, 0.00, 0.00)
(274.32, 0.00, 0.00)
(274.32, 0.00, 0.00)
(274.32, 0.00, 0.00)
(274.32, 0.00, 0.00)
(277.67, 0.00, 0.00)
(277.67, 0.00, 0.00)
(277.67, 0.00, 0.00)
(280.27, 0.00, 0.00)
(280.27, 0.00, 0.00)
(280.27, 0.00, 0.00)
(280.27, 0.00, 0.00)
(280.27, 0.00, 0.00)
(280.27, 0.00, 0.00)
(280.27, 0.00, 0.00)
(295.22, 0.00, 0.00)
(295.22, 0.00, 0.00)
(302.77, 0.00, 0.00)
(302.77, 0.00, 0.00)
(302.77, 0.00, 0.00)
(302.77, 0.00, 0.00)
(302.77, 0.00, 0.00)
(303.97, 0.00, 0.00)
(303.97, 0.00, 0.00)
(303.97, 0.00, 0.00)
(306.87, 0.00, 0.00)
(306.87, 0.00, 0.00)
(306.87, 0.00, 0.00)
(306.87, 0.00, 0.00)
(306.87, 0.00, 0.00)
(306.87, 0.00, 0.00)
(306.87, 0.00, 0.00)
(315.65, 0.00, 0.00)
(318.89, 0.00, 0.00)
(318.89, 0.00, 0.00)
(318.89, 0.00, 0.00)
(318.89, 0.00, 0.00)
(318.89, 0.00, 0.00)
(318.89, 0.00, 0.00)
(318.89, 0.00, 0.00)
(343.98, 0.00, 0.00)
(343.98, 0.00, 0.00)
(343.98, 0.00, 0.00)
(343.98, 0.00, 0.00)
(343.98, 0.00, 0.00)
(354.61, 0.00, 0.00)
(354.61, 0.00, 0.00)
(354.61, 0.00, 0.00)
(354.61, 0.00, 0.00)
(354.61, 0.00, 0.00)
(354.61, 0.00, 0.00)
(353.45, 0.00, 0.00)
(353.45, 0.00, 0.00)
(343.73, 0.00, 0.00)
(343.73, 0.00, 0.00)
(343.21, 0.00, 0.00)
(343.21, 0.00, 0.00)
(343.21, 0.00, 0.00)
(343.21, 0.00, 0.00)
(343.21, 0.00, 0.00)
(343.21, 0.00, 0.00)
(348.27, 0.00, 0.00)
(348.27, 0.00, 0.00)
(350.42, 0.00, 0.00)
(350.42, 0.00, 0.00)
(350.42, 0.00, 0.00)
(350.42, 0.00, 0.00)
(350.42, 0.00, 0.00)
(346.83, 0.00, 0.00)
(346.83, 0.00, 0.00)
(346.83, 0.00, 0.00)
(346.83, 0.00, 0.00)
(346.83, 0.00, 0.00)
(346.83, 0.00, 0.00)
(352.84, 0.00, 0.00)
(352.84, 0.00, 0.00)
(352.84, 0.00, 0.00)
(352.84, 0.00, 0.00)
(357.52, 0.00, 0.00)
(357.52, 0.00, 0.00)
(357.52, 0.00, 0.00)
(357.52, 0.00, 0.00)
(357.52, 0.00, 0.00)
(358.20, 0.00, 0.00)
(358.20, 0.00, 0.00)
(358.20, 0.00, 0.00)
(3.93, 0.00, 0.00)
(3.93, 0.00, 0.00)
(3.93, 0.00, 0.00)
(3.93, 0.00, 0.00)
(3.93, 0.00, 0.00)
(353.66, 0.00, 0.00)
(353.66, 0.00, 0.00)
(353.66, 0.00, 0.00)
(353.66, 0.00, 0.00)
(353.66, 0.00, 0.00)
(341.69, 0.00, 0.00)
(341.69, 0.00, 0.00)
(336.84, 0.00, 0.00)
(336.84, 0.00, 0.00)
(336.84, 0.00, 0.00)
(336.84, 0.00, 0.00)
(336.84, 0.00, 0.00)
(328.09, 0.00, 0.00)
(328.09, 0.00, 0.00)
(328.09, 0.00, 0.00)
(328.09, 0.00, 0.00)
(328.09, 0.00, 0.00)
(311.05, 0.00, 0.00)
(311.05, 0.00, 0.00)
(311.16, 0.00, 0.00)
(311.16, 0.00, 0.00)
(311.16, 0.00, 0.00)
(311.16, 0.00, 0.00)
(311.16, 0.00, 0.00)
(311.16, 0.00, 0.00)
(316.37, 0.00, 0.00)
(316.37, 0.00, 0.00)
(316.37, 0.00, 0.00)
(316.37, 0.00, 0.00)
(316.37, 0.00, 0.00)
(311.23, 0.00, 0.00)
(311.23, 0.00, 0.00)
(306.30, 0.00, 0.00)
(306.30, 0.00, 0.00)
(306.30, 0.00, 0.00)
(306.30, 0.00, 0.00)
(306.30, 0.00, 0.00)
(306.30, 0.00, 0.00)
(297.75, 0.00, 0.00)
(297.75, 0.00, 0.00)
(297.75, 0.00, 0.00)
(297.75, 0.00, 0.00)
(292.97, 0.00, 0.00)
(292.97, 0.00, 0.00)
(292.97, 0.00, 0.00)
(292.97, 0.00, 0.00)
(292.97, 0.00, 0.00)
(287.19, 0.00, 0.00)
(287.19, 0.00, 0.00)
(287.19, 0.00, 0.00)
(285.55, 0.00, 0.00)
(285.55, 0.00, 0.00)
(285.55, 0.00, 0.00)
(285.55, 0.00, 0.00)
(285.55, 0.00, 0.00)
(285.55, 0.00, 0.00)
(283.18, 0.00, 0.00)
(283.18, 0.00, 0.00)
(284.06, 0.00, 0.00)
(284.06, 0.00, 0.00)
(284.06, 0.00, 0.00)
(284.06, 0.00, 0.00)
(284.06, 0.00, 0.00)
(278.90, 0.00, 0.00)
(278.90, 0.00, 0.00)
(278.90, 0.00, 0.00)
(278.90, 0.00, 0.00)
(278.90, 0.00, 0.00)
(278.90, 0.00, 0.00)
(278.90, 0.00, 0.00)
(276.82, 0.00, 0.00)
(276.82, 0.00, 0.00)
(276.82, 0.00, 0.00)
(276.82, 0.00, 0.00)
(276.82, 0.00, 0.00)
(277.18, 0.00, 0.00)
(277.18, 0.00, 0.00)
(277.18, 0.00, 0.00)
(277.18, 0.00, 0.00)
(277.18, 0.00, 0.00)
(276.01, 0.00, 0.00)
(276.01, 0.00, 0.00)
(276.01, 0.00, 0.00)
(276.01, 0.00, 0.00)
(276.01, 0.00, 0.00)
(275.11, 0.00, 0.00)
(275.11, 0.00, 0.00)
(275.11, 0.00, 0.00)
(275.90, 0.00, 0.00)
(275.90, 0.00, 0.00)
(275.90, 0.00, 0.00)
(273.51, 0.00, 0.00)
(273.51, 0.00, 0.00)
(273.51, 0.00, 0.00)
(273.51, 0.00, 0.00)
(270.72, 0.00, 0.00)
(270.72, 0.00, 0.00)
(270.72, 0.00, 0.00)
(272.52, 0.00, 0.00)
(272.52, 0.00, 0.00)
(272.52, 0.00, 0.00)
(272.52, 0.00, 0.00)
(272.52, 0.00, 0.00)
(273.32, 0.00, 0.00)
(273.32, 0.00, 0.00)
(273.32, 0.00, 0.00)
(273.32, 0.00, 0.00)
(273.32, 0.00, 0.00)
(272.64, 0.00, 0.00)
(272.64, 0.00, 0.00)
(272.64, 0.00, 0.00)
(271.87, 0.00, 0.00)
(271.87, 0.00, 0.00)
(271.87, 0.00, 0.00)
(271.87, 0.00, 0.00)
(271.87, 0.00, 0.00)
(271.87, 0.00, 0.00)
(271.87, 0.00, 0.00)
(273.17, 0.00, 0.00)
(273.17, 0.00, 0.00)
(273.19, 0.00, 0.00)
(273.19, 0.00, 0.00)
(273.19, 0.00, 0.00)
(273.19, 0.00, 0.00)
(273.19, 0.00, 0.00)
(274.01, 0.00, 0.00)
(274.01, 0.00, 0.00)
(274.01, 0.00, 0.00)
(274.24, 0.00, 0.00)
(274.24, 0.00, 0.00)
(274.24, 0.00, 0.00)
(274.75, 0.00, 0.00)
(274.75, 0.00, 0.00)
(274.75, 0.00, 0.00)
(274.75, 0.00, 0.00)
(274.75, 0.00, 0.00)
(274.07, 0.00, 0.00)
(274.07, 0.00, 0.00)
(274.07, 0.00, 0.00)
(274.15, 0.00, 0.00)
(274.15, 0.00, 0.00)
(274.15, 0.00, 0.00)
(274.15, 0.00, 0.00)
(273.79, 0.00, 0.00)
(273.79, 0.00, 0.00)
(273.79, 0.00, 0.00)
(274.45, 0.00, 0.00)
(274.45, 0.00, 0.00)
(274.45, 0.00, 0.00)
(274.45, 0.00, 0.00)
(274.45, 0.00, 0.00)
(273.54, 0.00, 0.00)
(273.54, 0.00, 0.00)
(273.54, 0.00, 0.00)
(273.54, 0.00, 0.00)
(273.54, 0.00, 0.00)
(272.76, 0.00, 0.00)
(272.76, 0.00, 0.00)
(272.76, 0.00, 0.00)
(272.45, 0.00, 0.00)
(272.45, 0.00, 0.00)
(272.45, 0.00, 0.00)
(272.45, 0.00, 0.00)
(271.89, 0.00, 0.00)
(271.89, 0.00, 0.00)
(271.89, 0.00, 0.00)
(271.89, 0.00, 0.00)
(271.89, 0.00, 0.00)
(272.02, 0.00, 0.00)
(272.02, 0.00, 0.00)
(272.02, 0.00, 0.00)
(272.02, 0.00, 0.00)
(272.02, 0.00, 0.00)
(276.03, 0.00, 0.00)
(276.03, 0.00, 0.00)
(280.48, 0.00, 0.00)
(280.48, 0.00, 0.00)
(280.48, 0.00, 0.00)
(280.48, 0.00, 0.00)
(280.48, 0.00, 0.00)
(284.58, 0.00, 0.00)
(284.58, 0.00, 0.00)
(284.58, 0.00, 0.00)
(284.58, 0.00, 0.00)
(284.58, 0.00, 0.00)
(293.53, 0.00, 0.00)
(293.53, 0.00, 0.00)
(299.55, 0.00, 0.00)
(299.55, 0.00, 0.00)
(299.55, 0.00, 0.00)
(299.55, 0.00, 0.00)
(299.18, 0.00, 0.00)
(299.18, 0.00, 0.00)
(299.18, 0.00, 0.00)
(299.18, 0.00, 0.00)
(299.18, 0.00, 0.00)
(303.58, 0.00, 0.00)
(303.58, 0.00, 0.00)
(303.58, 0.00, 0.00)
(303.58, 0.00, 0.00)
(303.58, 0.00, 0.00)
(303.58, 0.00, 0.00)
(303.58, 0.00, 0.00)
(303.58, 0.00, 0.00)
(309.46, 0.00, 0.00)
(309.46, 0.00, 0.00)
(309.46, 0.00, 0.00)
(323.43, 0.00, 0.00)
(323.43, 0.00, 0.00)
(323.43, 0.00, 0.00)
(323.43, 0.00, 0.00)
(331.66, 0.00, 0.00)
(331.66, 0.00, 0.00)
(331.66, 0.00, 0.00)
(331.66, 0.00, 0.00)
(331.66, 0.00, 0.00)
(331.66, 0.00, 0.00)
(324.06, 0.00, 0.00)
(324.06, 0.00, 0.00)
(324.06, 0.00, 0.00)
(312.32, 0.00, 0.00)
(312.32, 0.00, 0.00)
(312.32, 0.00, 0.00)
(312.32, 0.00, 0.00)
(309.64, 0.00, 0.00)
(309.64, 0.00, 0.00)
(309.64, 0.00, 0.00)
(310.40, 0.00, 0.00)
(310.40, 0.00, 0.00)
(310.40, 0.00, 0.00)
(310.40, 0.00, 0.00)
(310.40, 0.00, 0.00)
(304.14, 0.00, 0.00)
(304.14, 0.00, 0.00)
(304.14, 0.00, 0.00)
(304.14, 0.00, 0.00)
(304.14, 0.00, 0.00)
(310.00, 0.00, 0.00)
(310.00, 0.00, 0.00)
(311.75, 0.00, 0.00)
(311.75, 0.00, 0.00)
(311.75, 0.00, 0.00)
(311.75, 0.00, 0.00)
(311.75, 0.00, 0.00)
(311.13, 0.00, 0.00)
(311.13, 0.00, 0.00)
(311.13, 0.00, 0.00)
(311.13, 0.00, 0.00)
(311.13, 0.00, 0.00)
(311.67, 0.00, 0.00)
(311.67, 0.00, 0.00)
(311.67, 0.00, 0.00)
(311.67, 0.00, 0.00)
(311.67, 0.00, 0.00)
(313.25, 0.00, 0.00)
(313.25, 0.00, 0.00)
(326.41, 0.00, 0.00)
(326.41, 0.00, 0.00)
(326.41, 0.00, 0.00)
(326.41, 0.00, 0.00)
(326.41, 0.00, 0.00)
(326.41, 0.00, 0.00)
(326.41, 0.00, 0.00)
(335.47, 0.00, 0.00)
(335.47, 0.00, 0.00)
(335.47, 0.00, 0.00)
(337.02, 0.00, 0.00)
(337.02, 0.00, 0.00)
(337.02, 0.00, 0.00)
(353.57, 0.00, 0.00)
(353.57, 0.00, 0.00)
(353.57, 0.00, 0.00)
(353.57, 0.00, 0.00)
(353.57, 0.00, 0.00)
(359.43, 0.00, 0.00)
(359.43, 0.00, 0.00)
(359.43, 0.00, 0.00)
(359.43, 0.00, 0.00)
(359.09, 0.00, 0.00)
(359.09, 0.00, 0.00)
(359.09, 0.00, 0.00)
(348.48, 0.00, 0.00)
(348.48, 0.00, 0.00)
(348.48, 0.00, 0.00)
(348.48, 0.00, 0.00)
(335.81, 0.00, 0.00)
(335.81, 0.00, 0.00)
(335.81, 0.00, 0.00)
(335.81, 0.00, 0.00)
(335.81, 0.00, 0.00)
(326.88, 0.00, 0.00)
(326.88, 0.00, 0.00)
(326.88, 0.00, 0.00)
(326.88, 0.00, 0.00)
(326.88, 0.00, 0.00)
(326.88, 0.00, 0.00)
(305.25, 0.00, 0.00)
(305.25, 0.00, 0.00)
(305.25, 0.00, 0.00)
(305.25, 0.00, 0.00)
(303.19, 0.00, 0.00)
(303.19, 0.00, 0.00)
(303.19, 0.00, 0.00)
(320.75, 0.00, 0.00)
(320.75, 0.00, 0.00)
(320.75, 0.00, 0.00)
(320.75, 0.00, 0.00)
(320.75, 0.00, 0.00)
(320.75, 0.00, 0.00)
(340.90, 0.00, 0.00)
(340.90, 0.00, 0.00)
(332.15, 0.00, 0.00)
(332.15, 0.00, 0.00)
(332.15, 0.00, 0.00)
(332.15, 0.00, 0.00)
(345.73, 0.00, 0.00)
(345.73, 0.00, 0.00)
(345.73, 0.00, 0.00)
(345.73, 0.00, 0.00)
(345.73, 0.00, 0.00)
(358.23, 0.00, 0.00)
(358.23, 0.00, 0.00)
(358.23, 0.00, 0.00)
(358.23, 0.00, 0.00)
(0.66, 0.00, 0.00)
(0.66, 0.00, 0.00)
(0.66, 0.00, 0.00)
(1.59, 0.00, 0.00)
(1.59, 0.00, 0.00)
(1.59, 0.00, 0.00)
(2.68, 0.00, 0.00)
(2.68, 0.00, 0.00)
(2.68, 0.00, 0.00)
(2.68, 0.00, 0.00)
(2.68, 0.00, 0.00)
(359.52, 0.00, 0.00)
(359.52, 0.00, 0.00)
(359.52, 0.00, 0.00)
(359.52, 0.00, 0.00)
(1.54, 0.00, 0.00)
(1.54, 0.00, 0.00)
(1.54, 0.00, 0.00)
(4.24, 0.00, 0.00)
(4.24, 0.00, 0.00)
(4.24, 0.00, 0.00)
(346.40, 0.00, 0.00)
(346.40, 0.00, 0.00)
(346.40, 0.00, 0.00)
(346.40, 0.00, 0.00)
(346.40, 0.00, 0.00)
(353.58, 0.00, 0.00)
(353.58, 0.00, 0.00)
(353.58, 0.00, 0.00)
(353.58, 0.00, 0.00)
(353.58, 0.00, 0.00)
(359.39, 0.00, 0.00)
(359.39, 0.00, 0.00)
(356.11, 0.00, 0.00)
(356.11, 0.00, 0.00)
(356.11, 0.00, 0.00)
(356.11, 0.00, 0.00)
(356.11, 0.00, 0.00)
(356.11, 0.00, 0.00)
(356.11, 0.00, 0.00)
(356.11, 0.00, 0.00)
(348.30, 0.00, 0.00)
(348.30, 0.00, 0.00)
(348.30, 0.00, 0.00)
(346.68, 0.00, 0.00)
(346.68, 0.00, 0.00)
(346.68, 0.00, 0.00)
(346.68, 0.00, 0.00)
(349.62, 0.00, 0.00)
(349.62, 0.00, 0.00)
(349.62, 0.00, 0.00)
(357.81, 0.00, 0.00)
(357.81, 0.00, 0.00)
(357.81, 0.00, 0.00)
(357.81, 0.00, 0.00)
(357.81, 0.00, 0.00)
(8.84, 0.00, 0.00)
(8.84, 0.00, 0.00)
(8.84, 0.00, 0.00)
(8.84, 0.00, 0.00)
(357.11, 0.00, 0.00)
(357.11, 0.00, 0.00)
(349.96, 0.00, 0.00)
(349.96, 0.00, 0.00)
(349.96, 0.00, 0.00)
(349.96, 0.00, 0.00)
(349.96, 0.00, 0.00)
(349.96, 0.00, 0.00)
(315.54, 0.00, 0.00)
(315.54, 0.00, 0.00)
(315.54, 0.00, 0.00)
(315.54, 0.00, 0.00)
(301.92, 0.00, 0.00)
(301.92, 0.00, 0.00)
(301.92, 0.00, 0.00)
(306.89, 0.00, 0.00)
(306.89, 0.00, 0.00)
(306.89, 0.00, 0.00)
(306.89, 0.00, 0.00)
(306.89, 0.00, 0.00)
(306.89, 0.00, 0.00)
(301.16, 0.00, 0.00)
(301.16, 0.00, 0.00)
(282.55, 0.00, 0.00)
(282.55, 0.00, 0.00)
(282.55, 0.00, 0.00)
(282.55, 0.00, 0.00)
(282.98, 0.00, 0.00)
(282.98, 0.00, 0.00)
(282.98, 0.00, 0.00)
(282.98, 0.00, 0.00)
(282.98, 0.00, 0.00)
(282.98, 0.00, 0.00)
(280.20, 0.00, 0.00)
(280.20, 0.00, 0.00)
(280.20, 0.00, 0.00)
(280.20, 0.00, 0.00)
(279.34, 0.00, 0.00)
(279.34, 0.00, 0.00)
(279.34, 0.00, 0.00)
(279.34, 0.00, 0.00)
(279.34, 0.00, 0.00)
(279.34, 0.00, 0.00)
(276.48, 0.00, 0.00)
(276.48, 0.00, 0.00)
(276.48, 0.00, 0.00)
(274.98, 0.00, 0.00)
(274.98, 0.00, 0.00)
(276.06, 0.00, 0.00)
(276.06, 0.00, 0.00)
(276.06, 0.00, 0.00)
(276.06, 0.00, 0.00)
(276.06, 0.00, 0.00)
(276.06, 0.00, 0.00)
(278.46, 0.00, 0.00)
(278.46, 0.00, 0.00)
(278.46, 0.00, 0.00)
(281.78, 0.00, 0.00)
(281.78, 0.00, 0.00)
(281.78, 0.00, 0.00)
(281.78, 0.00, 0.00)
(281.78, 0.00, 0.00)
(281.78, 0.00, 0.00)
(281.78, 0.00, 0.00)
(282.59, 0.00, 0.00)
(282.59, 0.00, 0.00)
(282.01, 0.00, 0.00)
(282.01, 0.00, 0.00)
(282.01, 0.00, 0.00)
(282.01, 0.00, 0.00)
(282.01, 0.00, 0.00)
(282.01, 0.00, 0.00)
(280.96, 0.00, 0.00)
(280.96, 0.00, 0.00)
(280.51, 0.00, 0.00)
(280.51, 0.00, 0.00)
(280.51, 0.00, 0.00)
(280.51, 0.00, 0.00)
(280.51, 0.00, 0.00)
(280.51, 0.00, 0.00)
(280.51, 0.00, 0.00)
(280.27, 0.00, 0.00)
(280.27, 0.00, 0.00)
(280.27, 0.00, 0.00)
(280.27, 0.00, 0.00)
(280.27, 0.00, 0.00)
(278.38, 0.00, 0.00)
(278.38, 0.00, 0.00)
(278.38, 0.00, 0.00)
(278.38, 0.00, 0.00)
(278.38, 0.00, 0.00)
(274.89, 0.00, 0.00)
(274.89, 0.00, 0.00)
(274.89, 0.00, 0.00)
(274.79, 0.00, 0.00)
(274.79, 0.00, 0.00)
(274.79, 0.00, 0.00)
(274.79, 0.00, 0.00)
(274.79, 0.00, 0.00)
(271.89, 0.00, 0.00)
(271.89, 0.00, 0.00)
(271.89, 0.00, 0.00)
(271.89, 0.00, 0.00)
(271.89, 0.00, 0.00)
(285.08, 0.00, 0.00)
(285.08, 0.00, 0.00)
(285.08, 0.00, 0.00)
(289.45, 0.00, 0.00)
(289.45, 0.00, 0.00)
(289.45, 0.00, 0.00)
(289.45, 0.00, 0.00)
(292.24, 0.00, 0.00)
(292.24, 0.00, 0.00)
(292.24, 0.00, 0.00)
(292.24, 0.00, 0.00)
(292.24, 0.00, 0.00)
(302.15, 0.00, 0.00)
(302.15, 0.00, 0.00)
(302.15, 0.00, 0.00)
(321.00, 0.00, 0.00)
(321.00, 0.00, 0.00)
(321.00, 0.00, 0.00)
(321.00, 0.00, 0.00)
(321.00, 0.00, 0.00)
(348.02, 0.00, 0.00)
(348.02, 0.00, 0.00)
(348.02, 0.00, 0.00)
(348.02, 0.00, 0.00)
(1.68, 0.00, 0.00)
(1.68, 0.00, 0.00)
(1.68, 0.00, 0.00)
(1.68, 0.00, 0.00)
(1.68, 0.00, 0.00)
(1.68, 0.00, 0.00)
(0.95, 0.00, 0.00)
(0.95, 0.00, 0.00)
(2.98, 0.00, 0.00)
(2.98, 0.00, 0.00)
(2.98, 0.00, 0.00)
(2.98, 0.00, 0.00)
(2.98, 0.00, 0.00)
(2.98, 0.00, 0.00)
(2.98, 0.00, 0.00)
(2.98, 0.00, 0.00)
(2.98, 0.00, 0.00)
(2.51, 0.00, 0.00)
(2.51, 0.00, 0.00)
(350.87, 0.00, 0.00)
(350.87, 0.00, 0.00)
(346.30, 0.00, 0.00)
(346.30, 0.00, 0.00)
(346.30, 0.00, 0.00)
(346.30, 0.00, 0.00)
(346.30, 0.00, 0.00)
(355.02, 0.00, 0.00)
(355.02, 0.00, 0.00)
(355.02, 0.00, 0.00)
(6.18, 0.00, 0.00)
(6.18, 0.00, 0.00)
(6.18, 0.00, 0.00)
(6.18, 0.00, 0.00)
(4.55, 0.00, 0.00)
(4.55, 0.00, 0.00)
(4.55, 0.00, 0.00)
(4.55, 0.00, 0.00)
(4.55, 0.00, 0.00)
(356.96, 0.00, 0.00)
(356.96, 0.00, 0.00)
(356.96, 0.00, 0.00)
(356.96, 0.00, 0.00)
(356.96, 0.00, 0.00)
(335.73, 0.00, 0.00)
(335.73, 0.00, 0.00)
(318.88, 0.00, 0.00)
(318.88, 0.00, 0.00)
(318.88, 0.00, 0.00)
(318.88, 0.00, 0.00)
(318.88, 0.00, 0.00)
(293.41, 0.00, 0.00)
(293.41, 0.00, 0.00)
(293.41, 0.00, 0.00)
(293.41, 0.00, 0.00)
(293.41, 0.00, 0.00)
(290.40, 0.00, 0.00)
(290.40, 0.00, 0.00)
(290.40, 0.00, 0.00)
(290.40, 0.00, 0.00)
(293.04, 0.00, 0.00)
(293.04, 0.00, 0.00)
(294.28, 0.00, 0.00)
(294.28, 0.00, 0.00)
(294.28, 0.00, 0.00)
(294.28, 0.00, 0.00)
(294.28, 0.00, 0.00)
(294.28, 0.00, 0.00)
(289.01, 0.00, 0.00)
(289.01, 0.00, 0.00)
(289.01, 0.00, 0.00)
(289.01, 0.00, 0.00)
(282.72, 0.00, 0.00)
(282.72, 0.00, 0.00)
(282.64, 0.00, 0.00)
(282.64, 0.00, 0.00)
(282.64, 0.00, 0.00)
(282.64, 0.00, 0.00)
(282.64, 0.00, 0.00)
(281.13, 0.00, 0.00)
(281.13, 0.00, 0.00)
(281.13, 0.00, 0.00)
(281.13, 0.00, 0.00)
(281.13, 0.00, 0.00)
(277.27, 0.00, 0.00)
(277.27, 0.00, 0.00)
(277.27, 0.00, 0.00)
(277.94, 0.00, 0.00)
(277.94, 0.00, 0.00)
(277.94, 0.00, 0.00)
(277.94, 0.00, 0.00)
(277.94, 0.00, 0.00)
(277.94, 0.00, 0.00)
(278.03, 0.00, 0.00)
(278.03, 0.00, 0.00)
(278.03, 0.00, 0.00)
(278.03, 0.00, 0.00)
(277.32, 0.00, 0.00)
(277.32, 0.00, 0.00)
(277.32, 0.00, 0.00)
(277.83, 0.00, 0.00)
(277.83, 0.00, 0.00)
(277.83, 0.00, 0.00)
(277.83, 0.00, 0.00)
(277.83, 0.00, 0.00)
(277.79, 0.00, 0.00)
(277.79, 0.00, 0.00)
(277.79, 0.00, 0.00)
(277.79, 0.00, 0.00)
(277.79, 0.00, 0.00)
(279.44, 0.00, 0.00)
(279.44, 0.00, 0.00)
(279.46, 0.00, 0.00)
(279.46, 0.00, 0.00)
(279.46, 0.00, 0.00)
(279.46, 0.00, 0.00)
(279.46, 0.00, 0.00)
(277.90, 0.00, 0.00)
(277.90, 0.00, 0.00)
(277.90, 0.00, 0.00)
(277.90, 0.00, 0.00)
(277.90, 0.00, 0.00)
(278.45, 0.00, 0.00)
(278.45, 0.00, 0.00)
(281.02, 0.00, 0.00)
(281.02, 0.00, 0.00)
(281.02, 0.00, 0.00)
(281.02, 0.00, 0.00)
(279.27, 0.00, 0.00)
(279.27, 0.00, 0.00)
(279.27, 0.00, 0.00)
(279.27, 0.00, 0.00)
(279.27, 0.00, 0.00)
(279.33, 0.00, 0.00)
(279.33, 0.00, 0.00)
(279.33, 0.00, 0.00)
(279.33, 0.00, 0.00)
(279.33, 0.00, 0.00)
(279.19, 0.00, 0.00)
(279.19, 0.00, 0.00)
(279.19, 0.00, 0.00)
(279.19, 0.00, 0.00)
(279.19, 0.00, 0.00)
(279.91, 0.00, 0.00)
(279.91, 0.00, 0.00)
(280.95, 0.00, 0.00)
(280.95, 0.00, 0.00)
(280.95, 0.00, 0.00)
(280.95, 0.00, 0.00)
(280.95, 0.00, 0.00)
(280.90, 0.00, 0.00)
(280.90, 0.00, 0.00)
(281.45, 0.00, 0.00)
(281.45, 0.00, 0.00)
(281.45, 0.00, 0.00)
(281.45, 0.00, 0.00)
(281.45, 0.00, 0.00)
(281.22, 0.00, 0.00)
(281.22, 0.00, 0.00)
(281.22, 0.00, 0.00)
(281.22, 0.00, 0.00)
(281.22, 0.00, 0.00)
(281.51, 0.00, 0.00)
(281.51, 0.00, 0.00)
(281.51, 0.00, 0.00)
(282.89, 0.00, 0.00)
(282.89, 0.00, 0.00)
(282.89, 0.00, 0.00)
(282.89, 0.00, 0.00)
(281.64, 0.00, 0.00)
(281.64, 0.00, 0.00)
(281.64, 0.00, 0.00)
(281.64, 0.00, 0.00)
(281.64, 0.00, 0.00)
(283.64, 0.00, 0.00)
(283.64, 0.00, 0.00)
(283.64, 0.00, 0.00)
(283.64, 0.00, 0.00)
(283.64, 0.00, 0.00)
(283.22, 0.00, 0.00)
(283.22, 0.00, 0.00)
(281.42, 0.00, 0.00)
(281.42, 0.00, 0.00)
(281.42, 0.00, 0.00)
(281.42, 0.00, 0.00)
(281.42, 0.00, 0.00)
(281.42, 0.00, 0.00)
(283.00, 0.00, 0.00)
(283.00, 0.00, 0.00)
(283.00, 0.00, 0.00)
(283.00, 0.00, 0.00)
(282.96, 0.00, 0.00)
(282.96, 0.00, 0.00)
(282.96, 0.00, 0.00)
(282.71, 0.00, 0.00)
(282.71, 0.00, 0.00)
(282.71, 0.00, 0.00)
(282.71, 0.00, 0.00)
(283.40, 0.00, 0.00)
(283.40, 0.00, 0.00)
(283.40, 0.00, 0.00)
(283.40, 0.00, 0.00)
(283.68, 0.00, 0.00)
(283.68, 0.00, 0.00)
(282.62, 0.00, 0.00)
(282.62, 0.00, 0.00)
(282.62, 0.00, 0.00)
(282.62, 0.00, 0.00)
(282.62, 0.00, 0.00)
(282.62, 0.00, 0.00)
(283.95, 0.00, 0.00)
(283.95, 0.00, 0.00)
(283.95, 0.00, 0.00)
(283.95, 0.00, 0.00)
(283.95, 0.00, 0.00)
(283.69, 0.00, 0.00)
(283.69, 0.00, 0.00)
(283.69, 0.00, 0.00)
(284.33, 0.00, 0.00)
(284.33, 0.00, 0.00)
(284.33, 0.00, 0.00)
(284.33, 0.00, 0.00)
(282.35, 0.00, 0.00)
(282.35, 0.00, 0.00)
(282.35, 0.00, 0.00)
(282.35, 0.00, 0.00)
(282.35, 0.00, 0.00)
(283.47, 0.00, 0.00)
(283.47, 0.00, 0.00)
(283.47, 0.00, 0.00)
(283.47, 0.00, 0.00)
(283.47, 0.00, 0.00)
(284.20, 0.00, 0.00)
(284.20, 0.00, 0.00)
(284.20, 0.00, 0.00)
(283.81, 0.00, 0.00)
(283.81, 0.00, 0.00)
(283.81, 0.00, 0.00)
(283.81, 0.00, 0.00)
(283.81, 0.00, 0.00)
(282.50, 0.00, 0.00)
(282.50, 0.00, 0.00)
(282.50, 0.00, 0.00)
(280.43, 0.00, 0.00)
(280.43, 0.00, 0.00)
(280.43, 0.00, 0.00)
(280.43, 0.00, 0.00)
(277.66, 0.00, 0.00)
(277.66, 0.00, 0.00)
(277.66, 0.00, 0.00)
(277.66, 0.00, 0.00)
(277.66, 0.00, 0.00)
(273.71, 0.00, 0.00)
(273.71, 0.00, 0.00)
(273.71, 0.00, 0.00)
(273.71, 0.00, 0.00)
(273.71, 0.00, 0.00)
(273.71, 0.00, 0.00)
(271.41, 0.00, 0.00)
(271.41, 0.00, 0.00)
(271.41, 0.00, 0.00)
(272.83, 0.00, 0.00)
(272.83, 0.00, 0.00)
(272.83, 0.00, 0.00)
(272.83, 0.00, 0.00)
(272.83, 0.00, 0.00)
(278.42, 0.00, 0.00)
(278.42, 0.00, 0.00)
(278.42, 0.00, 0.00)
(278.42, 0.00, 0.00)
(284.86, 0.00, 0.00)
(284.86, 0.00, 0.00)
(284.86, 0.00, 0.00)
(287.46, 0.00, 0.00)
(287.46, 0.00, 0.00)
(287.46, 0.00, 0.00)
(287.46, 0.00, 0.00)
(287.46, 0.00, 0.00)
(290.72, 0.00, 0.00)
(290.72, 0.00, 0.00)
(290.72, 0.00, 0.00)
(290.72, 0.00, 0.00)
(290.72, 0.00, 0.00)
(301.16, 0.00, 0.00)
(301.16, 0.00, 0.00)
(301.16, 0.00, 0.00)
(301.16, 0.00, 0.00)
(311.23, 0.00, 0.00)
(311.23, 0.00, 0.00)
(311.23, 0.00, 0.00)
(311.23, 0.00, 0.00)
(313.10, 0.00, 0.00)
(313.10, 0.00, 0.00)
(313.10, 0.00, 0.00)
(313.10, 0.00, 0.00)
(313.10, 0.00, 0.00)
(313.10, 0.00, 0.00)
(313.10, 0.00, 0.00)
(313.10, 0.00, 0.00)
(318.69, 0.00, 0.00)
(318.69, 0.00, 0.00)
(318.69, 0.00, 0.00)
(318.69, 0.00, 0.00)
(318.69, 0.00, 0.00)
(318.69, 0.00, 0.00)
(318.69, 0.00, 0.00)
(335.95, 0.00, 0.00)
(335.95, 0.00, 0.00)
(335.95, 0.00, 0.00)
(353.28, 0.00, 0.00)
(353.28, 0.00, 0.00)
(353.28, 0.00, 0.00)
(357.11, 0.00, 0.00)
(357.11, 0.00, 0.00)
(357.11, 0.00, 0.00)
(357.11, 0.00, 0.00)
(357.11, 0.00, 0.00)
(8.69, 0.00, 0.00)
(8.69, 0.00, 0.00)
(8.69, 0.00, 0.00)
(8.69, 0.00, 0.00)
(8.25, 0.00, 0.00)
(8.25, 0.00, 0.00)
(8.25, 0.00, 0.00)
(8.25, 0.00, 0.00)
(8.25, 0.00, 0.00)
(8.25, 0.00, 0.00)
(0.07, 0.00, 0.00)
(0.07, 0.00, 0.00)
(354.95, 0.00, 0.00)
(354.95, 0.00, 0.00)
(354.95, 0.00, 0.00)
(354.95, 0.00, 0.00)
(355.60, 0.00, 0.00)
(355.60, 0.00, 0.00)
(355.60, 0.00, 0.00)
(355.60, 0.00, 0.00)
(355.60, 0.00, 0.00)
(355.60, 0.00, 0.00)
(355.49, 0.00, 0.00)
(355.49, 0.00, 0.00)
(355.49, 0.00, 0.00)
(355.49, 0.00, 0.00)
(355.49, 0.00, 0.00)
(347.36, 0.00, 0.00)
(347.36, 0.00, 0.00)
(347.36, 0.00, 0.00)
(347.36, 0.00, 0.00)
(347.36, 0.00, 0.00)
(348.84, 0.00, 0.00)
(348.84, 0.00, 0.00)
(348.84, 0.00, 0.00)
(2.48, 0.00, 0.00)
(2.48, 0.00, 0.00)
(2.48, 0.00, 0.00)
(2.48, 0.00, 0.00)
(2.48, 0.00, 0.00)
(6.91, 0.00, 0.00)
(6.91, 0.00, 0.00)
(353.25, 0.00, 0.00)
(353.25, 0.00, 0.00)
(353.25, 0.00, 0.00)
(353.25, 0.00, 0.00)
(353.25, 0.00, 0.00)
(339.79, 0.00, 0.00)
(339.79, 0.00, 0.00)
(339.79, 0.00, 0.00)
(339.79, 0.00, 0.00)
(339.79, 0.00, 0.00)
(339.79, 0.00, 0.00)
(333.73, 0.00, 0.00)
(333.73, 0.00, 0.00)
(330.15, 0.00, 0.00)
(330.15, 0.00, 0.00)
(330.15, 0.00, 0.00)
(330.15, 0.00, 0.00)
(330.15, 0.00, 0.00)
(328.06, 0.00, 0.00)
(328.06, 0.00, 0.00)
(328.06, 0.00, 0.00)
(328.06, 0.00, 0.00)
(328.06, 0.00, 0.00)
(308.08, 0.00, 0.00)
(308.08, 0.00, 0.00)
(308.08, 0.00, 0.00)
(308.08, 0.00, 0.00)
(308.08, 0.00, 0.00)
(305.10, 0.00, 0.00)
(305.10, 0.00, 0.00)
(305.10, 0.00, 0.00)
(311.11, 0.00, 0.00)
(311.11, 0.00, 0.00)
(311.11, 0.00, 0.00)
(311.11, 0.00, 0.00)
(311.11, 0.00, 0.00)
(311.11, 0.00, 0.00)
(311.11, 0.00, 0.00)
(303.88, 0.00, 0.00)
(303.88, 0.00, 0.00)
(303.88, 0.00, 0.00)
(290.62, 0.00, 0.00)
(290.62, 0.00, 0.00)
(290.62, 0.00, 0.00)
(290.62, 0.00, 0.00)
(287.40, 0.00, 0.00)
(287.40, 0.00, 0.00)
(287.40, 0.00, 0.00)
(293.01, 0.00, 0.00)
(293.01, 0.00, 0.00)
(293.01, 0.00, 0.00)
(293.01, 0.00, 0.00)
(293.01, 0.00, 0.00)
(296.05, 0.00, 0.00)
(296.05, 0.00, 0.00)
(296.05, 0.00, 0.00)
(295.32, 0.00, 0.00)
(295.32, 0.00, 0.00)
(295.32, 0.00, 0.00)
(305.05, 0.00, 0.00)
(305.05, 0.00, 0.00)
(305.05, 0.00, 0.00)
(300.84, 0.00, 0.00)
(300.84, 0.00, 0.00)
(300.84, 0.00, 0.00)
(287.70, 0.00, 0.00)
(287.70, 0.00, 0.00)
(287.70, 0.00, 0.00)
(287.70, 0.00, 0.00)
(283.95, 0.00, 0.00)
(280.88, 0.00, 0.00)
(280.88, 0.00, 0.00)
(280.88, 0.00, 0.00)
(280.88, 0.00, 0.00)
(280.88, 0.00, 0.00)
(295.08, 0.00, 0.00)
(295.08, 0.00, 0.00)
(298.20, 0.00, 0.00)
(284.21, 0.00, 0.00)
(284.21, 0.00, 0.00)
(284.21, 0.00, 0.00)
(290.88, 0.00, 0.00)
(286.96, 0.00, 0.00)
(286.96, 0.00, 0.00)
(286.96, 0.00, 0.00)
(286.96, 0.00, 0.00)
(286.96, 0.00, 0.00)
(286.96, 0.00, 0.00)
(286.96, 0.00, 0.00)
(288.62, 0.00, 0.00)
(288.62, 0.00, 0.00)
(288.62, 0.00, 0.00)
(285.74, 0.00, 0.00)
(285.74, 0.00, 0.00)
(285.74, 0.00, 0.00)
(285.74, 0.00, 0.00)
(285.74, 0.00, 0.00)
(285.74, 0.00, 0.00)
(285.74, 0.00, 0.00)
(285.74, 0.00, 0.00)
(285.74, 0.00, 0.00)
(303.99, 0.00, 0.00)
(303.99, 0.00, 0.00)
(303.99, 0.00, 0.00)
(303.99, 0.00, 0.00)
(303.99, 0.00, 0.00)
(297.57, 0.00, 0.00)
(297.57, 0.00, 0.00)
(297.57, 0.00, 0.00)
(300.59, 0.00, 0.00)
(300.59, 0.00, 0.00)
(300.59, 0.00, 0.00)
(300.59, 0.00, 0.00)
(300.59, 0.00, 0.00)
(288.93, 0.00, 0.00)
(288.93, 0.00, 0.00)
(276.94, 0.00, 0.00)
(276.94, 0.00, 0.00)
(276.94, 0.00, 0.00)
(276.94, 0.00, 0.00)
(276.94, 0.00, 0.00)
(276.94, 0.00, 0.00)
(275.49, 0.00, 0.00)
(275.49, 0.00, 0.00)
(275.49, 0.00, 0.00)
(275.49, 0.00, 0.00)
(277.44, 0.00, 0.00)
(277.44, 0.00, 0.00)
(277.44, 0.00, 0.00)
(297.11, 0.00, 0.00)
(297.11, 0.00, 0.00)
(297.11, 0.00, 0.00)
(297.11, 0.00, 0.00)
(297.11, 0.00, 0.00)
(297.11, 0.00, 0.00)
(276.25, 0.00, 0.00)
(276.25, 0.00, 0.00)
(276.25, 0.00, 0.00)
(276.25, 0.00, 0.00)
(278.75, 0.00, 0.00)
(278.75, 0.00, 0.00)
(278.75, 0.00, 0.00)
(278.75, 0.00, 0.00)
(278.75, 0.00, 0.00)
(284.33, 0.00, 0.00)
(284.33, 0.00, 0.00)
(284.33, 0.00, 0.00)
(281.57, 0.00, 0.00)
(281.57, 0.00, 0.00)
(281.57, 0.00, 0.00)
(281.57, 0.00, 0.00)
(281.57, 0.00, 0.00)
(276.73, 0.00, 0.00)
(276.73, 0.00, 0.00)
(276.73, 0.00, 0.00)
(276.73, 0.00, 0.00)
(278.14, 0.00, 0.00)
(278.14, 0.00, 0.00)
(278.14, 0.00, 0.00)
(278.14, 0.00, 0.00)
(278.14, 0.00, 0.00)
(276.18, 0.00, 0.00)
(276.18, 0.00, 0.00)
(283.32, 0.00, 0.00)
(283.32, 0.00, 0.00)
(283.32, 0.00, 0.00)
(283.32, 0.00, 0.00)
(283.32, 0.00, 0.00)
(283.32, 0.00, 0.00)
(283.32, 0.00, 0.00)
(282.29, 0.00, 0.00)
(282.29, 0.00, 0.00)
(282.29, 0.00, 0.00)
(282.29, 0.00, 0.00)
(282.29, 0.00, 0.00)
(281.48, 0.00, 0.00)
(281.48, 0.00, 0.00)
(281.48, 0.00, 0.00)
(281.48, 0.00, 0.00)
(283.75, 0.00, 0.00)
(283.75, 0.00, 0.00)
(283.75, 0.00, 0.00)
(283.75, 0.00, 0.00)
(283.75, 0.00, 0.00)
(283.75, 0.00, 0.00)
(284.49, 0.00, 0.00)
(284.49, 0.00, 0.00)
(284.51, 0.00, 0.00)
(284.51, 0.00, 0.00)
(284.51, 0.00, 0.00)
(284.51, 0.00, 0.00)
(284.51, 0.00, 0.00)
(286.89, 0.00, 0.00)
(286.89, 0.00, 0.00)
(286.89, 0.00, 0.00)
(286.89, 0.00, 0.00)
(286.89, 0.00, 0.00)
(286.89, 0.00, 0.00)
(284.58, 0.00, 0.00)
(284.58, 0.00, 0.00)
(284.72, 0.00, 0.00)
(284.72, 0.00, 0.00)
(284.72, 0.00, 0.00)
(284.72, 0.00, 0.00)
(286.25, 0.00, 0.00)
(286.25, 0.00, 0.00)
(286.25, 0.00, 0.00)
(286.25, 0.00, 0.00)
(286.25, 0.00, 0.00)
(286.25, 0.00, 0.00)
(284.84, 0.00, 0.00)
(284.84, 0.00, 0.00)
(284.68, 0.00, 0.00)
(284.68, 0.00, 0.00)
(284.68, 0.00, 0.00)
(284.68, 0.00, 0.00)
(284.94, 0.00, 0.00)
(284.94, 0.00, 0.00)
(284.82, 0.00, 0.00)
(284.82, 0.00, 0.00)
(284.82, 0.00, 0.00)
(284.82, 0.00, 0.00)
(284.83, 0.00, 0.00)
(284.86, 0.00, 0.00)
(284.86, 0.00, 0.00)
(284.86, 0.00, 0.00)
(284.86, 0.00, 0.00)
(284.86, 0.00, 0.00)
(284.88, 0.00, 0.00)
(284.88, 0.00, 0.00)
(284.88, 0.00, 0.00)
(284.88, 0.00, 0.00)
(284.88, 0.00, 0.00)
(284.92, 0.00, 0.00)
(284.92, 0.00, 0.00)
(284.92, 0.00, 0.00)
(284.92, 0.00, 0.00)
(284.85, 0.00, 0.00)
(284.85, 0.00, 0.00)
(284.85, 0.00, 0.00)
(284.85, 0.00, 0.00)
(284.85, 0.00, 0.00)
(284.85, 0.00, 0.00)
(284.81, 0.00, 0.00)
(284.81, 0.00, 0.00)
(284.81, 0.00, 0.00)
(284.81, 0.00, 0.00)
(284.81, 0.00, 0.00)
(284.90, 0.00, 0.00)
(284.90, 0.00, 0.00)
(284.90, 0.00, 0.00)
(284.90, 0.00, 0.00)
(284.91, 0.00, 0.00)
(284.91, 0.00, 0.00)
(284.91, 0.00, 0.00)
(284.74, 0.00, 0.00)
(284.74, 0.00, 0.00)
(284.74, 0.00, 0.00)
(284.74, 0.00, 0.00)
(284.74, 0.00, 0.00)
(284.74, 0.00, 0.00)
(284.74, 0.00, 0.00)
(284.91, 0.00, 0.00)
(284.91, 0.00, 0.00)
(284.91, 0.00, 0.00)
(284.91, 0.00, 0.00)
(284.98, 0.00, 0.00)
(284.98, 0.00, 0.00)
(284.98, 0.00, 0.00)
(284.83, 0.00, 0.00)
(284.83, 0.00, 0.00)
(284.83, 0.00, 0.00)
(284.79, 0.00, 0.00)
(284.79, 0.00, 0.00)
(284.79, 0.00, 0.00)
(284.79, 0.00, 0.00)
(284.79, 0.00, 0.00)
(284.79, 0.00, 0.00)
(284.90, 0.00, 0.00)
(284.90, 0.00, 0.00)
(284.90, 0.00, 0.00)
(284.84, 0.00, 0.00)
(284.84, 0.00, 0.00)
(284.91, 0.00, 0.00)
(284.91, 0.00, 0.00)
(284.80, 0.00, 0.00)
(284.80, 0.00, 0.00)
(284.80, 0.00, 0.00)
(284.80, 0.00, 0.00)
(284.87, 0.00, 0.00)
(284.87, 0.00, 0.00)
(284.86, 0.00, 0.00)
(284.86, 0.00, 0.00)
(284.86, 0.00, 0.00)
(284.86, 0.00, 0.00)
(284.90, 0.00, 0.00)
(284.90, 0.00, 0.00)
(284.90, 0.00, 0.00)
(284.90, 0.00, 0.00)
(284.90, 0.00, 0.00)
(284.81, 0.00, 0.00)
(284.81, 0.00, 0.00)
(284.81, 0.00, 0.00)
(284.81, 0.00, 0.00)
(284.91, 0.00, 0.00)
(284.91, 0.00, 0.00)
(284.84, 0.00, 0.00)
(284.84, 0.00, 0.00)
(284.84, 0.00, 0.00)
(284.84, 0.00, 0.00)
(284.89, 0.00, 0.00)
(284.89, 0.00, 0.00)
(284.89, 0.00, 0.00)
(284.89, 0.00, 0.00)
(284.83, 0.00, 0.00)
(284.83, 0.00, 0.00)
(284.83, 0.00, 0.00)
(284.88, 0.00, 0.00)
