(271.45, 0.00, 0.00)
(271.15, 0.00, 0.00)
(271.15, 0.00, 0.00)
(271.15, 0.00, 0.00)
(271.15, 0.00, 0.00)
(271.64, 0.00, 0.00)
(271.64, 0.00, 0.00)
(271.64, 0.00, 0.00)
(271.21, 0.00, 0.00)
(271.21, 0.00, 0.00)
(271.21, 0.00, 0.00)
(271.21, 0.00, 0.00)
(271.21, 0.00, 0.00)
(271.12, 0.00, 0.00)
(271.12, 0.00, 0.00)
(271.12, 0.00, 0.00)
(271.12, 0.00, 0.00)
(271.81, 0.00, 0.00)
(271.81, 0.00, 0.00)
(271.81, 0.00, 0.00)
(271.81, 0.00, 0.00)
(271.81, 0.00, 0.00)
(271.81, 0.00, 0.00)
(271.81, 0.00, 0.00)
(271.81, 0.00, 0.00)
(271.81, 0.00, 0.00)
(270.65, 0.00, 0.00)
(270.65, 0.00, 0.00)
(270.63, 0.00, 0.00)
(270.63, 0.00, 0.00)
(270.63, 0.00, 0.00)
(270.63, 0.00, 0.00)
(270.63, 0.00, 0.00)
(271.63, 0.00, 0.00)
(271.63, 0.00, 0.00)
(271.63, 0.00, 0.00)
(271.38, 0.00, 0.00)
(271.38, 0.00, 0.00)
(271.38, 0.00, 0.00)
(271.38, 0.00, 0.00)
(271.38, 0.00, 0.00)
(271.44, 0.00, 0.00)
(271.44, 0.00, 0.00)
(271.44, 0.00, 0.00)
(271.44, 0.00, 0.00)
(271.44, 0.00, 0.00)
(271.44, 0.00, 0.00)
(271.44, 0.00, 0.00)
(271.44, 0.00, 0.00)
(271.57, 0.00, 0.00)
(271.57, 0.00, 0.00)
(271.57, 0.00, 0.00)
(271.57, 0.00, 0.00)
(271.23, 0.00, 0.00)
(271.23, 0.00, 0.00)
(271.23, 0.00, 0.00)
(271.23, 0.00, 0.00)
(271.23, 0.00, 0.00)
(271.56, 0.00, 0.00)
(271.56, 0.00, 0.00)
(271.56, 0.00, 0.00)
(271.56, 0.00, 0.00)
(271.56, 0.00, 0.00)
(271.28, 0.00, 0.00)
(271.28, 0.00, 0.00)
(271.28, 0.00, 0.00)
(271.50, 0.00, 0.00)
(271.50, 0.00, 0.00)
(271.50, 0.00, 0.00)
(271.50, 0.00, 0.00)
(271.50, 0.00, 0.00)
(271.37, 0.00, 0.00)
(271.37, 0.00, 0.00)
(271.37, 0.00, 0.00)
(271.37, 0.00, 0.00)
(271.37, 0.00, 0.00)
(271.39, 0.00, 0.00)
(271.39, 0.00, 0.00)
(271.39, 0.00, 0.00)
(271.39, 0.00, 0.00)
(271.39, 0.00, 0.00)
(271.60, 0.00, 0.00)
(271.60, 0.00, 0.00)
(271.62, 0.00, 0.00)
(271.62, 0.00, 0.00)
(271.62, 0.00, 0.00)
(271.62, 0.00, 0.00)
(271.62, 0.00, 0.00)
(271.62, 0.00, 0.00)
(271.62, 0.00, 0.00)
(271.33, 0.00, 0.00)
(271.33, 0.00, 0.00)
(271.33, 0.00, 0.00)
(271.47, 0.00, 0.00)
(271.47, 0.00, 0.00)
(270.67, 0.00, 0.00)
(270.67, 0.00, 0.00)
(270.67, 0.00, 0.00)
(270.67, 0.00, 0.00)
(270.67, 0.00, 0.00)
(270.57, 0.00, 0.00)
(270.57, 0.00, 0.00)
(271.96, 0.00, 0.00)
(271.96, 0.00, 0.00)
(271.96, 0.00, 0.00)
(271.96, 0.00, 0.00)
(271.96, 0.00, 0.00)
(271.96, 0.00, 0.00)
(271.96, 0.00, 0.00)
(271.62, 0.00, 0.00)
(271.62, 0.00, 0.00)
(271.16, 0.00, 0.00)
(271.16, 0.00, 0.00)
(271.16, 0.00, 0.00)
(274.79, 0.00, 0.00)
(274.79, 0.00, 0.00)
(274.79, 0.00, 0.00)
(274.79, 0.00, 0.00)
(274.79, 0.00, 0.00)
(276.32, 0.00, 0.00)
(276.32, 0.00, 0.00)
(276.32, 0.00, 0.00)
(276.32, 0.00, 0.00)
(276.32, 0.00, 0.00)
(277.70, 0.00, 0.00)
(277.70, 0.00, 0.00)
(277.70, 0.00, 0.00)
(277.70, 0.00, 0.00)
(277.70, 0.00, 0.00)
(277.70, 0.00, 0.00)
(277.70, 0.00, 0.00)
(272.99, 0.00, 0.00)
(272.99, 0.00, 0.00)
(276.81, 0.00, 0.00)
(276.81, 0.00, 0.00)
(276.81, 0.00, 0.00)
(280.55, 0.00, 0.00)
(280.55, 0.00, 0.00)
(280.55, 0.00, 0.00)
(280.55, 0.00, 0.00)
(280.55, 0.00, 0.00)
(295.47, 0.00, 0.00)
(295.47, 0.00, 0.00)
(295.47, 0.00, 0.00)
(295.47, 0.00, 0.00)
(295.47, 0.00, 0.00)
(292.78, 0.00, 0.00)
(292.78, 0.00, 0.00)
(294.83, 0.00, 0.00)
(294.83, 0.00, 0.00)
(294.83, 0.00, 0.00)
(294.83, 0.00, 0.00)
(303.05, 0.00, 0.00)
(303.05, 0.00, 0.00)
(303.05, 0.00, 0.00)
(303.05, 0.00, 0.00)
(303.05, 0.00, 0.00)
(303.20, 0.00, 0.00)
(303.20, 0.00, 0.00)
(300.87, 0.00, 0.00)
(300.87, 0.00, 0.00)
(300.87, 0.00, 0.00)
(300.87, 0.00, 0.00)
(300.87, 0.00, 0.00)
(300.87, 0.00, 0.00)
(302.56, 0.00, 0.00)
(302.56, 0.00, 0.00)
(306.41, 0.00, 0.00)
(306.41, 0.00, 0.00)
(306.41, 0.00, 0.00)
(306.41, 0.00, 0.00)
(306.41, 0.00, 0.00)
(305.73, 0.00, 0.00)
(305.73, 0.00, 0.00)
(305.73, 0.00, 0.00)
(305.73, 0.00, 0.00)
(308.89, 0.00, 0.00)
(308.89, 0.00, 0.00)
(308.89, 0.00, 0.00)
(317.30, 0.00, 0.00)
(317.30, 0.00, 0.00)
(317.30, 0.00, 0.00)
(317.30, 0.00, 0.00)
(317.30, 0.00, 0.00)
(317.30, 0.00, 0.00)
(317.30, 0.00, 0.00)
(317.30, 0.00, 0.00)
(318.71, 0.00, 0.00)
(318.71, 0.00, 0.00)
(318.71, 0.00, 0.00)
(318.71, 0.00, 0.00)
(318.71, 0.00, 0.00)
(320.00, 0.00, 0.00)
(320.00, 0.00, 0.00)
(320.00, 0.00, 0.00)
(320.00, 0.00, 0.00)
(320.00, 0.00, 0.00)
(320.00, 0.00, 0.00)
(320.00, 0.00, 0.00)
(320.00, 0.00, 0.00)
(325.04, 0.00, 0.00)
(319.61, 0.00, 0.00)
(319.61, 0.00, 0.00)
(319.61, 0.00, 0.00)
(319.61, 0.00, 0.00)
(319.61, 0.00, 0.00)
(314.77, 0.00, 0.00)
(314.77, 0.00, 0.00)
(314.77, 0.00, 0.00)
(319.61, 0.00, 0.00)
(319.61, 0.00, 0.00)
(319.61, 0.00, 0.00)
(319.61, 0.00, 0.00)
(319.61, 0.00, 0.00)
(325.58, 0.00, 0.00)
(325.58, 0.00, 0.00)
(325.58, 0.00, 0.00)
(325.58, 0.00, 0.00)
(325.58, 0.00, 0.00)
(325.79, 0.00, 0.00)
(325.79, 0.00, 0.00)
(325.79, 0.00, 0.00)
(324.36, 0.00, 0.00)
(324.36, 0.00, 0.00)
(324.36, 0.00, 0.00)
(324.36, 0.00, 0.00)
(324.36, 0.00, 0.00)
(327.17, 0.00, 0.00)
(327.17, 0.00, 0.00)
(327.17, 0.00, 0.00)
(327.50, 0.00, 0.00)
(327.50, 0.00, 0.00)
(327.50, 0.00, 0.00)
(327.50, 0.00, 0.00)
(327.50, 0.00, 0.00)
(327.50, 0.00, 0.00)
(328.25, 0.00, 0.00)
(328.25, 0.00, 0.00)
(328.25, 0.00, 0.00)
(328.25, 0.00, 0.00)
(328.25, 0.00, 0.00)
(323.99, 0.00, 0.00)
(323.99, 0.00, 0.00)
(324.84, 0.00, 0.00)
(324.84, 0.00, 0.00)
(324.84, 0.00, 0.00)
(324.84, 0.00, 0.00)
(324.84, 0.00, 0.00)
(324.84, 0.00, 0.00)
(326.88, 0.00, 0.00)
(326.88, 0.00, 0.00)
(331.78, 0.00, 0.00)
(331.78, 0.00, 0.00)
(331.78, 0.00, 0.00)
(331.78, 0.00, 0.00)
(329.75, 0.00, 0.00)
(329.75, 0.00, 0.00)
(329.75, 0.00, 0.00)
(329.75, 0.00, 0.00)
(329.75, 0.00, 0.00)
(329.73, 0.00, 0.00)
(329.73, 0.00, 0.00)
(329.73, 0.00, 0.00)
(329.73, 0.00, 0.00)
(333.90, 0.00, 0.00)
(333.90, 0.00, 0.00)
(333.90, 0.00, 0.00)
(330.44, 0.00, 0.00)
(330.44, 0.00, 0.00)
(330.44, 0.00, 0.00)
(330.44, 0.00, 0.00)
(330.44, 0.00, 0.00)
(335.09, 0.00, 0.00)
(335.09, 0.00, 0.00)
(335.09, 0.00, 0.00)
(335.09, 0.00, 0.00)
(336.48, 0.00, 0.00)
(336.48, 0.00, 0.00)
(328.68, 0.00, 0.00)
(328.68, 0.00, 0.00)
(328.68, 0.00, 0.00)
(328.68, 0.00, 0.00)
(330.35, 0.00, 0.00)
(330.35, 0.00, 0.00)
(330.35, 0.00, 0.00)
(330.35, 0.00, 0.00)
(330.35, 0.00, 0.00)
(334.76, 0.00, 0.00)
(334.76, 0.00, 0.00)
(334.76, 0.00, 0.00)
(337.96, 0.00, 0.00)
(337.96, 0.00, 0.00)
(337.96, 0.00, 0.00)
(337.96, 0.00, 0.00)
(337.96, 0.00, 0.00)
(337.96, 0.00, 0.00)
(337.96, 0.00, 0.00)
(337.96, 0.00, 0.00)
(329.06, 0.00, 0.00)
(329.06, 0.00, 0.00)
(329.06, 0.00, 0.00)
(329.06, 0.00, 0.00)
(336.68, 0.00, 0.00)
(336.68, 0.00, 0.00)
(336.68, 0.00, 0.00)
(336.68, 0.00, 0.00)
(336.68, 0.00, 0.00)
(330.34, 0.00, 0.00)
(330.34, 0.00, 0.00)
(330.34, 0.00, 0.00)
(330.34, 0.00, 0.00)
(330.34, 0.00, 0.00)
(316.50, 0.00, 0.00)
(316.50, 0.00, 0.00)
(316.50, 0.00, 0.00)
(316.50, 0.00, 0.00)
(316.99, 0.00, 0.00)
(316.99, 0.00, 0.00)
(308.95, 0.00, 0.00)
(308.95, 0.00, 0.00)
(309.01, 0.00, 0.00)
(309.01, 0.00, 0.00)
(309.01, 0.00, 0.00)
(309.01, 0.00, 0.00)
(309.01, 0.00, 0.00)
(317.50, 0.00, 0.00)
(317.50, 0.00, 0.00)
(317.50, 0.00, 0.00)
(310.10, 0.00, 0.00)
(310.10, 0.00, 0.00)
(310.10, 0.00, 0.00)
(310.10, 0.00, 0.00)
(299.30, 0.00, 0.00)
(299.30, 0.00, 0.00)
(299.30, 0.00, 0.00)
(299.30, 0.00, 0.00)
(299.30, 0.00, 0.00)
(292.37, 0.00, 0.00)
(292.37, 0.00, 0.00)
(299.49, 0.00, 0.00)
(299.49, 0.00, 0.00)
(299.49, 0.00, 0.00)
(299.49, 0.00, 0.00)
(299.49, 0.00, 0.00)
(297.56, 0.00, 0.00)
(297.56, 0.00, 0.00)
(297.56, 0.00, 0.00)
(297.56, 0.00, 0.00)
(294.49, 0.00, 0.00)
(294.49, 0.00, 0.00)
(294.49, 0.00, 0.00)
(294.49, 0.00, 0.00)
(294.49, 0.00, 0.00)
(289.67, 0.00, 0.00)
(289.67, 0.00, 0.00)
(289.67, 0.00, 0.00)
(291.10, 0.00, 0.00)
(291.10, 0.00, 0.00)
(291.10, 0.00, 0.00)
(291.10, 0.00, 0.00)
(291.10, 0.00, 0.00)
(289.08, 0.00, 0.00)
(289.08, 0.00, 0.00)
(289.08, 0.00, 0.00)
(289.08, 0.00, 0.00)
(289.08, 0.00, 0.00)
(284.99, 0.00, 0.00)
(284.99, 0.00, 0.00)
(283.13, 0.00, 0.00)
(283.13, 0.00, 0.00)
(283.13, 0.00, 0.00)
(283.13, 0.00, 0.00)
(283.13, 0.00, 0.00)
(283.13, 0.00, 0.00)
(280.04, 0.00, 0.00)
(280.04, 0.00, 0.00)
(280.04, 0.00, 0.00)
(280.04, 0.00, 0.00)
(281.97, 0.00, 0.00)
(281.97, 0.00, 0.00)
(281.97, 0.00, 0.00)
(281.97, 0.00, 0.00)
(281.97, 0.00, 0.00)
(283.02, 0.00, 0.00)
(283.02, 0.00, 0.00)
(283.02, 0.00, 0.00)
(283.02, 0.00, 0.00)
(283.02, 0.00, 0.00)
(277.69, 0.00, 0.00)
(277.69, 0.00, 0.00)
(273.80, 0.00, 0.00)
(273.80, 0.00, 0.00)
(273.80, 0.00, 0.00)
(273.80, 0.00, 0.00)
(273.80, 0.00, 0.00)
(273.80, 0.00, 0.00)
(273.80, 0.00, 0.00)
(273.80, 0.00, 0.00)
(273.80, 0.00, 0.00)
(278.42, 0.00, 0.00)
(278.42, 0.00, 0.00)
(276.47, 0.00, 0.00)
(276.47, 0.00, 0.00)
(276.47, 0.00, 0.00)
(276.47, 0.00, 0.00)
(276.47, 0.00, 0.00)
(276.47, 0.00, 0.00)
(276.47, 0.00, 0.00)
(276.47, 0.00, 0.00)
(274.25, 0.00, 0.00)
(274.25, 0.00, 0.00)
(274.25, 0.00, 0.00)
(274.25, 0.00, 0.00)
(274.25, 0.00, 0.00)
(274.25, 0.00, 0.00)
(274.75, 0.00, 0.00)
(274.75, 0.00, 0.00)
(275.21, 0.00, 0.00)
(275.21, 0.00, 0.00)
(275.21, 0.00, 0.00)
(275.21, 0.00, 0.00)
(275.21, 0.00, 0.00)
(275.90, 0.00, 0.00)
(275.90, 0.00, 0.00)
(275.90, 0.00, 0.00)
(275.90, 0.00, 0.00)
(275.90, 0.00, 0.00)
(296.70, 0.00, 0.00)
(296.70, 0.00, 0.00)
(276.05, 0.00, 0.00)
(276.05, 0.00, 0.00)
(276.05, 0.00, 0.00)
(276.05, 0.00, 0.00)
(276.05, 0.00, 0.00)
(276.05, 0.00, 0.00)
(276.05, 0.00, 0.00)
(275.47, 0.00, 0.00)
(275.47, 0.00, 0.00)
(276.56, 0.00, 0.00)
(276.56, 0.00, 0.00)
(276.56, 0.00, 0.00)
(276.56, 0.00, 0.00)
(276.56, 0.00, 0.00)
(279.78, 0.00, 0.00)
(279.78, 0.00, 0.00)
(279.78, 0.00, 0.00)
(288.56, 0.00, 0.00)
(288.56, 0.00, 0.00)
(288.56, 0.00, 0.00)
(288.56, 0.00, 0.00)
(288.56, 0.00, 0.00)
(28.82, 0.00, 0.00)
(28.82, 0.00, 0.00)
(39.42, 0.00, 0.00)
(39.42, 0.00, 0.00)
(39.42, 0.00, 0.00)
(39.42, 0.00, 0.00)
(39.42, 0.00, 0.00)
(28.75, 0.00, 0.00)
(28.75, 0.00, 0.00)
(28.75, 0.00, 0.00)
(28.75, 0.00, 0.00)
(3.55, 0.00, 0.00)
(3.55, 0.00, 0.00)
(3.55, 0.00, 0.00)
(348.16, 0.00, 0.00)
(348.16, 0.00, 0.00)
(348.16, 0.00, 0.00)
(348.16, 0.00, 0.00)
(348.16, 0.00, 0.00)
(341.10, 0.00, 0.00)
(341.10, 0.00, 0.00)
(341.10, 0.00, 0.00)
(341.10, 0.00, 0.00)
(341.10, 0.00, 0.00)
(345.13, 0.00, 0.00)
(345.13, 0.00, 0.00)
(345.13, 0.00, 0.00)
(345.13, 0.00, 0.00)
(345.13, 0.00, 0.00)
(350.71, 0.00, 0.00)
(350.71, 0.00, 0.00)
(350.71, 0.00, 0.00)
(340.64, 0.00, 0.00)
(340.64, 0.00, 0.00)
(340.64, 0.00, 0.00)
(340.64, 0.00, 0.00)
(4.15, 0.00, 0.00)
(4.15, 0.00, 0.00)
(4.15, 0.00, 0.00)
(4.15, 0.00, 0.00)
(4.15, 0.00, 0.00)
(23.00, 0.00, 0.00)
(23.00, 0.00, 0.00)
(28.93, 0.00, 0.00)
(28.93, 0.00, 0.00)
(28.93, 0.00, 0.00)
(28.93, 0.00, 0.00)
(28.93, 0.00, 0.00)
(25.69, 0.00, 0.00)
(25.69, 0.00, 0.00)
(25.69, 0.00, 0.00)
(25.69, 0.00, 0.00)
(25.69, 0.00, 0.00)
(331.83, 0.00, 0.00)
(331.83, 0.00, 0.00)
(331.83, 0.00, 0.00)
(331.83, 0.00, 0.00)
(331.83, 0.00, 0.00)
(298.05, 0.00, 0.00)
(298.05, 0.00, 0.00)
(294.34, 0.00, 0.00)
(294.34, 0.00, 0.00)
(294.34, 0.00, 0.00)
(294.34, 0.00, 0.00)
(283.84, 0.00, 0.00)
(283.84, 0.00, 0.00)
(283.84, 0.00, 0.00)
(283.99, 0.00, 0.00)
(283.99, 0.00, 0.00)
(283.99, 0.00, 0.00)
(283.99, 0.00, 0.00)
(283.99, 0.00, 0.00)
(283.99, 0.00, 0.00)
(283.99, 0.00, 0.00)
(277.69, 0.00, 0.00)
(277.69, 0.00, 0.00)
(277.69, 0.00, 0.00)
(276.69, 0.00, 0.00)
(276.69, 0.00, 0.00)
(276.69, 0.00, 0.00)
(276.69, 0.00, 0.00)
(276.69, 0.00, 0.00)
(279.07, 0.00, 0.00)
(279.07, 0.00, 0.00)
(279.07, 0.00, 0.00)
(277.51, 0.00, 0.00)
(277.51, 0.00, 0.00)
(277.51, 0.00, 0.00)
(277.51, 0.00, 0.00)
(277.14, 0.00, 0.00)
(277.14, 0.00, 0.00)
(277.14, 0.00, 0.00)
(277.14, 0.00, 0.00)
(277.14, 0.00, 0.00)
(274.95, 0.00, 0.00)
(274.95, 0.00, 0.00)
(274.95, 0.00, 0.00)
(274.92, 0.00, 0.00)
(274.92, 0.00, 0.00)
(274.92, 0.00, 0.00)
(274.92, 0.00, 0.00)
(276.88, 0.00, 0.00)
(276.88, 0.00, 0.00)
(276.88, 0.00, 0.00)
(276.88, 0.00, 0.00)
(276.88, 0.00, 0.00)
(274.93, 0.00, 0.00)
(274.93, 0.00, 0.00)
(274.93, 0.00, 0.00)
(275.04, 0.00, 0.00)
(275.04, 0.00, 0.00)
(275.04, 0.00, 0.00)
(275.04, 0.00, 0.00)
(275.04, 0.00, 0.00)
(275.04, 0.00, 0.00)
(277.44, 0.00, 0.00)
(277.44, 0.00, 0.00)
(278.85, 0.00, 0.00)
(278.85, 0.00, 0.00)
(278.85, 0.00, 0.00)
(278.85, 0.00, 0.00)
(278.85, 0.00, 0.00)
(277.51, 0.00, 0.00)
(277.51, 0.00, 0.00)
(277.51, 0.00, 0.00)
(277.51, 0.00, 0.00)
(277.98, 0.00, 0.00)
(277.98, 0.00, 0.00)
(277.98, 0.00, 0.00)
(277.98, 0.00, 0.00)
(277.98, 0.00, 0.00)
(278.35, 0.00, 0.00)
(278.35, 0.00, 0.00)
(278.35, 0.00, 0.00)
(273.64, 0.00, 0.00)
(273.64, 0.00, 0.00)
(273.64, 0.00, 0.00)
(273.64, 0.00, 0.00)
(272.99, 0.00, 0.00)
(272.99, 0.00, 0.00)
(272.99, 0.00, 0.00)
(272.99, 0.00, 0.00)
(272.99, 0.00, 0.00)
(273.94, 0.00, 0.00)
(273.94, 0.00, 0.00)
(273.94, 0.00, 0.00)
(273.94, 0.00, 0.00)
(273.94, 0.00, 0.00)
(276.64, 0.00, 0.00)
(276.64, 0.00, 0.00)
(278.07, 0.00, 0.00)
(278.07, 0.00, 0.00)
(278.07, 0.00, 0.00)
(276.77, 0.00, 0.00)
(276.77, 0.00, 0.00)
(276.77, 0.00, 0.00)
(276.77, 0.00, 0.00)
(276.11, 0.00, 0.00)
(276.11, 0.00, 0.00)
(276.11, 0.00, 0.00)
(275.52, 0.00, 0.00)
(275.52, 0.00, 0.00)
(275.52, 0.00, 0.00)
(275.52, 0.00, 0.00)
(275.52, 0.00, 0.00)
(276.40, 0.00, 0.00)
(276.40, 0.00, 0.00)
(276.40, 0.00, 0.00)
(275.84, 0.00, 0.00)
(275.84, 0.00, 0.00)
(275.84, 0.00, 0.00)
(275.84, 0.00, 0.00)
(276.12, 0.00, 0.00)
(276.12, 0.00, 0.00)
(276.12, 0.00, 0.00)
(276.12, 0.00, 0.00)
(276.12, 0.00, 0.00)
(276.12, 0.00, 0.00)
(276.12, 0.00, 0.00)
(276.12, 0.00, 0.00)
(276.12, 0.00, 0.00)
(276.12, 0.00, 0.00)
(276.12, 0.00, 0.00)
(273.80, 0.00, 0.00)
(273.80, 0.00, 0.00)
(273.80, 0.00, 0.00)
(274.71, 0.00, 0.00)
(274.71, 0.00, 0.00)
(274.71, 0.00, 0.00)
(274.71, 0.00, 0.00)
(274.71, 0.00, 0.00)
(271.41, 0.00, 0.00)
(271.41, 0.00, 0.00)
(271.41, 0.00, 0.00)
(271.41, 0.00, 0.00)
(271.67, 0.00, 0.00)
(271.67, 0.00, 0.00)
(271.67, 0.00, 0.00)
(271.67, 0.00, 0.00)
(271.67, 0.00, 0.00)
(280.95, 0.00, 0.00)
(280.95, 0.00, 0.00)
(280.95, 0.00, 0.00)
(280.95, 0.00, 0.00)
(280.95, 0.00, 0.00)
(280.95, 0.00, 0.00)
(297.92, 0.00, 0.00)
(297.92, 0.00, 0.00)
(297.92, 0.00, 0.00)
(297.92, 0.00, 0.00)
(297.92, 0.00, 0.00)
(304.57, 0.00, 0.00)
(304.57, 0.00, 0.00)
(304.57, 0.00, 0.00)
(304.57, 0.00, 0.00)
(304.57, 0.00, 0.00)
(319.58, 0.00, 0.00)
(319.58, 0.00, 0.00)
(319.58, 0.00, 0.00)
(319.58, 0.00, 0.00)
(319.58, 0.00, 0.00)
(325.12, 0.00, 0.00)
(325.12, 0.00, 0.00)
(325.12, 0.00, 0.00)
(325.12, 0.00, 0.00)
(337.54, 0.00, 0.00)
(337.54, 0.00, 0.00)
(338.38, 0.00, 0.00)
(338.38, 0.00, 0.00)
(338.93, 0.00, 0.00)
(338.93, 0.00, 0.00)
(338.93, 0.00, 0.00)
(338.93, 0.00, 0.00)
(338.93, 0.00, 0.00)
(349.36, 0.00, 0.00)
(349.36, 0.00, 0.00)
(349.36, 0.00, 0.00)
(349.36, 0.00, 0.00)
(349.36, 0.00, 0.00)
(353.85, 0.00, 0.00)
(353.85, 0.00, 0.00)
(353.85, 0.00, 0.00)
(353.85, 0.00, 0.00)
(353.85, 0.00, 0.00)
(353.85, 0.00, 0.00)
(353.85, 0.00, 0.00)
(359.00, 0.00, 0.00)
(359.00, 0.00, 0.00)
(359.00, 0.00, 0.00)
(359.00, 0.00, 0.00)
(353.27, 0.00, 0.00)
(353.27, 0.00, 0.00)
(0.61, 0.00, 0.00)
(0.61, 0.00, 0.00)
(0.61, 0.00, 0.00)
(5.26, 0.00, 0.00)
(5.26, 0.00, 0.00)
(5.26, 0.00, 0.00)
(5.26, 0.00, 0.00)
(359.60, 0.00, 0.00)
(359.60, 0.00, 0.00)
(337.65, 0.00, 0.00)
(337.65, 0.00, 0.00)
(337.65, 0.00, 0.00)
(324.06, 0.00, 0.00)
(324.06, 0.00, 0.00)
(324.06, 0.00, 0.00)
(324.06, 0.00, 0.00)
(318.88, 0.00, 0.00)
(318.88, 0.00, 0.00)
(318.88, 0.00, 0.00)
(317.43, 0.00, 0.00)
(317.43, 0.00, 0.00)
(311.90, 0.00, 0.00)
(311.90, 0.00, 0.00)
(311.90, 0.00, 0.00)
(311.90, 0.00, 0.00)
(311.90, 0.00, 0.00)
(308.14, 0.00, 0.00)
(308.14, 0.00, 0.00)
(308.14, 0.00, 0.00)
(308.14, 0.00, 0.00)
(308.14, 0.00, 0.00)
(308.14, 0.00, 0.00)
(308.14, 0.00, 0.00)
(304.76, 0.00, 0.00)
(304.76, 0.00, 0.00)
(297.36, 0.00, 0.00)
(297.36, 0.00, 0.00)
(297.36, 0.00, 0.00)
(297.36, 0.00, 0.00)
(294.45, 0.00, 0.00)
(294.45, 0.00, 0.00)
(294.45, 0.00, 0.00)
(291.04, 0.00, 0.00)
(291.04, 0.00, 0.00)
(291.04, 0.00, 0.00)
(291.04, 0.00, 0.00)
(291.04, 0.00, 0.00)
(286.00, 0.00, 0.00)
(286.00, 0.00, 0.00)
(283.11, 0.00, 0.00)
(283.11, 0.00, 0.00)
(283.11, 0.00, 0.00)
(283.11, 0.00, 0.00)
(284.65, 0.00, 0.00)
(284.65, 0.00, 0.00)
(284.65, 0.00, 0.00)
(285.09, 0.00, 0.00)
(285.09, 0.00, 0.00)
(285.09, 0.00, 0.00)
(285.09, 0.00, 0.00)
(282.65, 0.00, 0.00)
(282.65, 0.00, 0.00)
(282.65, 0.00, 0.00)
(282.65, 0.00, 0.00)
(282.65, 0.00, 0.00)
(280.48, 0.00, 0.00)
(280.48, 0.00, 0.00)
(280.48, 0.00, 0.00)
(280.48, 0.00, 0.00)
(280.48, 0.00, 0.00)
(280.09, 0.00, 0.00)
(280.09, 0.00, 0.00)
(278.41, 0.00, 0.00)
(278.41, 0.00, 0.00)
(278.41, 0.00, 0.00)
(278.41, 0.00, 0.00)
(276.79, 0.00, 0.00)
(276.79, 0.00, 0.00)
(276.79, 0.00, 0.00)
(276.79, 0.00, 0.00)
(276.79, 0.00, 0.00)
(276.41, 0.00, 0.00)
(276.41, 0.00, 0.00)
(275.27, 0.00, 0.00)
(275.27, 0.00, 0.00)
(275.27, 0.00, 0.00)
(274.66, 0.00, 0.00)
(274.66, 0.00, 0.00)
(274.66, 0.00, 0.00)
(274.66, 0.00, 0.00)
(274.66, 0.00, 0.00)
(275.32, 0.00, 0.00)
(275.32, 0.00, 0.00)
(273.89, 0.00, 0.00)
(273.89, 0.00, 0.00)
(273.89, 0.00, 0.00)
(273.89, 0.00, 0.00)
(273.89, 0.00, 0.00)
(272.93, 0.00, 0.00)
(272.93, 0.00, 0.00)
(272.93, 0.00, 0.00)
(272.93, 0.00, 0.00)
(273.14, 0.00, 0.00)
(273.14, 0.00, 0.00)
(272.33, 0.00, 0.00)
(272.33, 0.00, 0.00)
(272.33, 0.00, 0.00)
(272.33, 0.00, 0.00)
(272.33, 0.00, 0.00)
(273.99, 0.00, 0.00)
(273.99, 0.00, 0.00)
(273.99, 0.00, 0.00)
(273.99, 0.00, 0.00)
(271.99, 0.00, 0.00)
(271.99, 0.00, 0.00)
(271.99, 0.00, 0.00)
(271.00, 0.00, 0.00)
(271.00, 0.00, 0.00)
(271.00, 0.00, 0.00)
(271.00, 0.00, 0.00)
(271.00, 0.00, 0.00)
(270.85, 0.00, 0.00)
(270.85, 0.00, 0.00)
(270.85, 0.00, 0.00)
(270.85, 0.00, 0.00)
(272.37, 0.00, 0.00)
(272.37, 0.00, 0.00)
(272.37, 0.00, 0.00)
(272.37, 0.00, 0.00)
(271.76, 0.00, 0.00)
(271.76, 0.00, 0.00)
(271.39, 0.00, 0.00)
(271.39, 0.00, 0.00)
(271.39, 0.00, 0.00)
(271.39, 0.00, 0.00)
(271.39, 0.00, 0.00)
(272.05, 0.00, 0.00)
(272.05, 0.00, 0.00)
(272.05, 0.00, 0.00)
(272.05, 0.00, 0.00)
(275.24, 0.00, 0.00)
(275.24, 0.00, 0.00)
(275.24, 0.00, 0.00)
(277.18, 0.00, 0.00)
(277.18, 0.00, 0.00)
(277.18, 0.00, 0.00)
(277.18, 0.00, 0.00)
(277.18, 0.00, 0.00)
(277.93, 0.00, 0.00)
(277.93, 0.00, 0.00)
(277.93, 0.00, 0.00)
(280.29, 0.00, 0.00)
(280.29, 0.00, 0.00)
(280.29, 0.00, 0.00)
(298.03, 0.00, 0.00)
(298.03, 0.00, 0.00)
(298.03, 0.00, 0.00)
(298.03, 0.00, 0.00)
(298.03, 0.00, 0.00)
(298.03, 0.00, 0.00)
(298.03, 0.00, 0.00)
(314.46, 0.00, 0.00)
(314.46, 0.00, 0.00)
(339.34, 0.00, 0.00)
(339.34, 0.00, 0.00)
(339.34, 0.00, 0.00)
(339.34, 0.00, 0.00)
(339.34, 0.00, 0.00)
(334.03, 0.00, 0.00)
(334.03, 0.00, 0.00)
(334.03, 0.00, 0.00)
(328.52, 0.00, 0.00)
(328.52, 0.00, 0.00)
(328.52, 0.00, 0.00)
(328.52, 0.00, 0.00)
(337.23, 0.00, 0.00)
(337.23, 0.00, 0.00)
(331.94, 0.00, 0.00)
(331.94, 0.00, 0.00)
(331.94, 0.00, 0.00)
(331.94, 0.00, 0.00)
(331.94, 0.00, 0.00)
(338.33, 0.00, 0.00)
(338.33, 0.00, 0.00)
(338.33, 0.00, 0.00)
(338.33, 0.00, 0.00)
(353.86, 0.00, 0.00)
(353.86, 0.00, 0.00)
(353.86, 0.00, 0.00)
(353.86, 0.00, 0.00)
(353.86, 0.00, 0.00)
(0.22, 0.00, 0.00)
(0.22, 0.00, 0.00)
(0.22, 0.00, 0.00)
(0.22, 0.00, 0.00)
(0.22, 0.00, 0.00)
(0.22, 0.00, 0.00)
(343.84, 0.00, 0.00)
(353.37, 0.00, 0.00)
(353.37, 0.00, 0.00)
(353.37, 0.00, 0.00)
(353.37, 0.00, 0.00)
(353.37, 0.00, 0.00)
(353.37, 0.00, 0.00)
(353.37, 0.00, 0.00)
(353.37, 0.00, 0.00)
(349.93, 0.00, 0.00)
(349.93, 0.00, 0.00)
(349.93, 0.00, 0.00)
(349.93, 0.00, 0.00)
(349.93, 0.00, 0.00)
(349.93, 0.00, 0.00)
(349.93, 0.00, 0.00)
(339.90, 0.00, 0.00)
(339.90, 0.00, 0.00)
(348.63, 0.00, 0.00)
(348.63, 0.00, 0.00)
(348.63, 0.00, 0.00)
(348.63, 0.00, 0.00)
(348.63, 0.00, 0.00)
(2.98, 0.00, 0.00)
(356.78, 0.00, 0.00)
(356.78, 0.00, 0.00)
(356.78, 0.00, 0.00)
(330.07, 0.00, 0.00)
(330.07, 0.00, 0.00)
(330.07, 0.00, 0.00)
(330.07, 0.00, 0.00)
(330.07, 0.00, 0.00)
(330.07, 0.00, 0.00)
(318.42, 0.00, 0.00)
(318.42, 0.00, 0.00)
(315.18, 0.00, 0.00)
(315.18, 0.00, 0.00)
(315.18, 0.00, 0.00)
(315.18, 0.00, 0.00)
(315.18, 0.00, 0.00)
(315.71, 0.00, 0.00)
(315.71, 0.00, 0.00)
(315.71, 0.00, 0.00)
(321.85, 0.00, 0.00)
(321.85, 0.00, 0.00)
(321.85, 0.00, 0.00)
(321.85, 0.00, 0.00)
(309.79, 0.00, 0.00)
(309.79, 0.00, 0.00)
(309.79, 0.00, 0.00)
(309.79, 0.00, 0.00)
(304.23, 0.00, 0.00)
(304.23, 0.00, 0.00)
(304.23, 0.00, 0.00)
(304.23, 0.00, 0.00)
(304.23, 0.00, 0.00)
(304.23, 0.00, 0.00)
(301.55, 0.00, 0.00)
(301.55, 0.00, 0.00)
(299.44, 0.00, 0.00)
(299.44, 0.00, 0.00)
(299.44, 0.00, 0.00)
(299.44, 0.00, 0.00)
(299.44, 0.00, 0.00)
(298.68, 0.00, 0.00)
(298.68, 0.00, 0.00)
(298.68, 0.00, 0.00)
(298.68, 0.00, 0.00)
(298.68, 0.00, 0.00)
(294.01, 0.00, 0.00)
(294.01, 0.00, 0.00)
(292.67, 0.00, 0.00)
(292.67, 0.00, 0.00)
(292.67, 0.00, 0.00)
(292.67, 0.00, 0.00)
(292.67, 0.00, 0.00)
(292.67, 0.00, 0.00)
(292.67, 0.00, 0.00)
(291.74, 0.00, 0.00)
(291.74, 0.00, 0.00)
(291.74, 0.00, 0.00)
(290.72, 0.00, 0.00)
(290.72, 0.00, 0.00)
(287.87, 0.00, 0.00)
(287.87, 0.00, 0.00)
(287.87, 0.00, 0.00)
(287.87, 0.00, 0.00)
(287.87, 0.00, 0.00)
(288.87, 0.00, 0.00)
(288.87, 0.00, 0.00)
(288.87, 0.00, 0.00)
(288.87, 0.00, 0.00)
(288.32, 0.00, 0.00)
(288.32, 0.00, 0.00)
(288.32, 0.00, 0.00)
(288.32, 0.00, 0.00)
(288.32, 0.00, 0.00)
(288.32, 0.00, 0.00)
(288.32, 0.00, 0.00)
(284.08, 0.00, 0.00)
(284.08, 0.00, 0.00)
(281.71, 0.00, 0.00)
(281.71, 0.00, 0.00)
(283.63, 0.00, 0.00)
(283.63, 0.00, 0.00)
(283.63, 0.00, 0.00)
(283.63, 0.00, 0.00)
(283.63, 0.00, 0.00)
(283.66, 0.00, 0.00)
(283.66, 0.00, 0.00)
(283.66, 0.00, 0.00)
(283.66, 0.00, 0.00)
(283.66, 0.00, 0.00)
(279.25, 0.00, 0.00)
(279.25, 0.00, 0.00)
(278.25, 0.00, 0.00)
(278.25, 0.00, 0.00)
(278.25, 0.00, 0.00)
(278.25, 0.00, 0.00)
(279.50, 0.00, 0.00)
(279.50, 0.00, 0.00)
(279.50, 0.00, 0.00)
(279.50, 0.00, 0.00)
(279.50, 0.00, 0.00)
(279.08, 0.00, 0.00)
(279.08, 0.00, 0.00)
(278.15, 0.00, 0.00)
(278.15, 0.00, 0.00)
(278.15, 0.00, 0.00)
(278.15, 0.00, 0.00)
(278.15, 0.00, 0.00)
(277.36, 0.00, 0.00)
(277.36, 0.00, 0.00)
(277.36, 0.00, 0.00)
(277.36, 0.00, 0.00)
(276.50, 0.00, 0.00)
(276.50, 0.00, 0.00)
(275.94, 0.00, 0.00)
(275.94, 0.00, 0.00)
(275.94, 0.00, 0.00)
(275.94, 0.00, 0.00)
(276.58, 0.00, 0.00)
(276.58, 0.00, 0.00)
(276.58, 0.00, 0.00)
(276.58, 0.00, 0.00)
(276.58, 0.00, 0.00)
(276.58, 0.00, 0.00)
(276.58, 0.00, 0.00)
(274.10, 0.00, 0.00)
(274.10, 0.00, 0.00)
(274.10, 0.00, 0.00)
(274.10, 0.00, 0.00)
(274.10, 0.00, 0.00)
(274.10, 0.00, 0.00)
(275.46, 0.00, 0.00)
(275.46, 0.00, 0.00)
(275.46, 0.00, 0.00)
(275.77, 0.00, 0.00)
(275.77, 0.00, 0.00)
(275.77, 0.00, 0.00)
(275.77, 0.00, 0.00)
(274.37, 0.00, 0.00)
(274.37, 0.00, 0.00)
(274.38, 0.00, 0.00)
(274.38, 0.00, 0.00)
(274.38, 0.00, 0.00)
(274.38, 0.00, 0.00)
(274.38, 0.00, 0.00)
(275.03, 0.00, 0.00)
(275.03, 0.00, 0.00)
(275.08, 0.00, 0.00)
(275.08, 0.00, 0.00)
(275.08, 0.00, 0.00)
(275.08, 0.00, 0.00)
(275.08, 0.00, 0.00)
(275.08, 0.00, 0.00)
(275.08, 0.00, 0.00)
(275.59, 0.00, 0.00)
(275.59, 0.00, 0.00)
(275.59, 0.00, 0.00)
(275.64, 0.00, 0.00)
(275.64, 0.00, 0.00)
(275.64, 0.00, 0.00)
(275.64, 0.00, 0.00)
(276.41, 0.00, 0.00)
(276.41, 0.00, 0.00)
(276.41, 0.00, 0.00)
(275.63, 0.00, 0.00)
(275.63, 0.00, 0.00)
(275.63, 0.00, 0.00)
(274.98, 0.00, 0.00)
(274.98, 0.00, 0.00)
(274.25, 0.00, 0.00)
(274.25, 0.00, 0.00)
(274.25, 0.00, 0.00)
(274.57, 0.00, 0.00)
(274.57, 0.00, 0.00)
(274.57, 0.00, 0.00)
(274.57, 0.00, 0.00)
(274.57, 0.00, 0.00)
(274.67, 0.00, 0.00)
(274.67, 0.00, 0.00)
(274.19, 0.00, 0.00)
(274.19, 0.00, 0.00)
(274.19, 0.00, 0.00)
(274.19, 0.00, 0.00)
(274.19, 0.00, 0.00)
(278.19, 0.00, 0.00)
(278.19, 0.00, 0.00)
(278.19, 0.00, 0.00)
(278.19, 0.00, 0.00)
(284.22, 0.00, 0.00)
(284.22, 0.00, 0.00)
(303.06, 0.00, 0.00)
(303.06, 0.00, 0.00)
(303.06, 0.00, 0.00)
(303.06, 0.00, 0.00)
(303.06, 0.00, 0.00)
(312.89, 0.00, 0.00)
(312.89, 0.00, 0.00)
(312.89, 0.00, 0.00)
(312.89, 0.00, 0.00)
(339.68, 0.00, 0.00)
(339.68, 0.00, 0.00)
(339.68, 0.00, 0.00)
(345.80, 0.00, 0.00)
(345.80, 0.00, 0.00)
(345.80, 0.00, 0.00)
(345.80, 0.00, 0.00)
(345.80, 0.00, 0.00)
(339.35, 0.00, 0.00)
(339.35, 0.00, 0.00)
(339.35, 0.00, 0.00)
(339.35, 0.00, 0.00)
(341.10, 0.00, 0.00)
(341.10, 0.00, 0.00)
(341.10, 0.00, 0.00)
(341.10, 0.00, 0.00)
(356.55, 0.00, 0.00)
(356.55, 0.00, 0.00)
(356.55, 0.00, 0.00)
(357.65, 0.00, 0.00)
(357.65, 0.00, 0.00)
(357.65, 0.00, 0.00)
(357.65, 0.00, 0.00)
(357.65, 0.00, 0.00)
(356.25, 0.00, 0.00)
(356.25, 0.00, 0.00)
(356.25, 0.00, 0.00)
(350.37, 0.00, 0.00)
(350.37, 0.00, 0.00)
(350.37, 0.00, 0.00)
(350.37, 0.00, 0.00)
(350.37, 0.00, 0.00)
(350.37, 0.00, 0.00)
(346.97, 0.00, 0.00)
(346.97, 0.00, 0.00)
(349.34, 0.00, 0.00)
(349.34, 0.00, 0.00)
(349.34, 0.00, 0.00)
(349.34, 0.00, 0.00)
(349.34, 0.00, 0.00)
(345.01, 0.00, 0.00)
(345.01, 0.00, 0.00)
(345.01, 0.00, 0.00)
(347.81, 0.00, 0.00)
(347.81, 0.00, 0.00)
(347.81, 0.00, 0.00)
(347.81, 0.00, 0.00)
(347.81, 0.00, 0.00)
(350.01, 0.00, 0.00)
(350.01, 0.00, 0.00)
(350.01, 0.00, 0.00)
(350.01, 0.00, 0.00)
(350.01, 0.00, 0.00)
(346.87, 0.00, 0.00)
(346.87, 0.00, 0.00)
(346.87, 0.00, 0.00)
(346.87, 0.00, 0.00)
(346.87, 0.00, 0.00)
(344.03, 0.00, 0.00)
(344.03, 0.00, 0.00)
(344.03, 0.00, 0.00)
(344.03, 0.00, 0.00)
(344.03, 0.00, 0.00)
(342.22, 0.00, 0.00)
(342.22, 0.00, 0.00)
(342.22, 0.00, 0.00)
(342.54, 0.00, 0.00)
(342.54, 0.00, 0.00)
(342.54, 0.00, 0.00)
(342.54, 0.00, 0.00)
(342.54, 0.00, 0.00)
(342.54, 0.00, 0.00)
(342.54, 0.00, 0.00)
(342.54, 0.00, 0.00)
(342.54, 0.00, 0.00)
(342.54, 0.00, 0.00)
(342.54, 0.00, 0.00)
(342.54, 0.00, 0.00)
(320.26, 0.00, 0.00)
(320.26, 0.00, 0.00)
(319.28, 0.00, 0.00)
(319.28, 0.00, 0.00)
(312.90, 0.00, 0.00)
(312.90, 0.00, 0.00)
(312.90, 0.00, 0.00)
(312.90, 0.00, 0.00)
(312.90, 0.00, 0.00)
(301.17, 0.00, 0.00)
(301.17, 0.00, 0.00)
(301.17, 0.00, 0.00)
(301.17, 0.00, 0.00)
(301.17, 0.00, 0.00)
(295.44, 0.00, 0.00)
(295.44, 0.00, 0.00)
(295.44, 0.00, 0.00)
(290.87, 0.00, 0.00)
(290.87, 0.00, 0.00)
(290.87, 0.00, 0.00)
(290.87, 0.00, 0.00)
(291.81, 0.00, 0.00)
(291.81, 0.00, 0.00)
(291.81, 0.00, 0.00)
(291.81, 0.00, 0.00)
(291.81, 0.00, 0.00)
(290.64, 0.00, 0.00)
(290.64, 0.00, 0.00)
(286.58, 0.00, 0.00)
(286.58, 0.00, 0.00)
(286.58, 0.00, 0.00)
(286.58, 0.00, 0.00)
(284.53, 0.00, 0.00)
(284.53, 0.00, 0.00)
(284.53, 0.00, 0.00)
(284.53, 0.00, 0.00)
(284.53, 0.00, 0.00)
(284.37, 0.00, 0.00)
(284.37, 0.00, 0.00)
(284.37, 0.00, 0.00)
(285.65, 0.00, 0.00)
(285.65, 0.00, 0.00)
(285.65, 0.00, 0.00)
(285.65, 0.00, 0.00)
(282.61, 0.00, 0.00)
(282.61, 0.00, 0.00)
(282.61, 0.00, 0.00)
(282.61, 0.00, 0.00)
(282.61, 0.00, 0.00)
(280.91, 0.00, 0.00)
(280.91, 0.00, 0.00)
(280.91, 0.00, 0.00)
(280.91, 0.00, 0.00)
(279.63, 0.00, 0.00)
(279.63, 0.00, 0.00)
(277.27, 0.00, 0.00)
(277.27, 0.00, 0.00)
(277.27, 0.00, 0.00)
(277.27, 0.00, 0.00)
(277.27, 0.00, 0.00)
(277.27, 0.00, 0.00)
(277.52, 0.00, 0.00)
(277.52, 0.00, 0.00)
(277.52, 0.00, 0.00)
(277.52, 0.00, 0.00)
(277.52, 0.00, 0.00)
(277.52, 0.00, 0.00)
(275.80, 0.00, 0.00)
(275.80, 0.00, 0.00)
(274.68, 0.00, 0.00)
(274.68, 0.00, 0.00)
(274.68, 0.00, 0.00)
(274.68, 0.00, 0.00)
(273.66, 0.00, 0.00)
(273.66, 0.00, 0.00)
(273.66, 0.00, 0.00)
(273.66, 0.00, 0.00)
(273.66, 0.00, 0.00)
(273.66, 0.00, 0.00)
(273.66, 0.00, 0.00)
(273.66, 0.00, 0.00)
(273.66, 0.00, 0.00)
(273.66, 0.00, 0.00)
(273.66, 0.00, 0.00)
(273.66, 0.00, 0.00)
(274.43, 0.00, 0.00)
(274.43, 0.00, 0.00)
(274.43, 0.00, 0.00)
(274.43, 0.00, 0.00)
(274.43, 0.00, 0.00)
(273.79, 0.00, 0.00)
(274.01, 0.00, 0.00)
(274.01, 0.00, 0.00)
(274.01, 0.00, 0.00)
(274.01, 0.00, 0.00)
(274.53, 0.00, 0.00)
(274.53, 0.00, 0.00)
(274.53, 0.00, 0.00)
(274.53, 0.00, 0.00)
(274.53, 0.00, 0.00)
(274.92, 0.00, 0.00)
(274.92, 0.00, 0.00)
(274.92, 0.00, 0.00)
(274.92, 0.00, 0.00)
(274.92, 0.00, 0.00)
(274.70, 0.00, 0.00)
(274.70, 0.00, 0.00)
(274.65, 0.00, 0.00)
(274.65, 0.00, 0.00)
(274.65, 0.00, 0.00)
(274.65, 0.00, 0.00)
(274.65, 0.00, 0.00)
(274.78, 0.00, 0.00)
(274.78, 0.00, 0.00)
(275.16, 0.00, 0.00)
(275.16, 0.00, 0.00)
(275.16, 0.00, 0.00)
(275.16, 0.00, 0.00)
(275.35, 0.00, 0.00)
(275.35, 0.00, 0.00)
(275.35, 0.00, 0.00)
(275.35, 0.00, 0.00)
(275.35, 0.00, 0.00)
(275.35, 0.00, 0.00)
(275.35, 0.00, 0.00)
(275.11, 0.00, 0.00)
(275.11, 0.00, 0.00)
(275.11, 0.00, 0.00)
(275.11, 0.00, 0.00)
(275.52, 0.00, 0.00)
(275.52, 0.00, 0.00)
(275.52, 0.00, 0.00)
(275.52, 0.00, 0.00)
(275.52, 0.00, 0.00)
(275.68, 0.00, 0.00)
(275.68, 0.00, 0.00)
(275.55, 0.00, 0.00)
(275.55, 0.00, 0.00)
(275.55, 0.00, 0.00)
(275.55, 0.00, 0.00)
(275.55, 0.00, 0.00)
(275.55, 0.00, 0.00)
(275.49, 0.00, 0.00)
(275.49, 0.00, 0.00)
(275.49, 0.00, 0.00)
(275.69, 0.00, 0.00)
(275.69, 0.00, 0.00)
(275.69, 0.00, 0.00)
(275.69, 0.00, 0.00)
(275.69, 0.00, 0.00)
(275.69, 0.00, 0.00)
(275.69, 0.00, 0.00)
(275.95, 0.00, 0.00)
(275.95, 0.00, 0.00)
(275.95, 0.00, 0.00)
(275.95, 0.00, 0.00)
(275.95, 0.00, 0.00)
(275.89, 0.00, 0.00)
(275.89, 0.00, 0.00)
(275.89, 0.00, 0.00)
(275.89, 0.00, 0.00)
(275.89, 0.00, 0.00)
(275.92, 0.00, 0.00)
(275.92, 0.00, 0.00)
(275.92, 0.00, 0.00)
(275.92, 0.00, 0.00)
(276.35, 0.00, 0.00)
(276.35, 0.00, 0.00)
(276.42, 0.00, 0.00)
(276.42, 0.00, 0.00)
(276.28, 0.00, 0.00)
(276.28, 0.00, 0.00)
(276.28, 0.00, 0.00)
(276.28, 0.00, 0.00)
(276.28, 0.00, 0.00)
(276.26, 0.00, 0.00)
(276.26, 0.00, 0.00)
(276.26, 0.00, 0.00)
(276.26, 0.00, 0.00)
(276.26, 0.00, 0.00)
(276.59, 0.00, 0.00)
(276.59, 0.00, 0.00)
(276.59, 0.00, 0.00)
(276.59, 0.00, 0.00)
(276.54, 0.00, 0.00)
(276.54, 0.00, 0.00)
(276.54, 0.00, 0.00)
(276.54, 0.00, 0.00)
(276.54, 0.00, 0.00)
(276.54, 0.00, 0.00)
(276.54, 0.00, 0.00)
(276.54, 0.00, 0.00)
(276.54, 0.00, 0.00)
(276.54, 0.00, 0.00)
(276.54, 0.00, 0.00)
(276.54, 0.00, 0.00)
(277.20, 0.00, 0.00)
(277.20, 0.00, 0.00)
(277.20, 0.00, 0.00)
(277.20, 0.00, 0.00)
(276.88, 0.00, 0.00)
(276.88, 0.00, 0.00)
(276.88, 0.00, 0.00)
(276.88, 0.00, 0.00)
(276.88, 0.00, 0.00)
(276.87, 0.00, 0.00)
(276.87, 0.00, 0.00)
(276.87, 0.00, 0.00)
(277.07, 0.00, 0.00)
(277.07, 0.00, 0.00)
(277.07, 0.00, 0.00)
(277.07, 0.00, 0.00)
(277.66, 0.00, 0.00)
(277.66, 0.00, 0.00)
(277.66, 0.00, 0.00)
(277.66, 0.00, 0.00)
(277.66, 0.00, 0.00)
(277.35, 0.00, 0.00)
(277.35, 0.00, 0.00)
(277.16, 0.00, 0.00)
(277.16, 0.00, 0.00)
(277.16, 0.00, 0.00)
(277.16, 0.00, 0.00)
(277.16, 0.00, 0.00)
(277.16, 0.00, 0.00)
(277.16, 0.00, 0.00)
(277.16, 0.00, 0.00)
(277.16, 0.00, 0.00)
(277.16, 0.00, 0.00)
(277.16, 0.00, 0.00)
(277.46, 0.00, 0.00)
(277.46, 0.00, 0.00)
(277.46, 0.00, 0.00)
(277.58, 0.00, 0.00)
(277.58, 0.00, 0.00)
(277.45, 0.00, 0.00)
(277.45, 0.00, 0.00)
(277.45, 0.00, 0.00)
(277.76, 0.00, 0.00)
(277.76, 0.00, 0.00)
(277.76, 0.00, 0.00)
(277.76, 0.00, 0.00)
(277.76, 0.00, 0.00)
(277.58, 0.00, 0.00)
(277.58, 0.00, 0.00)
(277.58, 0.00, 0.00)
(277.58, 0.00, 0.00)
(277.58, 0.00, 0.00)
(277.84, 0.00, 0.00)
(277.84, 0.00, 0.00)
(277.84, 0.00, 0.00)
(277.51, 0.00, 0.00)
(277.51, 0.00, 0.00)
(277.51, 0.00, 0.00)
(277.51, 0.00, 0.00)
(277.51, 0.00, 0.00)
(277.52, 0.00, 0.00)
(277.52, 0.00, 0.00)
(277.52, 0.00, 0.00)
(277.52, 0.00, 0.00)
(277.95, 0.00, 0.00)
(277.95, 0.00, 0.00)
(277.63, 0.00, 0.00)
(277.63, 0.00, 0.00)
(277.63, 0.00, 0.00)
(277.63, 0.00, 0.00)
(277.63, 0.00, 0.00)
(278.06, 0.00, 0.00)
(278.06, 0.00, 0.00)
(278.06, 0.00, 0.00)
(278.06, 0.00, 0.00)
(278.23, 0.00, 0.00)
(278.23, 0.00, 0.00)
(278.23, 0.00, 0.00)
(278.15, 0.00, 0.00)
(278.15, 0.00, 0.00)
(278.15, 0.00, 0.00)
(278.15, 0.00, 0.00)
(278.15, 0.00, 0.00)
(277.99, 0.00, 0.00)
(277.99, 0.00, 0.00)
(277.99, 0.00, 0.00)
(277.99, 0.00, 0.00)
(277.99, 0.00, 0.00)
(277.92, 0.00, 0.00)
(277.92, 0.00, 0.00)
(277.92, 0.00, 0.00)
(277.92, 0.00, 0.00)
(277.92, 0.00, 0.00)
(278.18, 0.00, 0.00)
(278.18, 0.00, 0.00)
(278.58, 0.00, 0.00)
(278.58, 0.00, 0.00)
(278.58, 0.00, 0.00)
(278.58, 0.00, 0.00)
(278.58, 0.00, 0.00)
(278.00, 0.00, 0.00)
(278.00, 0.00, 0.00)
(278.35, 0.00, 0.00)
(278.35, 0.00, 0.00)
(278.35, 0.00, 0.00)
(278.26, 0.00, 0.00)
(278.26, 0.00, 0.00)
(278.26, 0.00, 0.00)
(278.30, 0.00, 0.00)
(278.30, 0.00, 0.00)
(277.89, 0.00, 0.00)
(277.89, 0.00, 0.00)
(277.89, 0.00, 0.00)
(277.89, 0.00, 0.00)
(277.89, 0.00, 0.00)
(278.13, 0.00, 0.00)
(278.13, 0.00, 0.00)
(278.13, 0.00, 0.00)
(278.26, 0.00, 0.00)
(278.26, 0.00, 0.00)
(278.26, 0.00, 0.00)
(278.26, 0.00, 0.00)
(278.01, 0.00, 0.00)
(278.01, 0.00, 0.00)
(278.01, 0.00, 0.00)
(278.01, 0.00, 0.00)
(277.97, 0.00, 0.00)
(277.97, 0.00, 0.00)
(277.97, 0.00, 0.00)
(277.97, 0.00, 0.00)
(277.97, 0.00, 0.00)
(277.72, 0.00, 0.00)
(277.72, 0.00, 0.00)
(277.40, 0.00, 0.00)
(277.40, 0.00, 0.00)
(277.40, 0.00, 0.00)
(277.40, 0.00, 0.00)
(277.40, 0.00, 0.00)
(277.82, 0.00, 0.00)
(277.82, 0.00, 0.00)
(277.82, 0.00, 0.00)
(277.82, 0.00, 0.00)
(278.38, 0.00, 0.00)
(278.38, 0.00, 0.00)
(278.38, 0.00, 0.00)
(278.30, 0.00, 0.00)
(278.30, 0.00, 0.00)
(278.30, 0.00, 0.00)
(278.30, 0.00, 0.00)
(277.74, 0.00, 0.00)
(277.74, 0.00, 0.00)
(277.74, 0.00, 0.00)
(277.74, 0.00, 0.00)
(277.74, 0.00, 0.00)
(277.52, 0.00, 0.00)
(277.52, 0.00, 0.00)
(277.30, 0.00, 0.00)
(277.30, 0.00, 0.00)
(277.30, 0.00, 0.00)
(277.30, 0.00, 0.00)
(277.30, 0.00, 0.00)
(277.43, 0.00, 0.00)
(277.43, 0.00, 0.00)
(277.43, 0.00, 0.00)
(277.43, 0.00, 0.00)
(277.43, 0.00, 0.00)
(277.46, 0.00, 0.00)
(277.46, 0.00, 0.00)
(277.60, 0.00, 0.00)
(277.60, 0.00, 0.00)
(277.60, 0.00, 0.00)
(277.60, 0.00, 0.00)
(277.60, 0.00, 0.00)
(277.38, 0.00, 0.00)
(277.38, 0.00, 0.00)
(277.38, 0.00, 0.00)
(277.38, 0.00, 0.00)
(277.72, 0.00, 0.00)
(277.72, 0.00, 0.00)
(277.72, 0.00, 0.00)
(277.89, 0.00, 0.00)
(277.89, 0.00, 0.00)
(277.89, 0.00, 0.00)
(277.89, 0.00, 0.00)
(277.67, 0.00, 0.00)
(277.67, 0.00, 0.00)
(277.67, 0.00, 0.00)
(277.67, 0.00, 0.00)
(277.67, 0.00, 0.00)
(277.67, 0.00, 0.00)
(277.29, 0.00, 0.00)
(277.29, 0.00, 0.00)
(277.29, 0.00, 0.00)
(277.29, 0.00, 0.00)
(277.29, 0.00, 0.00)
(277.57, 0.00, 0.00)
(277.57, 0.00, 0.00)
(277.65, 0.00, 0.00)
(277.65, 0.00, 0.00)
(277.65, 0.00, 0.00)
(277.65, 0.00, 0.00)
(277.65, 0.00, 0.00)
(278.00, 0.00, 0.00)
(278.00, 0.00, 0.00)
(278.00, 0.00, 0.00)
(278.00, 0.00, 0.00)
(278.00, 0.00, 0.00)
(277.70, 0.00, 0.00)
(277.70, 0.00, 0.00)
(277.55, 0.00, 0.00)
(277.55, 0.00, 0.00)
(277.55, 0.00, 0.00)
(277.55, 0.00, 0.00)
(277.55, 0.00, 0.00)
(277.55, 0.00, 0.00)
(277.55, 0.00, 0.00)
(277.55, 0.00, 0.00)
(277.47, 0.00, 0.00)
(277.47, 0.00, 0.00)
(277.66, 0.00, 0.00)
(277.66, 0.00, 0.00)
(277.66, 0.00, 0.00)
(277.66, 0.00, 0.00)
(277.66, 0.00, 0.00)
(277.66, 0.00, 0.00)
(277.66, 0.00, 0.00)
(277.52, 0.00, 0.00)
(277.52, 0.00, 0.00)
(277.52, 0.00, 0.00)
(277.52, 0.00, 0.00)
(277.52, 0.00, 0.00)
(277.55, 0.00, 0.00)
(277.55, 0.00, 0.00)
(277.55, 0.00, 0.00)
(277.55, 0.00, 0.00)
(277.55, 0.00, 0.00)
(277.65, 0.00, 0.00)
(277.65, 0.00, 0.00)
(277.82, 0.00, 0.00)
(277.82, 0.00, 0.00)
(277.82, 0.00, 0.00)
(277.88, 0.00, 0.00)
(277.88, 0.00, 0.00)
(277.88, 0.00, 0.00)
(277.88, 0.00, 0.00)
(277.88, 0.00, 0.00)
(277.88, 0.00, 0.00)
(277.88, 0.00, 0.00)
(277.87, 0.00, 0.00)
(277.57, 0.00, 0.00)
(277.57, 0.00, 0.00)
(277.57, 0.00, 0.00)
(277.57, 0.00, 0.00)
(277.57, 0.00, 0.00)
(277.57, 0.00, 0.00)
(277.31, 0.00, 0.00)
(277.31, 0.00, 0.00)
(277.31, 0.00, 0.00)
(277.31, 0.00, 0.00)
(277.31, 0.00, 0.00)
(277.35, 0.00, 0.00)
(277.35, 0.00, 0.00)
(277.98, 0.00, 0.00)
(277.98, 0.00, 0.00)
(277.98, 0.00, 0.00)
(277.98, 0.00, 0.00)
(277.98, 0.00, 0.00)
(277.93, 0.00, 0.00)
(277.93, 0.00, 0.00)
(277.93, 0.00, 0.00)
(277.93, 0.00, 0.00)
(277.93, 0.00, 0.00)
(277.93, 0.00, 0.00)
(277.87, 0.00, 0.00)
(278.10, 0.00, 0.00)
(278.10, 0.00, 0.00)
(278.10, 0.00, 0.00)
(278.10, 0.00, 0.00)
(278.10, 0.00, 0.00)
(278.37, 0.00, 0.00)
(278.37, 0.00, 0.00)
(278.37, 0.00, 0.00)
(278.37, 0.00, 0.00)
(278.37, 0.00, 0.00)
(277.86, 0.00, 0.00)
(277.86, 0.00, 0.00)
(277.86, 0.00, 0.00)
(278.01, 0.00, 0.00)
(278.01, 0.00, 0.00)
(278.01, 0.00, 0.00)
(278.01, 0.00, 0.00)
(278.01, 0.00, 0.00)
(278.12, 0.00, 0.00)
(278.12, 0.00, 0.00)
(278.12, 0.00, 0.00)
(278.12, 0.00, 0.00)
(278.12, 0.00, 0.00)
(278.14, 0.00, 0.00)
(278.14, 0.00, 0.00)
(278.08, 0.00, 0.00)
(278.08, 0.00, 0.00)
(278.08, 0.00, 0.00)
(278.08, 0.00, 0.00)
(277.86, 0.00, 0.00)
(277.86, 0.00, 0.00)
(277.86, 0.00, 0.00)
(277.86, 0.00, 0.00)
(277.86, 0.00, 0.00)
(277.63, 0.00, 0.00)
(277.63, 0.00, 0.00)
(277.63, 0.00, 0.00)
(277.63, 0.00, 0.00)
(277.63, 0.00, 0.00)
(278.00, 0.00, 0.00)
(278.00, 0.00, 0.00)
(278.24, 0.00, 0.00)
(278.24, 0.00, 0.00)
(278.24, 0.00, 0.00)
(278.24, 0.00, 0.00)
(278.24, 0.00, 0.00)
(278.26, 0.00, 0.00)
(278.26, 0.00, 0.00)
(277.98, 0.00, 0.00)
(277.98, 0.00, 0.00)
(277.98, 0.00, 0.00)
(277.98, 0.00, 0.00)
(277.98, 0.00, 0.00)
(278.02, 0.00, 0.00)
(278.02, 0.00, 0.00)
(278.02, 0.00, 0.00)
(278.02, 0.00, 0.00)
(278.02, 0.00, 0.00)
(278.07, 0.00, 0.00)
(278.07, 0.00, 0.00)
(278.07, 0.00, 0.00)
(278.07, 0.00, 0.00)
(278.07, 0.00, 0.00)
(277.66, 0.00, 0.00)
(277.66, 0.00, 0.00)
(277.51, 0.00, 0.00)
(277.51, 0.00, 0.00)
(277.51, 0.00, 0.00)
(277.51, 0.00, 0.00)
(277.51, 0.00, 0.00)
(277.67, 0.00, 0.00)
(277.67, 0.00, 0.00)
(277.67, 0.00, 0.00)
(277.67, 0.00, 0.00)
(277.96, 0.00, 0.00)
(277.96, 0.00, 0.00)
(277.77, 0.00, 0.00)
(277.77, 0.00, 0.00)
(277.77, 0.00, 0.00)
(277.77, 0.00, 0.00)
(277.77, 0.00, 0.00)
(277.68, 0.00, 0.00)
(277.68, 0.00, 0.00)
(277.68, 0.00, 0.00)
(277.68, 0.00, 0.00)
(277.68, 0.00, 0.00)
(277.77, 0.00, 0.00)
(277.77, 0.00, 0.00)
(277.73, 0.00, 0.00)
(277.73, 0.00, 0.00)
(277.73, 0.00, 0.00)
(277.73, 0.00, 0.00)
(277.73, 0.00, 0.00)
(277.73, 0.00, 0.00)
(277.56, 0.00, 0.00)
(277.56, 0.00, 0.00)
(277.03, 0.00, 0.00)
(277.03, 0.00, 0.00)
(277.03, 0.00, 0.00)
(277.03, 0.00, 0.00)
(277.03, 0.00, 0.00)
(276.78, 0.00, 0.00)
(276.78, 0.00, 0.00)
(276.78, 0.00, 0.00)
(275.74, 0.00, 0.00)
(275.74, 0.00, 0.00)
(275.74, 0.00, 0.00)
(275.74, 0.00, 0.00)
(275.74, 0.00, 0.00)
(275.14, 0.00, 0.00)
(275.14, 0.00, 0.00)
(275.14, 0.00, 0.00)
(274.57, 0.00, 0.00)
(274.57, 0.00, 0.00)
(274.57, 0.00, 0.00)
(274.57, 0.00, 0.00)
(274.57, 0.00, 0.00)
(274.17, 0.00, 0.00)
(274.17, 0.00, 0.00)
(274.17, 0.00, 0.00)
(274.17, 0.00, 0.00)
(272.92, 0.00, 0.00)
(272.92, 0.00, 0.00)
(276.86, 0.00, 0.00)
(276.86, 0.00, 0.00)
(276.86, 0.00, 0.00)
(276.86, 0.00, 0.00)
(276.86, 0.00, 0.00)
(292.40, 0.00, 0.00)
(292.40, 0.00, 0.00)
(292.40, 0.00, 0.00)
(292.40, 0.00, 0.00)
(292.40, 0.00, 0.00)
(300.15, 0.00, 0.00)
(300.15, 0.00, 0.00)
(300.15, 0.00, 0.00)
(300.15, 0.00, 0.00)
(304.60, 0.00, 0.00)
(304.60, 0.00, 0.00)
(304.60, 0.00, 0.00)
(309.55, 0.00, 0.00)
(309.55, 0.00, 0.00)
(309.55, 0.00, 0.00)
(309.55, 0.00, 0.00)
(309.55, 0.00, 0.00)
(332.79, 0.00, 0.00)
(332.79, 0.00, 0.00)
(332.79, 0.00, 0.00)
(340.39, 0.00, 0.00)
(340.39, 0.00, 0.00)
(340.39, 0.00, 0.00)
(340.39, 0.00, 0.00)
(338.43, 0.00, 0.00)
(338.43, 0.00, 0.00)
(338.43, 0.00, 0.00)
(338.43, 0.00, 0.00)
(342.60, 0.00, 0.00)
(342.60, 0.00, 0.00)
(342.60, 0.00, 0.00)
(357.81, 0.00, 0.00)
(357.81, 0.00, 0.00)
(357.81, 0.00, 0.00)
(357.81, 0.00, 0.00)
(357.81, 0.00, 0.00)
(358.79, 0.00, 0.00)
(358.79, 0.00, 0.00)
(358.79, 0.00, 0.00)
(358.79, 0.00, 0.00)
(346.11, 0.00, 0.00)
(346.11, 0.00, 0.00)
(346.11, 0.00, 0.00)
(346.11, 0.00, 0.00)
(346.11, 0.00, 0.00)
(345.19, 0.00, 0.00)
(345.19, 0.00, 0.00)
(345.19, 0.00, 0.00)
(354.40, 0.00, 0.00)
(354.40, 0.00, 0.00)
(354.40, 0.00, 0.00)
(354.40, 0.00, 0.00)
(354.40, 0.00, 0.00)
(356.29, 0.00, 0.00)
(356.29, 0.00, 0.00)
(356.29, 0.00, 0.00)
(356.29, 0.00, 0.00)
(353.22, 0.00, 0.00)
(353.22, 0.00, 0.00)
(353.22, 0.00, 0.00)
(353.22, 0.00, 0.00)
(346.09, 0.00, 0.00)
(346.09, 0.00, 0.00)
(346.09, 0.00, 0.00)
(346.09, 0.00, 0.00)
(352.14, 0.00, 0.00)
(352.14, 0.00, 0.00)
(352.14, 0.00, 0.00)
(343.44, 0.00, 0.00)
(343.44, 0.00, 0.00)
(343.44, 0.00, 0.00)
(343.44, 0.00, 0.00)
(343.44, 0.00, 0.00)
(343.44, 0.00, 0.00)
(329.97, 0.00, 0.00)
(329.97, 0.00, 0.00)
(313.72, 0.00, 0.00)
(313.72, 0.00, 0.00)
(313.72, 0.00, 0.00)
(308.56, 0.00, 0.00)
(308.56, 0.00, 0.00)
(308.56, 0.00, 0.00)
(302.27, 0.00, 0.00)
(302.27, 0.00, 0.00)
(302.27, 0.00, 0.00)
(298.97, 0.00, 0.00)
(298.97, 0.00, 0.00)
(298.97, 0.00, 0.00)
(296.34, 0.00, 0.00)
(296.34, 0.00, 0.00)
(296.34, 0.00, 0.00)
(296.34, 0.00, 0.00)
(296.34, 0.00, 0.00)
(296.34, 0.00, 0.00)
(296.34, 0.00, 0.00)
(296.34, 0.00, 0.00)
(296.12, 0.00, 0.00)
(296.12, 0.00, 0.00)
(296.12, 0.00, 0.00)
(296.41, 0.00, 0.00)
(296.41, 0.00, 0.00)
(294.89, 0.00, 0.00)
(294.89, 0.00, 0.00)
(294.89, 0.00, 0.00)
(294.89, 0.00, 0.00)
(294.89, 0.00, 0.00)
(290.30, 0.00, 0.00)
(290.30, 0.00, 0.00)
(285.56, 0.00, 0.00)
(285.56, 0.00, 0.00)
(285.56, 0.00, 0.00)
(285.56, 0.00, 0.00)
(284.69, 0.00, 0.00)
(284.69, 0.00, 0.00)
(284.69, 0.00, 0.00)
(284.69, 0.00, 0.00)
(284.69, 0.00, 0.00)
(285.02, 0.00, 0.00)
(285.02, 0.00, 0.00)
(285.02, 0.00, 0.00)
(285.25, 0.00, 0.00)
(285.25, 0.00, 0.00)
(285.25, 0.00, 0.00)
(285.25, 0.00, 0.00)
(281.31, 0.00, 0.00)
(281.31, 0.00, 0.00)
(281.31, 0.00, 0.00)
(281.31, 0.00, 0.00)
(281.31, 0.00, 0.00)
(278.17, 0.00, 0.00)
(278.17, 0.00, 0.00)
(278.17, 0.00, 0.00)
(278.42, 0.00, 0.00)
(278.42, 0.00, 0.00)
(278.42, 0.00, 0.00)
(275.30, 0.00, 0.00)
(275.30, 0.00, 0.00)
(275.30, 0.00, 0.00)
(275.30, 0.00, 0.00)
(275.30, 0.00, 0.00)
(273.92, 0.00, 0.00)
(273.92, 0.00, 0.00)
(273.92, 0.00, 0.00)
(274.23, 0.00, 0.00)
(274.23, 0.00, 0.00)
(274.23, 0.00, 0.00)
(275.68, 0.00, 0.00)
(275.68, 0.00, 0.00)
(275.68, 0.00, 0.00)
(275.68, 0.00, 0.00)
(275.68, 0.00, 0.00)
(273.98, 0.00, 0.00)
(273.98, 0.00, 0.00)
(273.98, 0.00, 0.00)
(274.08, 0.00, 0.00)
(274.08, 0.00, 0.00)
(274.08, 0.00, 0.00)
(276.42, 0.00, 0.00)
(276.42, 0.00, 0.00)
(276.42, 0.00, 0.00)
(276.42, 0.00, 0.00)
(276.42, 0.00, 0.00)
(275.91, 0.00, 0.00)
(275.91, 0.00, 0.00)
(275.91, 0.00, 0.00)
(276.47, 0.00, 0.00)
(276.47, 0.00, 0.00)
(276.47, 0.00, 0.00)
(276.47, 0.00, 0.00)
(276.47, 0.00, 0.00)
(276.47, 0.00, 0.00)
(276.47, 0.00, 0.00)
(276.61, 0.00, 0.00)
(276.61, 0.00, 0.00)
(275.65, 0.00, 0.00)
(275.65, 0.00, 0.00)
(275.65, 0.00, 0.00)
(275.65, 0.00, 0.00)
(275.65, 0.00, 0.00)
(275.08, 0.00, 0.00)
(275.08, 0.00, 0.00)
(274.06, 0.00, 0.00)
(274.06, 0.00, 0.00)
(274.06, 0.00, 0.00)
(274.06, 0.00, 0.00)
(273.66, 0.00, 0.00)
(273.66, 0.00, 0.00)
(273.66, 0.00, 0.00)
(273.66, 0.00, 0.00)
(273.66, 0.00, 0.00)
(272.61, 0.00, 0.00)
(272.61, 0.00, 0.00)
(276.53, 0.00, 0.00)
(276.53, 0.00, 0.00)
(276.53, 0.00, 0.00)
(276.53, 0.00, 0.00)
(276.53, 0.00, 0.00)
(276.53, 0.00, 0.00)
(276.53, 0.00, 0.00)
(276.04, 0.00, 0.00)
(276.04, 0.00, 0.00)
(276.04, 0.00, 0.00)
(284.84, 0.00, 0.00)
(284.84, 0.00, 0.00)
(284.84, 0.00, 0.00)
(352.12, 0.00, 0.00)
(352.12, 0.00, 0.00)
(352.12, 0.00, 0.00)
(352.12, 0.00, 0.00)
(352.12, 0.00, 0.00)
(4.39, 0.00, 0.00)
(4.39, 0.00, 0.00)
(351.87, 0.00, 0.00)
(351.87, 0.00, 0.00)
(351.87, 0.00, 0.00)
(341.65, 0.00, 0.00)
(341.65, 0.00, 0.00)
(341.65, 0.00, 0.00)
(341.65, 0.00, 0.00)
(341.65, 0.00, 0.00)
(341.65, 0.00, 0.00)
(341.65, 0.00, 0.00)
(336.75, 0.00, 0.00)
(336.75, 0.00, 0.00)
(342.33, 0.00, 0.00)
(342.33, 0.00, 0.00)
(342.33, 0.00, 0.00)
(342.33, 0.00, 0.00)
(342.33, 0.00, 0.00)
(342.33, 0.00, 0.00)
(342.33, 0.00, 0.00)
(342.33, 0.00, 0.00)
(342.33, 0.00, 0.00)
(342.33, 0.00, 0.00)
(342.33, 0.00, 0.00)
(355.57, 0.00, 0.00)
(355.57, 0.00, 0.00)
(355.57, 0.00, 0.00)
(355.57, 0.00, 0.00)
(355.57, 0.00, 0.00)
(355.57, 0.00, 0.00)
(358.09, 0.00, 0.00)
(358.09, 0.00, 0.00)
(358.09, 0.00, 0.00)
(358.09, 0.00, 0.00)
(358.09, 0.00, 0.00)
(351.78, 0.00, 0.00)
(351.78, 0.00, 0.00)
(351.78, 0.00, 0.00)
(351.78, 0.00, 0.00)
(354.22, 0.00, 0.00)
(354.22, 0.00, 0.00)
(354.22, 0.00, 0.00)
(350.52, 0.00, 0.00)
(350.52, 0.00, 0.00)
(350.52, 0.00, 0.00)
(350.52, 0.00, 0.00)
(350.52, 0.00, 0.00)
(350.52, 0.00, 0.00)
(350.52, 0.00, 0.00)
(350.52, 0.00, 0.00)
(350.52, 0.00, 0.00)
(350.52, 0.00, 0.00)
(350.52, 0.00, 0.00)
(350.52, 0.00, 0.00)
(350.52, 0.00, 0.00)
(350.52, 0.00, 0.00)
(350.52, 0.00, 0.00)
(300.46, 0.00, 0.00)
(300.46, 0.00, 0.00)
(300.46, 0.00, 0.00)
(300.46, 0.00, 0.00)
(300.46, 0.00, 0.00)
(296.76, 0.00, 0.00)
(296.76, 0.00, 0.00)
(296.76, 0.00, 0.00)
(296.76, 0.00, 0.00)
(294.65, 0.00, 0.00)
(294.65, 0.00, 0.00)
(294.65, 0.00, 0.00)
(294.65, 0.00, 0.00)
(294.65, 0.00, 0.00)
(295.04, 0.00, 0.00)
(295.04, 0.00, 0.00)
(295.04, 0.00, 0.00)
(295.04, 0.00, 0.00)
(295.04, 0.00, 0.00)
(289.76, 0.00, 0.00)
(289.76, 0.00, 0.00)
(289.76, 0.00, 0.00)
(289.76, 0.00, 0.00)
(289.76, 0.00, 0.00)
(286.42, 0.00, 0.00)
(286.42, 0.00, 0.00)
(286.42, 0.00, 0.00)
(282.80, 0.00, 0.00)
(282.80, 0.00, 0.00)
(282.80, 0.00, 0.00)
(282.80, 0.00, 0.00)
(282.01, 0.00, 0.00)
(282.01, 0.00, 0.00)
(279.97, 0.00, 0.00)
(279.97, 0.00, 0.00)
(279.97, 0.00, 0.00)
(279.97, 0.00, 0.00)
(279.97, 0.00, 0.00)
(278.73, 0.00, 0.00)
(278.73, 0.00, 0.00)
(278.73, 0.00, 0.00)
(278.73, 0.00, 0.00)
(279.08, 0.00, 0.00)
(279.08, 0.00, 0.00)
(279.08, 0.00, 0.00)
(278.41, 0.00, 0.00)
(278.41, 0.00, 0.00)
(278.41, 0.00, 0.00)
(278.41, 0.00, 0.00)
(278.41, 0.00, 0.00)
(276.36, 0.00, 0.00)
(276.36, 0.00, 0.00)
(276.36, 0.00, 0.00)
(276.36, 0.00, 0.00)
(274.11, 0.00, 0.00)
(274.11, 0.00, 0.00)
(274.11, 0.00, 0.00)
(275.69, 0.00, 0.00)
(275.69, 0.00, 0.00)
(275.69, 0.00, 0.00)
(275.69, 0.00, 0.00)
(276.18, 0.00, 0.00)
(276.18, 0.00, 0.00)
(276.18, 0.00, 0.00)
(276.18, 0.00, 0.00)
(274.72, 0.00, 0.00)
(274.72, 0.00, 0.00)
(274.72, 0.00, 0.00)
(274.72, 0.00, 0.00)
(274.72, 0.00, 0.00)
(274.87, 0.00, 0.00)
(274.87, 0.00, 0.00)
(274.41, 0.00, 0.00)
(274.41, 0.00, 0.00)
(274.41, 0.00, 0.00)
(274.41, 0.00, 0.00)
(274.41, 0.00, 0.00)
(274.23, 0.00, 0.00)
(274.23, 0.00, 0.00)
(274.23, 0.00, 0.00)
(274.23, 0.00, 0.00)
(274.23, 0.00, 0.00)
(274.23, 0.00, 0.00)
(274.23, 0.00, 0.00)
(274.59, 0.00, 0.00)
(274.59, 0.00, 0.00)
(274.34, 0.00, 0.00)
(274.34, 0.00, 0.00)
(274.34, 0.00, 0.00)
(274.34, 0.00, 0.00)
(274.34, 0.00, 0.00)
(274.47, 0.00, 0.00)
(274.47, 0.00, 0.00)
(274.60, 0.00, 0.00)
(274.60, 0.00, 0.00)
(274.60, 0.00, 0.00)
(274.60, 0.00, 0.00)
(274.69, 0.00, 0.00)
(274.69, 0.00, 0.00)
(274.69, 0.00, 0.00)
(274.69, 0.00, 0.00)
(274.69, 0.00, 0.00)
(274.23, 0.00, 0.00)
(274.23, 0.00, 0.00)
(273.57, 0.00, 0.00)
(273.57, 0.00, 0.00)
(273.57, 0.00, 0.00)
(273.57, 0.00, 0.00)
(274.33, 0.00, 0.00)
(274.33, 0.00, 0.00)
(274.33, 0.00, 0.00)
(274.33, 0.00, 0.00)
(274.33, 0.00, 0.00)
(276.09, 0.00, 0.00)
(276.09, 0.00, 0.00)
(277.37, 0.00, 0.00)
(277.37, 0.00, 0.00)
(277.37, 0.00, 0.00)
(277.37, 0.00, 0.00)
(277.37, 0.00, 0.00)
(277.91, 0.00, 0.00)
(277.91, 0.00, 0.00)
(277.91, 0.00, 0.00)
(277.91, 0.00, 0.00)
(277.91, 0.00, 0.00)
(277.91, 0.00, 0.00)
(277.91, 0.00, 0.00)
(295.98, 0.00, 0.00)
(295.98, 0.00, 0.00)
(295.98, 0.00, 0.00)
(295.98, 0.00, 0.00)
(315.77, 0.00, 0.00)
(315.77, 0.00, 0.00)
(315.77, 0.00, 0.00)
(344.94, 0.00, 0.00)
(344.94, 0.00, 0.00)
(344.94, 0.00, 0.00)
(344.94, 0.00, 0.00)
(344.94, 0.00, 0.00)
(344.94, 0.00, 0.00)
(344.94, 0.00, 0.00)
(346.74, 0.00, 0.00)
(346.74, 0.00, 0.00)
(346.74, 0.00, 0.00)
(346.74, 0.00, 0.00)
(346.74, 0.00, 0.00)
(340.41, 0.00, 0.00)
(340.41, 0.00, 0.00)
(340.41, 0.00, 0.00)
(340.64, 0.00, 0.00)
(340.64, 0.00, 0.00)
(340.64, 0.00, 0.00)
(340.64, 0.00, 0.00)
(342.25, 0.00, 0.00)
(342.25, 0.00, 0.00)
(342.25, 0.00, 0.00)
(342.25, 0.00, 0.00)
(342.25, 0.00, 0.00)
(349.18, 0.00, 0.00)
(349.18, 0.00, 0.00)
(358.14, 0.00, 0.00)
(358.14, 0.00, 0.00)
(358.14, 0.00, 0.00)
(358.14, 0.00, 0.00)
(358.14, 0.00, 0.00)
(355.60, 0.00, 0.00)
(355.60, 0.00, 0.00)
(355.60, 0.00, 0.00)
(355.60, 0.00, 0.00)
(355.60, 0.00, 0.00)
(344.36, 0.00, 0.00)
(344.36, 0.00, 0.00)
(343.82, 0.00, 0.00)
(343.82, 0.00, 0.00)
(343.82, 0.00, 0.00)
(343.82, 0.00, 0.00)
(343.82, 0.00, 0.00)
(343.82, 0.00, 0.00)
(354.21, 0.00, 0.00)
(354.21, 0.00, 0.00)
(354.21, 0.00, 0.00)
(353.95, 0.00, 0.00)
(353.95, 0.00, 0.00)
(353.95, 0.00, 0.00)
(353.95, 0.00, 0.00)
(337.53, 0.00, 0.00)
(337.53, 0.00, 0.00)
(337.53, 0.00, 0.00)
(337.53, 0.00, 0.00)
(337.53, 0.00, 0.00)
(337.53, 0.00, 0.00)
(336.21, 0.00, 0.00)
(336.21, 0.00, 0.00)
(338.27, 0.00, 0.00)
(338.27, 0.00, 0.00)
(338.27, 0.00, 0.00)
(338.27, 0.00, 0.00)
(327.43, 0.00, 0.00)
(327.43, 0.00, 0.00)
(327.43, 0.00, 0.00)
(312.30, 0.00, 0.00)
(312.30, 0.00, 0.00)
(307.03, 0.00, 0.00)
(307.03, 0.00, 0.00)
(307.03, 0.00, 0.00)
(307.03, 0.00, 0.00)
(307.03, 0.00, 0.00)
(307.32, 0.00, 0.00)
(307.32, 0.00, 0.00)
(307.32, 0.00, 0.00)
(307.32, 0.00, 0.00)
(307.32, 0.00, 0.00)
(307.32, 0.00, 0.00)
(304.12, 0.00, 0.00)
(304.12, 0.00, 0.00)
(302.36, 0.00, 0.00)
(302.36, 0.00, 0.00)
(302.36, 0.00, 0.00)
(302.36, 0.00, 0.00)
(298.80, 0.00, 0.00)
(298.80, 0.00, 0.00)
(298.80, 0.00, 0.00)
(298.80, 0.00, 0.00)
(298.80, 0.00, 0.00)
(298.10, 0.00, 0.00)
(298.10, 0.00, 0.00)
(297.10, 0.00, 0.00)
(297.10, 0.00, 0.00)
(297.10, 0.00, 0.00)
(297.10, 0.00, 0.00)
(297.10, 0.00, 0.00)
(288.27, 0.00, 0.00)
(288.27, 0.00, 0.00)
(288.27, 0.00, 0.00)
(288.27, 0.00, 0.00)
(288.27, 0.00, 0.00)
(286.72, 0.00, 0.00)
(286.72, 0.00, 0.00)
(286.98, 0.00, 0.00)
(286.98, 0.00, 0.00)
(286.98, 0.00, 0.00)
(286.98, 0.00, 0.00)
(287.99, 0.00, 0.00)
(287.99, 0.00, 0.00)
(287.99, 0.00, 0.00)
(287.99, 0.00, 0.00)
(284.59, 0.00, 0.00)
(284.59, 0.00, 0.00)
(284.59, 0.00, 0.00)
(284.59, 0.00, 0.00)
(284.59, 0.00, 0.00)
(278.23, 0.00, 0.00)
(278.23, 0.00, 0.00)
(279.23, 0.00, 0.00)
(279.23, 0.00, 0.00)
(279.23, 0.00, 0.00)
(279.23, 0.00, 0.00)
(279.23, 0.00, 0.00)
(278.15, 0.00, 0.00)
(278.15, 0.00, 0.00)
(278.15, 0.00, 0.00)
(278.15, 0.00, 0.00)
(278.15, 0.00, 0.00)
(275.95, 0.00, 0.00)
(273.64, 0.00, 0.00)
(273.64, 0.00, 0.00)
(273.64, 0.00, 0.00)
(271.81, 0.00, 0.00)
(271.81, 0.00, 0.00)
(271.81, 0.00, 0.00)
(272.33, 0.00, 0.00)
(272.33, 0.00, 0.00)
(272.33, 0.00, 0.00)
(272.33, 0.00, 0.00)
(272.33, 0.00, 0.00)
(272.33, 0.00, 0.00)
(272.33, 0.00, 0.00)
(272.70, 0.00, 0.00)
(272.70, 0.00, 0.00)
(271.74, 0.00, 0.00)
(271.74, 0.00, 0.00)
(271.74, 0.00, 0.00)
(271.74, 0.00, 0.00)
(271.74, 0.00, 0.00)
(270.82, 0.00, 0.00)
(270.82, 0.00, 0.00)
(270.82, 0.00, 0.00)
(271.43, 0.00, 0.00)
(271.43, 0.00, 0.00)
(271.43, 0.00, 0.00)
(271.49, 0.00, 0.00)
(271.49, 0.00, 0.00)
(271.49, 0.00, 0.00)
(271.49, 0.00, 0.00)
(271.49, 0.00, 0.00)
(271.34, 0.00, 0.00)
(271.34, 0.00, 0.00)
(271.23, 0.00, 0.00)
(271.23, 0.00, 0.00)
(271.23, 0.00, 0.00)
(271.23, 0.00, 0.00)
(271.23, 0.00, 0.00)
(271.23, 0.00, 0.00)
(271.23, 0.00, 0.00)
(271.30, 0.00, 0.00)
(271.30, 0.00, 0.00)
(271.30, 0.00, 0.00)
(270.57, 0.00, 0.00)
(270.57, 0.00, 0.00)
(270.57, 0.00, 0.00)
(270.57, 0.00, 0.00)
(270.63, 0.00, 0.00)
(270.63, 0.00, 0.00)
(274.64, 0.00, 0.00)
(274.64, 0.00, 0.00)
(274.64, 0.00, 0.00)
(274.64, 0.00, 0.00)
(274.64, 0.00, 0.00)
(277.39, 0.00, 0.00)
(277.39, 0.00, 0.00)
(277.68, 0.00, 0.00)
(277.68, 0.00, 0.00)
(277.68, 0.00, 0.00)
(277.68, 0.00, 0.00)
(277.68, 0.00, 0.00)
(279.02, 0.00, 0.00)
(279.02, 0.00, 0.00)
(279.02, 0.00, 0.00)
(279.02, 0.00, 0.00)
(286.54, 0.00, 0.00)
(286.54, 0.00, 0.00)
(286.54, 0.00, 0.00)
(286.54, 0.00, 0.00)
(302.33, 0.00, 0.00)
(302.33, 0.00, 0.00)
(302.33, 0.00, 0.00)
(302.33, 0.00, 0.00)
(313.45, 0.00, 0.00)
(313.45, 0.00, 0.00)
(313.45, 0.00, 0.00)
(337.14, 0.00, 0.00)
(337.14, 0.00, 0.00)
(337.14, 0.00, 0.00)
(337.14, 0.00, 0.00)
(340.29, 0.00, 0.00)
(340.29, 0.00, 0.00)
(340.29, 0.00, 0.00)
(340.29, 0.00, 0.00)
(340.29, 0.00, 0.00)
(336.13, 0.00, 0.00)
(336.13, 0.00, 0.00)
(336.13, 0.00, 0.00)
(335.36, 0.00, 0.00)
(335.36, 0.00, 0.00)
(335.36, 0.00, 0.00)
(335.36, 0.00, 0.00)
(333.69, 0.00, 0.00)
(333.69, 0.00, 0.00)
(333.69, 0.00, 0.00)
(333.69, 0.00, 0.00)
(332.24, 0.00, 0.00)
(332.24, 0.00, 0.00)
(332.24, 0.00, 0.00)
(348.79, 0.00, 0.00)
(348.79, 0.00, 0.00)
(348.79, 0.00, 0.00)
(348.79, 0.00, 0.00)
(352.68, 0.00, 0.00)
(352.68, 0.00, 0.00)
(352.68, 0.00, 0.00)
(346.42, 0.00, 0.00)
(346.42, 0.00, 0.00)
(346.42, 0.00, 0.00)
(346.42, 0.00, 0.00)
(346.42, 0.00, 0.00)
(336.39, 0.00, 0.00)
(336.39, 0.00, 0.00)
(336.39, 0.00, 0.00)
(336.39, 0.00, 0.00)
(344.53, 0.00, 0.00)
(353.75, 0.00, 0.00)
(353.75, 0.00, 0.00)
(353.75, 0.00, 0.00)
(353.75, 0.00, 0.00)
(353.75, 0.00, 0.00)
(353.75, 0.00, 0.00)
(353.75, 0.00, 0.00)
(353.76, 0.00, 0.00)
(353.76, 0.00, 0.00)
(336.44, 0.00, 0.00)
(336.44, 0.00, 0.00)
(336.44, 0.00, 0.00)
(336.44, 0.00, 0.00)
(336.44, 0.00, 0.00)
(311.55, 0.00, 0.00)
(311.55, 0.00, 0.00)
(311.55, 0.00, 0.00)
(306.19, 0.00, 0.00)
(306.19, 0.00, 0.00)
(306.19, 0.00, 0.00)
(306.19, 0.00, 0.00)
(301.96, 0.00, 0.00)
(301.96, 0.00, 0.00)
(301.96, 0.00, 0.00)
(301.96, 0.00, 0.00)
(295.66, 0.00, 0.00)
(295.66, 0.00, 0.00)
(295.66, 0.00, 0.00)
(293.47, 0.00, 0.00)
(293.47, 0.00, 0.00)
(293.47, 0.00, 0.00)
(293.47, 0.00, 0.00)
(296.92, 0.00, 0.00)
(296.92, 0.00, 0.00)
(296.92, 0.00, 0.00)
(296.92, 0.00, 0.00)
(296.92, 0.00, 0.00)
(294.90, 0.00, 0.00)
(294.90, 0.00, 0.00)
(294.90, 0.00, 0.00)
(292.99, 0.00, 0.00)
(292.99, 0.00, 0.00)
(292.99, 0.00, 0.00)
(292.99, 0.00, 0.00)
(287.56, 0.00, 0.00)
(287.56, 0.00, 0.00)
(287.56, 0.00, 0.00)
(287.56, 0.00, 0.00)
(284.58, 0.00, 0.00)
(284.58, 0.00, 0.00)
(284.58, 0.00, 0.00)
(284.74, 0.00, 0.00)
(284.74, 0.00, 0.00)
(284.74, 0.00, 0.00)
(284.74, 0.00, 0.00)
(284.74, 0.00, 0.00)
(284.74, 0.00, 0.00)
(284.74, 0.00, 0.00)
(284.79, 0.00, 0.00)
(284.79, 0.00, 0.00)
(284.79, 0.00, 0.00)
(281.27, 0.00, 0.00)
(281.27, 0.00, 0.00)
(279.38, 0.00, 0.00)
(279.38, 0.00, 0.00)
(279.38, 0.00, 0.00)
(279.38, 0.00, 0.00)
(279.38, 0.00, 0.00)
(280.45, 0.00, 0.00)
(280.45, 0.00, 0.00)
(280.45, 0.00, 0.00)
(280.45, 0.00, 0.00)
(280.82, 0.00, 0.00)
(280.82, 0.00, 0.00)
(280.82, 0.00, 0.00)
(279.88, 0.00, 0.00)
(279.88, 0.00, 0.00)
(279.88, 0.00, 0.00)
(277.28, 0.00, 0.00)
(277.28, 0.00, 0.00)
(277.28, 0.00, 0.00)
(277.28, 0.00, 0.00)
(277.28, 0.00, 0.00)
(278.48, 0.00, 0.00)
(278.48, 0.00, 0.00)
(278.48, 0.00, 0.00)
(278.48, 0.00, 0.00)
(278.48, 0.00, 0.00)
(278.54, 0.00, 0.00)
(278.54, 0.00, 0.00)
(278.54, 0.00, 0.00)
(278.54, 0.00, 0.00)
(278.54, 0.00, 0.00)
(277.67, 0.00, 0.00)
(277.67, 0.00, 0.00)
(277.26, 0.00, 0.00)
(277.26, 0.00, 0.00)
(277.26, 0.00, 0.00)
(277.26, 0.00, 0.00)
(277.35, 0.00, 0.00)
(277.35, 0.00, 0.00)
(276.26, 0.00, 0.00)
(276.26, 0.00, 0.00)
(276.26, 0.00, 0.00)
(276.26, 0.00, 0.00)
(276.26, 0.00, 0.00)
(276.26, 0.00, 0.00)
(276.26, 0.00, 0.00)
(276.26, 0.00, 0.00)
(275.97, 0.00, 0.00)
(275.97, 0.00, 0.00)
(276.75, 0.00, 0.00)
(276.75, 0.00, 0.00)
(276.75, 0.00, 0.00)
(276.75, 0.00, 0.00)
(276.75, 0.00, 0.00)
(276.18, 0.00, 0.00)
(276.18, 0.00, 0.00)
(276.18, 0.00, 0.00)
(276.17, 0.00, 0.00)
(276.17, 0.00, 0.00)
(276.13, 0.00, 0.00)
(276.13, 0.00, 0.00)
(276.13, 0.00, 0.00)
(275.81, 0.00, 0.00)
(275.81, 0.00, 0.00)
(275.81, 0.00, 0.00)
(275.81, 0.00, 0.00)
(275.81, 0.00, 0.00)
(276.22, 0.00, 0.00)
(276.22, 0.00, 0.00)
(276.22, 0.00, 0.00)
(276.22, 0.00, 0.00)
(275.98, 0.00, 0.00)
(275.98, 0.00, 0.00)
(275.98, 0.00, 0.00)
(275.98, 0.00, 0.00)
(275.98, 0.00, 0.00)
(276.04, 0.00, 0.00)
(276.04, 0.00, 0.00)
(275.96, 0.00, 0.00)
(275.96, 0.00, 0.00)
(275.96, 0.00, 0.00)
(275.96, 0.00, 0.00)
(275.96, 0.00, 0.00)
(275.82, 0.00, 0.00)
(275.82, 0.00, 0.00)
(275.82, 0.00, 0.00)
(275.82, 0.00, 0.00)
(275.82, 0.00, 0.00)
(275.82, 0.00, 0.00)
(275.82, 0.00, 0.00)
(275.55, 0.00, 0.00)
(275.55, 0.00, 0.00)
(275.55, 0.00, 0.00)
(276.87, 0.00, 0.00)
(276.87, 0.00, 0.00)
(276.89, 0.00, 0.00)
(276.89, 0.00, 0.00)
(276.89, 0.00, 0.00)
(276.89, 0.00, 0.00)
(276.89, 0.00, 0.00)
(278.81, 0.00, 0.00)
(278.81, 0.00, 0.00)
(278.46, 0.00, 0.00)
(278.46, 0.00, 0.00)
(278.46, 0.00, 0.00)
(278.46, 0.00, 0.00)
(291.61, 0.00, 0.00)
(291.61, 0.00, 0.00)
(291.61, 0.00, 0.00)
(291.61, 0.00, 0.00)
(291.61, 0.00, 0.00)
(306.34, 0.00, 0.00)
(306.34, 0.00, 0.00)
(306.34, 0.00, 0.00)
(306.34, 0.00, 0.00)
(306.34, 0.00, 0.00)
(323.44, 0.00, 0.00)
(323.44, 0.00, 0.00)
(336.81, 0.00, 0.00)
(336.81, 0.00, 0.00)
(336.81, 0.00, 0.00)
(336.81, 0.00, 0.00)
(336.81, 0.00, 0.00)
(336.04, 0.00, 0.00)
(336.04, 0.00, 0.00)
(336.04, 0.00, 0.00)
(336.04, 0.00, 0.00)
(336.32, 0.00, 0.00)
(336.32, 0.00, 0.00)
(338.37, 0.00, 0.00)
(338.37, 0.00, 0.00)
(338.37, 0.00, 0.00)
(338.37, 0.00, 0.00)
(338.37, 0.00, 0.00)
(339.30, 0.00, 0.00)
(339.30, 0.00, 0.00)
(339.30, 0.00, 0.00)
(339.30, 0.00, 0.00)
(339.30, 0.00, 0.00)
(346.28, 0.00, 0.00)
(346.28, 0.00, 0.00)
(346.28, 0.00, 0.00)
(345.03, 0.00, 0.00)
(345.03, 0.00, 0.00)
(345.03, 0.00, 0.00)
(345.03, 0.00, 0.00)
(345.03, 0.00, 0.00)
(338.28, 0.00, 0.00)
(338.28, 0.00, 0.00)
(338.28, 0.00, 0.00)
(338.28, 0.00, 0.00)
(338.42, 0.00, 0.00)
(338.42, 0.00, 0.00)
(347.31, 0.00, 0.00)
(347.31, 0.00, 0.00)
(347.31, 0.00, 0.00)
(347.31, 0.00, 0.00)
(347.31, 0.00, 0.00)
(347.31, 0.00, 0.00)
(342.27, 0.00, 0.00)
(342.27, 0.00, 0.00)
(322.92, 0.00, 0.00)
(322.92, 0.00, 0.00)
(322.92, 0.00, 0.00)
(314.01, 0.00, 0.00)
(314.01, 0.00, 0.00)
(314.01, 0.00, 0.00)
(306.04, 0.00, 0.00)
(306.04, 0.00, 0.00)
(303.63, 0.00, 0.00)
(303.63, 0.00, 0.00)
(303.63, 0.00, 0.00)
(303.63, 0.00, 0.00)
(303.63, 0.00, 0.00)
(303.63, 0.00, 0.00)
(298.51, 0.00, 0.00)
(298.51, 0.00, 0.00)
(295.21, 0.00, 0.00)
(295.21, 0.00, 0.00)
(295.21, 0.00, 0.00)
(295.21, 0.00, 0.00)
(295.21, 0.00, 0.00)
(293.80, 0.00, 0.00)
(293.80, 0.00, 0.00)
(293.80, 0.00, 0.00)
(293.80, 0.00, 0.00)
(296.26, 0.00, 0.00)
(296.26, 0.00, 0.00)
(296.26, 0.00, 0.00)
(294.30, 0.00, 0.00)
(294.30, 0.00, 0.00)
(294.30, 0.00, 0.00)
(294.30, 0.00, 0.00)
(291.85, 0.00, 0.00)
(291.85, 0.00, 0.00)
(291.85, 0.00, 0.00)
(291.85, 0.00, 0.00)
(288.64, 0.00, 0.00)
(288.64, 0.00, 0.00)
(288.64, 0.00, 0.00)
(286.51, 0.00, 0.00)
(286.51, 0.00, 0.00)
(286.51, 0.00, 0.00)
(286.51, 0.00, 0.00)
(286.51, 0.00, 0.00)
(284.26, 0.00, 0.00)
(284.26, 0.00, 0.00)
(284.26, 0.00, 0.00)
(284.26, 0.00, 0.00)
(283.93, 0.00, 0.00)
(283.93, 0.00, 0.00)
(283.93, 0.00, 0.00)
(283.93, 0.00, 0.00)
(286.08, 0.00, 0.00)
(286.08, 0.00, 0.00)
(284.36, 0.00, 0.00)
(284.36, 0.00, 0.00)
(284.36, 0.00, 0.00)
(284.36, 0.00, 0.00)
(282.65, 0.00, 0.00)
(282.65, 0.00, 0.00)
(282.65, 0.00, 0.00)
(282.65, 0.00, 0.00)
(282.65, 0.00, 0.00)
(282.65, 0.00, 0.00)
(281.00, 0.00, 0.00)
(281.00, 0.00, 0.00)
(280.26, 0.00, 0.00)
(280.26, 0.00, 0.00)
(280.26, 0.00, 0.00)
(280.26, 0.00, 0.00)
(280.26, 0.00, 0.00)
(280.96, 0.00, 0.00)
(280.96, 0.00, 0.00)
(280.96, 0.00, 0.00)
(280.00, 0.00, 0.00)
(280.00, 0.00, 0.00)
(280.00, 0.00, 0.00)
(280.00, 0.00, 0.00)
(278.70, 0.00, 0.00)
(278.70, 0.00, 0.00)
(278.70, 0.00, 0.00)
(278.70, 0.00, 0.00)
