(273.10, 0.00, 0.00)
(273.10, 0.00, 0.00)
(273.10, 0.00, 0.00)
(273.10, 0.00, 0.00)
(273.10, 0.00, 0.00)
(273.10, 0.00, 0.00)
(273.10, 0.00, 0.00)
(273.10, 0.00, 0.00)
(273.10, 0.00, 0.00)
(273.10, 0.00, 0.00)
(273.10, 0.00, 0.00)
(273.10, 0.00, 0.00)
(273.10, 0.00, 0.00)
(273.10, 0.00, 0.00)
(273.42, 0.00, 0.00)
(273.42, 0.00, 0.00)
(273.42, 0.00, 0.00)
(273.42, 0.00, 0.00)
(273.42, 0.00, 0.00)
(273.42, 0.00, 0.00)
(273.42, 0.00, 0.00)
(273.42, 0.00, 0.00)
(273.42, 0.00, 0.00)
(273.42, 0.00, 0.00)
(273.42, 0.00, 0.00)
(273.42, 0.00, 0.00)
(273.42, 0.00, 0.00)
(273.42, 0.00, 0.00)
(273.42, 0.00, 0.00)
(273.98, 0.00, 0.00)
(273.98, 0.00, 0.00)
(273.98, 0.00, 0.00)
(273.98, 0.00, 0.00)
(273.98, 0.00, 0.00)
(273.98, 0.00, 0.00)
(273.98, 0.00, 0.00)
(273.98, 0.00, 0.00)
(273.98, 0.00, 0.00)
(273.98, 0.00, 0.00)
(273.98, 0.00, 0.00)
(273.98, 0.00, 0.00)
(273.98, 0.00, 0.00)
(273.98, 0.00, 0.00)
(273.98, 0.00, 0.00)
(273.98, 0.00, 0.00)
(273.98, 0.00, 0.00)
(273.98, 0.00, 0.00)
(273.98, 0.00, 0.00)
(273.98, 0.00, 0.00)
(273.98, 0.00, 0.00)
(273.98, 0.00, 0.00)
(273.98, 0.00, 0.00)
(273.98, 0.00, 0.00)
(273.98, 0.00, 0.00)
(273.98, 0.00, 0.00)
(273.98, 0.00, 0.00)
(273.98, 0.00, 0.00)
(273.98, 0.00, 0.00)
(273.98, 0.00, 0.00)
(273.75, 0.00, 0.00)
(273.75, 0.00, 0.00)
(273.75, 0.00, 0.00)
(273.75, 0.00, 0.00)
(273.75, 0.00, 0.00)
(273.75, 0.00, 0.00)
(273.75, 0.00, 0.00)
(273.75, 0.00, 0.00)
(273.75, 0.00, 0.00)
(273.75, 0.00, 0.00)
(273.75, 0.00, 0.00)
(273.75, 0.00, 0.00)
(273.75, 0.00, 0.00)
(273.75, 0.00, 0.00)
(273.75, 0.00, 0.00)
(273.75, 0.00, 0.00)
(273.75, 0.00, 0.00)
(273.75, 0.00, 0.00)
(273.75, 0.00, 0.00)
(273.75, 0.00, 0.00)
(273.75, 0.00, 0.00)
(273.75, 0.00, 0.00)
(273.75, 0.00, 0.00)
(273.75, 0.00, 0.00)
(273.75, 0.00, 0.00)
(273.75, 0.00, 0.00)
(273.75, 0.00, 0.00)
(273.75, 0.00, 0.00)
(273.75, 0.00, 0.00)
(273.75, 0.00, 0.00)
(273.75, 0.00, 0.00)
(273.75, 0.00, 0.00)
(273.75, 0.00, 0.00)
(273.75, 0.00, 0.00)
(273.75, 0.00, 0.00)
(273.75, 0.00, 0.00)
(273.75, 0.00, 0.00)
(273.75, 0.00, 0.00)
(273.75, 0.00, 0.00)
(273.75, 0.00, 0.00)
(273.75, 0.00, 0.00)
(273.75, 0.00, 0.00)
(273.75, 0.00, 0.00)
(273.75, 0.00, 0.00)
(273.75, 0.00, 0.00)
(273.75, 0.00, 0.00)
(273.75, 0.00, 0.00)
(273.75, 0.00, 0.00)
(273.80, 0.00, 0.00)
(273.80, 0.00, 0.00)
(273.80, 0.00, 0.00)
(273.80, 0.00, 0.00)
(273.80, 0.00, 0.00)
(273.80, 0.00, 0.00)
(273.80, 0.00, 0.00)
(273.80, 0.00, 0.00)
(273.80, 0.00, 0.00)
(273.80, 0.00, 0.00)
(273.80, 0.00, 0.00)
(273.80, 0.00, 0.00)
(273.80, 0.00, 0.00)
(273.80, 0.00, 0.00)
(273.80, 0.00, 0.00)
(273.80, 0.00, 0.00)
(273.80, 0.00, 0.00)
(273.80, 0.00, 0.00)
(273.80, 0.00, 0.00)
(273.80, 0.00, 0.00)
(273.80, 0.00, 0.00)
(273.80, 0.00, 0.00)
(273.80, 0.00, 0.00)
(273.80, 0.00, 0.00)
(273.80, 0.00, 0.00)
(273.80, 0.00, 0.00)
(273.80, 0.00, 0.00)
(273.80, 0.00, 0.00)
(273.80, 0.00, 0.00)
(273.80, 0.00, 0.00)
(273.80, 0.00, 0.00)
(273.99, 0.00, 0.00)
(273.99, 0.00, 0.00)
(273.99, 0.00, 0.00)
(273.99, 0.00, 0.00)
(273.99, 0.00, 0.00)
(273.99, 0.00, 0.00)
(273.99, 0.00, 0.00)
(273.99, 0.00, 0.00)
(273.99, 0.00, 0.00)
(273.99, 0.00, 0.00)
(273.99, 0.00, 0.00)
(273.99, 0.00, 0.00)
(273.99, 0.00, 0.00)
(273.99, 0.00, 0.00)
(273.99, 0.00, 0.00)
(273.99, 0.00, 0.00)
(273.99, 0.00, 0.00)
(273.99, 0.00, 0.00)
(273.99, 0.00, 0.00)
(273.99, 0.00, 0.00)
(273.99, 0.00, 0.00)
(273.99, 0.00, 0.00)
(273.99, 0.00, 0.00)
(273.99, 0.00, 0.00)
(273.99, 0.00, 0.00)
(273.99, 0.00, 0.00)
(273.99, 0.00, 0.00)
(273.99, 0.00, 0.00)
(273.99, 0.00, 0.00)
(273.99, 0.00, 0.00)
(273.99, 0.00, 0.00)
(273.14, 0.00, 0.00)
(273.14, 0.00, 0.00)
(273.14, 0.00, 0.00)
(273.14, 0.00, 0.00)
(273.14, 0.00, 0.00)
(273.14, 0.00, 0.00)
(273.14, 0.00, 0.00)
(273.14, 0.00, 0.00)
(273.14, 0.00, 0.00)
(273.14, 0.00, 0.00)
(273.14, 0.00, 0.00)
(273.14, 0.00, 0.00)
(273.14, 0.00, 0.00)
(273.14, 0.00, 0.00)
(273.14, 0.00, 0.00)
(273.14, 0.00, 0.00)
(273.37, 0.00, 0.00)
(273.37, 0.00, 0.00)
(273.37, 0.00, 0.00)
(273.37, 0.00, 0.00)
(273.37, 0.00, 0.00)
(273.37, 0.00, 0.00)
(273.37, 0.00, 0.00)
(273.37, 0.00, 0.00)
(273.37, 0.00, 0.00)
(273.37, 0.00, 0.00)
(273.37, 0.00, 0.00)
(273.37, 0.00, 0.00)
(273.37, 0.00, 0.00)
(273.37, 0.00, 0.00)
(273.37, 0.00, 0.00)
(273.37, 0.00, 0.00)
(273.37, 0.00, 0.00)
(273.37, 0.00, 0.00)
(273.37, 0.00, 0.00)
(273.37, 0.00, 0.00)
(273.37, 0.00, 0.00)
(273.37, 0.00, 0.00)
(273.37, 0.00, 0.00)
(273.37, 0.00, 0.00)
(273.37, 0.00, 0.00)
(273.37, 0.00, 0.00)
(273.37, 0.00, 0.00)
(273.37, 0.00, 0.00)
(273.37, 0.00, 0.00)
(273.37, 0.00, 0.00)
(273.37, 0.00, 0.00)
(273.59, 0.00, 0.00)
(273.59, 0.00, 0.00)
(273.59, 0.00, 0.00)
(273.59, 0.00, 0.00)
(273.59, 0.00, 0.00)
(273.59, 0.00, 0.00)
(273.59, 0.00, 0.00)
(273.59, 0.00, 0.00)
(273.59, 0.00, 0.00)
(273.59, 0.00, 0.00)
(273.59, 0.00, 0.00)
(273.59, 0.00, 0.00)
(273.59, 0.00, 0.00)
(273.59, 0.00, 0.00)
(273.59, 0.00, 0.00)
(273.59, 0.00, 0.00)
(273.59, 0.00, 0.00)
(273.59, 0.00, 0.00)
(273.59, 0.00, 0.00)
(273.59, 0.00, 0.00)
(273.59, 0.00, 0.00)
(273.59, 0.00, 0.00)
(273.59, 0.00, 0.00)
(273.59, 0.00, 0.00)
(273.59, 0.00, 0.00)
(273.59, 0.00, 0.00)
(273.59, 0.00, 0.00)
(273.59, 0.00, 0.00)
(273.59, 0.00, 0.00)
(273.59, 0.00, 0.00)
(273.59, 0.00, 0.00)
(273.58, 0.00, 0.00)
(273.58, 0.00, 0.00)
(273.58, 0.00, 0.00)
(273.58, 0.00, 0.00)
(273.58, 0.00, 0.00)
(273.58, 0.00, 0.00)
(273.58, 0.00, 0.00)
(273.58, 0.00, 0.00)
(273.58, 0.00, 0.00)
(273.58, 0.00, 0.00)
(273.58, 0.00, 0.00)
(273.58, 0.00, 0.00)
(273.58, 0.00, 0.00)
(273.58, 0.00, 0.00)
(273.58, 0.00, 0.00)
(273.58, 0.00, 0.00)
(273.70, 0.00, 0.00)
(273.70, 0.00, 0.00)
(273.70, 0.00, 0.00)
(273.70, 0.00, 0.00)
(273.70, 0.00, 0.00)
(273.70, 0.00, 0.00)
(273.70, 0.00, 0.00)
(273.70, 0.00, 0.00)
(273.70, 0.00, 0.00)
(273.70, 0.00, 0.00)
(273.70, 0.00, 0.00)
(273.70, 0.00, 0.00)
(273.70, 0.00, 0.00)
(273.70, 0.00, 0.00)
(273.70, 0.00, 0.00)
(273.70, 0.00, 0.00)
(273.70, 0.00, 0.00)
(273.70, 0.00, 0.00)
(273.70, 0.00, 0.00)
(273.70, 0.00, 0.00)
(273.70, 0.00, 0.00)
(273.70, 0.00, 0.00)
(273.70, 0.00, 0.00)
(273.70, 0.00, 0.00)
(273.70, 0.00, 0.00)
(273.70, 0.00, 0.00)
(273.70, 0.00, 0.00)
(273.70, 0.00, 0.00)
(273.70, 0.00, 0.00)
(273.70, 0.00, 0.00)
(273.70, 0.00, 0.00)
(274.77, 0.00, 0.00)
(274.77, 0.00, 0.00)
(274.77, 0.00, 0.00)
(274.77, 0.00, 0.00)
(274.77, 0.00, 0.00)
(274.77, 0.00, 0.00)
(274.77, 0.00, 0.00)
(274.77, 0.00, 0.00)
(274.77, 0.00, 0.00)
(274.77, 0.00, 0.00)
(274.77, 0.00, 0.00)
(274.77, 0.00, 0.00)
(274.77, 0.00, 0.00)
(274.77, 0.00, 0.00)
(274.77, 0.00, 0.00)
(274.77, 0.00, 0.00)
(274.77, 0.00, 0.00)
(274.77, 0.00, 0.00)
(274.77, 0.00, 0.00)
(274.77, 0.00, 0.00)
(274.77, 0.00, 0.00)
(274.77, 0.00, 0.00)
(274.77, 0.00, 0.00)
(274.77, 0.00, 0.00)
(274.77, 0.00, 0.00)
(274.77, 0.00, 0.00)
(274.77, 0.00, 0.00)
(274.77, 0.00, 0.00)
(274.77, 0.00, 0.00)
(274.77, 0.00, 0.00)
(274.77, 0.00, 0.00)
(274.64, 0.00, 0.00)
(274.64, 0.00, 0.00)
(274.64, 0.00, 0.00)
(274.64, 0.00, 0.00)
(274.64, 0.00, 0.00)
(274.64, 0.00, 0.00)
(274.64, 0.00, 0.00)
(274.64, 0.00, 0.00)
(274.64, 0.00, 0.00)
(274.64, 0.00, 0.00)
(274.64, 0.00, 0.00)
(274.64, 0.00, 0.00)
(274.64, 0.00, 0.00)
(274.64, 0.00, 0.00)
(274.64, 0.00, 0.00)
(274.88, 0.00, 0.00)
(274.88, 0.00, 0.00)
(274.88, 0.00, 0.00)
(274.88, 0.00, 0.00)
(274.88, 0.00, 0.00)
(274.88, 0.00, 0.00)
(274.88, 0.00, 0.00)
(274.88, 0.00, 0.00)
(274.88, 0.00, 0.00)
(274.88, 0.00, 0.00)
(274.88, 0.00, 0.00)
(274.88, 0.00, 0.00)
(274.88, 0.00, 0.00)
(274.88, 0.00, 0.00)
(274.88, 0.00, 0.00)
(274.88, 0.00, 0.00)
(274.88, 0.00, 0.00)
(274.88, 0.00, 0.00)
(274.88, 0.00, 0.00)
(274.88, 0.00, 0.00)
(274.88, 0.00, 0.00)
(274.88, 0.00, 0.00)
(274.88, 0.00, 0.00)
(274.88, 0.00, 0.00)
(274.88, 0.00, 0.00)
(274.88, 0.00, 0.00)
(274.88, 0.00, 0.00)
(274.88, 0.00, 0.00)
(274.88, 0.00, 0.00)
(274.88, 0.00, 0.00)
(274.88, 0.00, 0.00)
(274.88, 0.00, 0.00)
(274.99, 0.00, 0.00)
(274.99, 0.00, 0.00)
(274.99, 0.00, 0.00)
(274.99, 0.00, 0.00)
(274.99, 0.00, 0.00)
(274.99, 0.00, 0.00)
(274.99, 0.00, 0.00)
(274.99, 0.00, 0.00)
(274.99, 0.00, 0.00)
(274.99, 0.00, 0.00)
(274.99, 0.00, 0.00)
(274.99, 0.00, 0.00)
(274.99, 0.00, 0.00)
(274.99, 0.00, 0.00)
(274.99, 0.00, 0.00)
(274.99, 0.00, 0.00)
(274.99, 0.00, 0.00)
(274.99, 0.00, 0.00)
(274.99, 0.00, 0.00)
(274.99, 0.00, 0.00)
(274.99, 0.00, 0.00)
(274.99, 0.00, 0.00)
(274.99, 0.00, 0.00)
(274.99, 0.00, 0.00)
(274.99, 0.00, 0.00)
(274.99, 0.00, 0.00)
(274.99, 0.00, 0.00)
(274.99, 0.00, 0.00)
(274.99, 0.00, 0.00)
(274.99, 0.00, 0.00)
(274.99, 0.00, 0.00)
(273.38, 0.00, 0.00)
(273.38, 0.00, 0.00)
(273.38, 0.00, 0.00)
(273.38, 0.00, 0.00)
(273.38, 0.00, 0.00)
(273.38, 0.00, 0.00)
(273.38, 0.00, 0.00)
(273.38, 0.00, 0.00)
(273.38, 0.00, 0.00)
(273.38, 0.00, 0.00)
(273.38, 0.00, 0.00)
(273.38, 0.00, 0.00)
(273.38, 0.00, 0.00)
(273.38, 0.00, 0.00)
(273.38, 0.00, 0.00)
(273.14, 0.00, 0.00)
(273.14, 0.00, 0.00)
(273.14, 0.00, 0.00)
(273.14, 0.00, 0.00)
(273.14, 0.00, 0.00)
(273.14, 0.00, 0.00)
(273.14, 0.00, 0.00)
(273.14, 0.00, 0.00)
(273.14, 0.00, 0.00)
(273.14, 0.00, 0.00)
(273.14, 0.00, 0.00)
(273.14, 0.00, 0.00)
(273.14, 0.00, 0.00)
(273.14, 0.00, 0.00)
(273.14, 0.00, 0.00)
(273.14, 0.00, 0.00)
(273.14, 0.00, 0.00)
(273.14, 0.00, 0.00)
(273.14, 0.00, 0.00)
(273.14, 0.00, 0.00)
(273.14, 0.00, 0.00)
(273.14, 0.00, 0.00)
(273.14, 0.00, 0.00)
(273.14, 0.00, 0.00)
(273.14, 0.00, 0.00)
(273.14, 0.00, 0.00)
(273.14, 0.00, 0.00)
(273.14, 0.00, 0.00)
(273.14, 0.00, 0.00)
(273.14, 0.00, 0.00)
(273.14, 0.00, 0.00)
(273.14, 0.00, 0.00)
(273.14, 0.00, 0.00)
(273.14, 0.00, 0.00)
(273.14, 0.00, 0.00)
(273.14, 0.00, 0.00)
(273.14, 0.00, 0.00)
(273.14, 0.00, 0.00)
(273.14, 0.00, 0.00)
(273.14, 0.00, 0.00)
(273.14, 0.00, 0.00)
(273.14, 0.00, 0.00)
(273.14, 0.00, 0.00)
(273.14, 0.00, 0.00)
(273.14, 0.00, 0.00)
(273.14, 0.00, 0.00)
(273.43, 0.00, 0.00)
(273.43, 0.00, 0.00)
(273.43, 0.00, 0.00)
(273.43, 0.00, 0.00)
(273.43, 0.00, 0.00)
(273.43, 0.00, 0.00)
(273.43, 0.00, 0.00)
(273.43, 0.00, 0.00)
(273.43, 0.00, 0.00)
(273.43, 0.00, 0.00)
(273.43, 0.00, 0.00)
(273.43, 0.00, 0.00)
(273.43, 0.00, 0.00)
(273.43, 0.00, 0.00)
(273.43, 0.00, 0.00)
(273.43, 0.00, 0.00)
(274.49, 0.00, 0.00)
(274.49, 0.00, 0.00)
(274.49, 0.00, 0.00)
(274.49, 0.00, 0.00)
(274.49, 0.00, 0.00)
(274.49, 0.00, 0.00)
(274.49, 0.00, 0.00)
(274.49, 0.00, 0.00)
(274.49, 0.00, 0.00)
(274.49, 0.00, 0.00)
(274.49, 0.00, 0.00)
(274.49, 0.00, 0.00)
(274.49, 0.00, 0.00)
(274.49, 0.00, 0.00)
(274.49, 0.00, 0.00)
(274.49, 0.00, 0.00)
(274.49, 0.00, 0.00)
(274.49, 0.00, 0.00)
(274.49, 0.00, 0.00)
(274.49, 0.00, 0.00)
(274.49, 0.00, 0.00)
(274.49, 0.00, 0.00)
(274.49, 0.00, 0.00)
(274.49, 0.00, 0.00)
(274.49, 0.00, 0.00)
(274.49, 0.00, 0.00)
(274.49, 0.00, 0.00)
(274.49, 0.00, 0.00)
(274.49, 0.00, 0.00)
(274.58, 0.00, 0.00)
(274.58, 0.00, 0.00)
(274.58, 0.00, 0.00)
(274.58, 0.00, 0.00)
(274.58, 0.00, 0.00)
(274.58, 0.00, 0.00)
(274.58, 0.00, 0.00)
(274.58, 0.00, 0.00)
(274.58, 0.00, 0.00)
(274.58, 0.00, 0.00)
(274.58, 0.00, 0.00)
(274.58, 0.00, 0.00)
(274.58, 0.00, 0.00)
(274.58, 0.00, 0.00)
(274.58, 0.00, 0.00)
(274.58, 0.00, 0.00)
(274.58, 0.00, 0.00)
(274.58, 0.00, 0.00)
(274.55, 0.00, 0.00)
(274.55, 0.00, 0.00)
(274.55, 0.00, 0.00)
(274.55, 0.00, 0.00)
(274.55, 0.00, 0.00)
(274.55, 0.00, 0.00)
(274.55, 0.00, 0.00)
(274.55, 0.00, 0.00)
(274.55, 0.00, 0.00)
(274.55, 0.00, 0.00)
(274.55, 0.00, 0.00)
(274.55, 0.00, 0.00)
(274.55, 0.00, 0.00)
(274.55, 0.00, 0.00)
(274.55, 0.00, 0.00)
(274.55, 0.00, 0.00)
(274.55, 0.00, 0.00)
(274.55, 0.00, 0.00)
(274.55, 0.00, 0.00)
(274.55, 0.00, 0.00)
(274.55, 0.00, 0.00)
(274.55, 0.00, 0.00)
(274.55, 0.00, 0.00)
(274.55, 0.00, 0.00)
(274.55, 0.00, 0.00)
(274.55, 0.00, 0.00)
(274.55, 0.00, 0.00)
(274.55, 0.00, 0.00)
(274.55, 0.00, 0.00)
(274.55, 0.00, 0.00)
(274.55, 0.00, 0.00)
(274.38, 0.00, 0.00)
(274.38, 0.00, 0.00)
(274.38, 0.00, 0.00)
(274.38, 0.00, 0.00)
(274.38, 0.00, 0.00)
(274.38, 0.00, 0.00)
(274.38, 0.00, 0.00)
(274.38, 0.00, 0.00)
(274.38, 0.00, 0.00)
(274.38, 0.00, 0.00)
(274.38, 0.00, 0.00)
(274.38, 0.00, 0.00)
(274.38, 0.00, 0.00)
(274.38, 0.00, 0.00)
(274.38, 0.00, 0.00)
(274.38, 0.00, 0.00)
(274.38, 0.00, 0.00)
(274.38, 0.00, 0.00)
(274.38, 0.00, 0.00)
(274.38, 0.00, 0.00)
(274.38, 0.00, 0.00)
(274.38, 0.00, 0.00)
(274.38, 0.00, 0.00)
(274.38, 0.00, 0.00)
(274.38, 0.00, 0.00)
(274.38, 0.00, 0.00)
(274.38, 0.00, 0.00)
(274.38, 0.00, 0.00)
(274.38, 0.00, 0.00)
(274.38, 0.00, 0.00)
(274.38, 0.00, 0.00)
(274.39, 0.00, 0.00)
(274.39, 0.00, 0.00)
(274.39, 0.00, 0.00)
(274.39, 0.00, 0.00)
(274.39, 0.00, 0.00)
(274.39, 0.00, 0.00)
(274.39, 0.00, 0.00)
(274.39, 0.00, 0.00)
(274.39, 0.00, 0.00)
(274.39, 0.00, 0.00)
(274.39, 0.00, 0.00)
(274.39, 0.00, 0.00)
(274.39, 0.00, 0.00)
(274.39, 0.00, 0.00)
(274.39, 0.00, 0.00)
(274.39, 0.00, 0.00)
(273.90, 0.00, 0.00)
(273.90, 0.00, 0.00)
(273.90, 0.00, 0.00)
(273.90, 0.00, 0.00)
(273.90, 0.00, 0.00)
(273.90, 0.00, 0.00)
(273.90, 0.00, 0.00)
(273.90, 0.00, 0.00)
(273.90, 0.00, 0.00)
(273.90, 0.00, 0.00)
(273.90, 0.00, 0.00)
(273.90, 0.00, 0.00)
(273.90, 0.00, 0.00)
(273.90, 0.00, 0.00)
(273.90, 0.00, 0.00)
(273.90, 0.00, 0.00)
(273.90, 0.00, 0.00)
(273.90, 0.00, 0.00)
(273.90, 0.00, 0.00)
(273.90, 0.00, 0.00)
(273.90, 0.00, 0.00)
(273.90, 0.00, 0.00)
(273.90, 0.00, 0.00)
(273.90, 0.00, 0.00)
(273.90, 0.00, 0.00)
(273.90, 0.00, 0.00)
(273.90, 0.00, 0.00)
(273.90, 0.00, 0.00)
(273.90, 0.00, 0.00)
(273.90, 0.00, 0.00)
(273.90, 0.00, 0.00)
(273.37, 0.00, 0.00)
(273.37, 0.00, 0.00)
(273.37, 0.00, 0.00)
(273.37, 0.00, 0.00)
(273.37, 0.00, 0.00)
(273.37, 0.00, 0.00)
(273.37, 0.00, 0.00)
(273.37, 0.00, 0.00)
(273.37, 0.00, 0.00)
(273.37, 0.00, 0.00)
(273.37, 0.00, 0.00)
(273.37, 0.00, 0.00)
(273.37, 0.00, 0.00)
(273.37, 0.00, 0.00)
(273.37, 0.00, 0.00)
(273.37, 0.00, 0.00)
(273.37, 0.00, 0.00)
(273.37, 0.00, 0.00)
(273.37, 0.00, 0.00)
(273.37, 0.00, 0.00)
(273.37, 0.00, 0.00)
(273.37, 0.00, 0.00)
(273.37, 0.00, 0.00)
(273.37, 0.00, 0.00)
(273.37, 0.00, 0.00)
(273.37, 0.00, 0.00)
(273.37, 0.00, 0.00)
(273.37, 0.00, 0.00)
(273.37, 0.00, 0.00)
(273.37, 0.00, 0.00)
(273.37, 0.00, 0.00)
(273.46, 0.00, 0.00)
(273.46, 0.00, 0.00)
(273.46, 0.00, 0.00)
(273.46, 0.00, 0.00)
(273.46, 0.00, 0.00)
(273.46, 0.00, 0.00)
(273.46, 0.00, 0.00)
(273.46, 0.00, 0.00)
(273.46, 0.00, 0.00)
(273.46, 0.00, 0.00)
(273.46, 0.00, 0.00)
(273.46, 0.00, 0.00)
(273.46, 0.00, 0.00)
(273.46, 0.00, 0.00)
(273.46, 0.00, 0.00)
(273.46, 0.00, 0.00)
(273.51, 0.00, 0.00)
(273.51, 0.00, 0.00)
(273.51, 0.00, 0.00)
(273.51, 0.00, 0.00)
(273.51, 0.00, 0.00)
(273.51, 0.00, 0.00)
(273.51, 0.00, 0.00)
(273.51, 0.00, 0.00)
(273.51, 0.00, 0.00)
(273.51, 0.00, 0.00)
(273.51, 0.00, 0.00)
(273.51, 0.00, 0.00)
(273.51, 0.00, 0.00)
(273.51, 0.00, 0.00)
(273.51, 0.00, 0.00)
(273.51, 0.00, 0.00)
(273.51, 0.00, 0.00)
(273.51, 0.00, 0.00)
(273.51, 0.00, 0.00)
(273.51, 0.00, 0.00)
(273.51, 0.00, 0.00)
(273.51, 0.00, 0.00)
(273.51, 0.00, 0.00)
(273.51, 0.00, 0.00)
(273.51, 0.00, 0.00)
(273.51, 0.00, 0.00)
(273.51, 0.00, 0.00)
(273.51, 0.00, 0.00)
(273.51, 0.00, 0.00)
(273.51, 0.00, 0.00)
(273.51, 0.00, 0.00)
(273.91, 0.00, 0.00)
(273.91, 0.00, 0.00)
(273.91, 0.00, 0.00)
(273.91, 0.00, 0.00)
(273.91, 0.00, 0.00)
(273.91, 0.00, 0.00)
(273.91, 0.00, 0.00)
(273.91, 0.00, 0.00)
(273.91, 0.00, 0.00)
(273.91, 0.00, 0.00)
(273.91, 0.00, 0.00)
(273.91, 0.00, 0.00)
(273.91, 0.00, 0.00)
(273.91, 0.00, 0.00)
(273.91, 0.00, 0.00)
(273.91, 0.00, 0.00)
(273.91, 0.00, 0.00)
(273.91, 0.00, 0.00)
(273.91, 0.00, 0.00)
(273.91, 0.00, 0.00)
(273.91, 0.00, 0.00)
(273.91, 0.00, 0.00)
(273.91, 0.00, 0.00)
(273.91, 0.00, 0.00)
(273.91, 0.00, 0.00)
(273.91, 0.00, 0.00)
(273.91, 0.00, 0.00)
(273.91, 0.00, 0.00)
(273.91, 0.00, 0.00)
(273.91, 0.00, 0.00)
(273.91, 0.00, 0.00)
(273.72, 0.00, 0.00)
(273.72, 0.00, 0.00)
(273.72, 0.00, 0.00)
(273.72, 0.00, 0.00)
(273.72, 0.00, 0.00)
(273.72, 0.00, 0.00)
(273.72, 0.00, 0.00)
(273.72, 0.00, 0.00)
(273.72, 0.00, 0.00)
(273.72, 0.00, 0.00)
(273.72, 0.00, 0.00)
(273.72, 0.00, 0.00)
(273.72, 0.00, 0.00)
(273.72, 0.00, 0.00)
(273.72, 0.00, 0.00)
(273.72, 0.00, 0.00)
(273.72, 0.00, 0.00)
(273.72, 0.00, 0.00)
(273.72, 0.00, 0.00)
(273.72, 0.00, 0.00)
(273.72, 0.00, 0.00)
(273.72, 0.00, 0.00)
(273.72, 0.00, 0.00)
(273.72, 0.00, 0.00)
(273.72, 0.00, 0.00)
(273.72, 0.00, 0.00)
(273.72, 0.00, 0.00)
(273.72, 0.00, 0.00)
(273.72, 0.00, 0.00)
(273.72, 0.00, 0.00)
(273.72, 0.00, 0.00)
(274.15, 0.00, 0.00)
(274.15, 0.00, 0.00)
(274.15, 0.00, 0.00)
(274.15, 0.00, 0.00)
(274.15, 0.00, 0.00)
(274.15, 0.00, 0.00)
(274.15, 0.00, 0.00)
(274.15, 0.00, 0.00)
(274.15, 0.00, 0.00)
(274.15, 0.00, 0.00)
(274.58, 0.00, 0.00)
(274.58, 0.00, 0.00)
(274.58, 0.00, 0.00)
(274.58, 0.00, 0.00)
(274.58, 0.00, 0.00)
(274.58, 0.00, 0.00)
(274.58, 0.00, 0.00)
(274.58, 0.00, 0.00)
(274.58, 0.00, 0.00)
(274.58, 0.00, 0.00)
(274.58, 0.00, 0.00)
(274.58, 0.00, 0.00)
(274.58, 0.00, 0.00)
(274.58, 0.00, 0.00)
(274.58, 0.00, 0.00)
(274.58, 0.00, 0.00)
(274.58, 0.00, 0.00)
(274.58, 0.00, 0.00)
(274.58, 0.00, 0.00)
(274.58, 0.00, 0.00)
(274.58, 0.00, 0.00)
(274.58, 0.00, 0.00)
(274.58, 0.00, 0.00)
(274.58, 0.00, 0.00)
(274.58, 0.00, 0.00)
(274.58, 0.00, 0.00)
(274.58, 0.00, 0.00)
(274.58, 0.00, 0.00)
(274.58, 0.00, 0.00)
(274.58, 0.00, 0.00)
(274.58, 0.00, 0.00)
(274.58, 0.00, 0.00)
(274.58, 0.00, 0.00)
(274.45, 0.00, 0.00)
(274.45, 0.00, 0.00)
(274.45, 0.00, 0.00)
(274.45, 0.00, 0.00)
(274.45, 0.00, 0.00)
(274.45, 0.00, 0.00)
(274.45, 0.00, 0.00)
(274.45, 0.00, 0.00)
(274.45, 0.00, 0.00)
(274.45, 0.00, 0.00)
(274.45, 0.00, 0.00)
(274.45, 0.00, 0.00)
(274.45, 0.00, 0.00)
(274.45, 0.00, 0.00)
(274.45, 0.00, 0.00)
(274.45, 0.00, 0.00)
(274.45, 0.00, 0.00)
(274.45, 0.00, 0.00)
(274.45, 0.00, 0.00)
(274.45, 0.00, 0.00)
(274.45, 0.00, 0.00)
(274.45, 0.00, 0.00)
(274.45, 0.00, 0.00)
(274.45, 0.00, 0.00)
(274.45, 0.00, 0.00)
(274.45, 0.00, 0.00)
(274.45, 0.00, 0.00)
(274.45, 0.00, 0.00)
(274.45, 0.00, 0.00)
(274.45, 0.00, 0.00)
(274.45, 0.00, 0.00)
(273.64, 0.00, 0.00)
(273.64, 0.00, 0.00)
(273.64, 0.00, 0.00)
(273.64, 0.00, 0.00)
(273.64, 0.00, 0.00)
(273.64, 0.00, 0.00)
(273.64, 0.00, 0.00)
(273.64, 0.00, 0.00)
(273.64, 0.00, 0.00)
(273.64, 0.00, 0.00)
(273.64, 0.00, 0.00)
(273.64, 0.00, 0.00)
(273.64, 0.00, 0.00)
(273.64, 0.00, 0.00)
(273.64, 0.00, 0.00)
(273.64, 0.00, 0.00)
(273.64, 0.00, 0.00)
(273.64, 0.00, 0.00)
(273.64, 0.00, 0.00)
(273.64, 0.00, 0.00)
(273.64, 0.00, 0.00)
(273.64, 0.00, 0.00)
(273.64, 0.00, 0.00)
(273.64, 0.00, 0.00)
(273.64, 0.00, 0.00)
(273.64, 0.00, 0.00)
(273.64, 0.00, 0.00)
(273.64, 0.00, 0.00)
(273.64, 0.00, 0.00)
(273.64, 0.00, 0.00)
(273.64, 0.00, 0.00)
(273.55, 0.00, 0.00)
(273.55, 0.00, 0.00)
(273.55, 0.00, 0.00)
(273.55, 0.00, 0.00)
(273.55, 0.00, 0.00)
(273.55, 0.00, 0.00)
(273.55, 0.00, 0.00)
(273.55, 0.00, 0.00)
(273.55, 0.00, 0.00)
(273.55, 0.00, 0.00)
(273.55, 0.00, 0.00)
(273.55, 0.00, 0.00)
(273.55, 0.00, 0.00)
(273.55, 0.00, 0.00)
(273.55, 0.00, 0.00)
(273.55, 0.00, 0.00)
(273.69, 0.00, 0.00)
(273.69, 0.00, 0.00)
(273.69, 0.00, 0.00)
(273.69, 0.00, 0.00)
(273.69, 0.00, 0.00)
(273.69, 0.00, 0.00)
(273.69, 0.00, 0.00)
(273.69, 0.00, 0.00)
(273.69, 0.00, 0.00)
(273.69, 0.00, 0.00)
(273.69, 0.00, 0.00)
(273.69, 0.00, 0.00)
(273.69, 0.00, 0.00)
(273.69, 0.00, 0.00)
(273.69, 0.00, 0.00)
(273.69, 0.00, 0.00)
(273.69, 0.00, 0.00)
(273.69, 0.00, 0.00)
(273.69, 0.00, 0.00)
(273.69, 0.00, 0.00)
(273.69, 0.00, 0.00)
(273.69, 0.00, 0.00)
(273.69, 0.00, 0.00)
(273.69, 0.00, 0.00)
(273.69, 0.00, 0.00)
(273.69, 0.00, 0.00)
(273.69, 0.00, 0.00)
(273.69, 0.00, 0.00)
(273.69, 0.00, 0.00)
(273.69, 0.00, 0.00)
(273.69, 0.00, 0.00)
(273.07, 0.00, 0.00)
(273.07, 0.00, 0.00)
(273.07, 0.00, 0.00)
(273.07, 0.00, 0.00)
(273.07, 0.00, 0.00)
(273.07, 0.00, 0.00)
(273.07, 0.00, 0.00)
(273.07, 0.00, 0.00)
(273.07, 0.00, 0.00)
(273.07, 0.00, 0.00)
(273.07, 0.00, 0.00)
(273.07, 0.00, 0.00)
(273.07, 0.00, 0.00)
(273.07, 0.00, 0.00)
(273.07, 0.00, 0.00)
(273.07, 0.00, 0.00)
(275.09, 0.00, 0.00)
(275.09, 0.00, 0.00)
(275.09, 0.00, 0.00)
(275.09, 0.00, 0.00)
(275.09, 0.00, 0.00)
(275.09, 0.00, 0.00)
(275.09, 0.00, 0.00)
(275.09, 0.00, 0.00)
(275.09, 0.00, 0.00)
(275.09, 0.00, 0.00)
(275.09, 0.00, 0.00)
(275.09, 0.00, 0.00)
(275.09, 0.00, 0.00)
(275.09, 0.00, 0.00)
(275.09, 0.00, 0.00)
(275.09, 0.00, 0.00)
(275.09, 0.00, 0.00)
(275.09, 0.00, 0.00)
(275.09, 0.00, 0.00)
(275.09, 0.00, 0.00)
(275.09, 0.00, 0.00)
(275.09, 0.00, 0.00)
(275.09, 0.00, 0.00)
(275.09, 0.00, 0.00)
(275.09, 0.00, 0.00)
(275.09, 0.00, 0.00)
(275.09, 0.00, 0.00)
(275.09, 0.00, 0.00)
(275.09, 0.00, 0.00)
(275.09, 0.00, 0.00)
(275.09, 0.00, 0.00)
(273.81, 0.00, 0.00)
(273.81, 0.00, 0.00)
(273.81, 0.00, 0.00)
(273.81, 0.00, 0.00)
(273.81, 0.00, 0.00)
(273.81, 0.00, 0.00)
(273.81, 0.00, 0.00)
(273.81, 0.00, 0.00)
(273.81, 0.00, 0.00)
(273.81, 0.00, 0.00)
(273.81, 0.00, 0.00)
(273.81, 0.00, 0.00)
(273.81, 0.00, 0.00)
(273.81, 0.00, 0.00)
(273.81, 0.00, 0.00)
(273.81, 0.00, 0.00)
(273.81, 0.00, 0.00)
(273.81, 0.00, 0.00)
(273.81, 0.00, 0.00)
(273.81, 0.00, 0.00)
(273.81, 0.00, 0.00)
(273.81, 0.00, 0.00)
(273.81, 0.00, 0.00)
(273.81, 0.00, 0.00)
(273.81, 0.00, 0.00)
(273.81, 0.00, 0.00)
(273.81, 0.00, 0.00)
(273.81, 0.00, 0.00)
(273.81, 0.00, 0.00)
(273.81, 0.00, 0.00)
(273.81, 0.00, 0.00)
(274.98, 0.00, 0.00)
(274.98, 0.00, 0.00)
(274.98, 0.00, 0.00)
(274.98, 0.00, 0.00)
(274.98, 0.00, 0.00)
(274.98, 0.00, 0.00)
(274.98, 0.00, 0.00)
(274.98, 0.00, 0.00)
(274.98, 0.00, 0.00)
(274.98, 0.00, 0.00)
(274.98, 0.00, 0.00)
(274.98, 0.00, 0.00)
(274.98, 0.00, 0.00)
(274.98, 0.00, 0.00)
(274.98, 0.00, 0.00)
(274.98, 0.00, 0.00)
(274.98, 0.00, 0.00)
(274.98, 0.00, 0.00)
(274.98, 0.00, 0.00)
(274.98, 0.00, 0.00)
(274.98, 0.00, 0.00)
(274.98, 0.00, 0.00)
(274.98, 0.00, 0.00)
(274.98, 0.00, 0.00)
(274.98, 0.00, 0.00)
(274.98, 0.00, 0.00)
(274.98, 0.00, 0.00)
(274.98, 0.00, 0.00)
(274.98, 0.00, 0.00)
(274.98, 0.00, 0.00)
(274.98, 0.00, 0.00)
(275.43, 0.00, 0.00)
(275.43, 0.00, 0.00)
(275.43, 0.00, 0.00)
(275.43, 0.00, 0.00)
(275.43, 0.00, 0.00)
(275.43, 0.00, 0.00)
(275.43, 0.00, 0.00)
(275.43, 0.00, 0.00)
(275.43, 0.00, 0.00)
(275.43, 0.00, 0.00)
(275.43, 0.00, 0.00)
(275.43, 0.00, 0.00)
(275.43, 0.00, 0.00)
(275.43, 0.00, 0.00)
(275.43, 0.00, 0.00)
(276.43, 0.00, 0.00)
(276.43, 0.00, 0.00)
(276.43, 0.00, 0.00)
(276.43, 0.00, 0.00)
(276.43, 0.00, 0.00)
(276.43, 0.00, 0.00)
(276.43, 0.00, 0.00)
(276.43, 0.00, 0.00)
(276.43, 0.00, 0.00)
(276.43, 0.00, 0.00)
(276.43, 0.00, 0.00)
(276.43, 0.00, 0.00)
(276.43, 0.00, 0.00)
(276.43, 0.00, 0.00)
(276.43, 0.00, 0.00)
(276.43, 0.00, 0.00)
(276.43, 0.00, 0.00)
(276.43, 0.00, 0.00)
(276.43, 0.00, 0.00)
(276.43, 0.00, 0.00)
(276.43, 0.00, 0.00)
(276.43, 0.00, 0.00)
(276.43, 0.00, 0.00)
(276.43, 0.00, 0.00)
(276.43, 0.00, 0.00)
(276.43, 0.00, 0.00)
(276.43, 0.00, 0.00)
(276.43, 0.00, 0.00)
(276.43, 0.00, 0.00)
(276.43, 0.00, 0.00)
(276.43, 0.00, 0.00)
(274.84, 0.00, 0.00)
(274.84, 0.00, 0.00)
(274.84, 0.00, 0.00)
(274.84, 0.00, 0.00)
(274.84, 0.00, 0.00)
(274.84, 0.00, 0.00)
(274.84, 0.00, 0.00)
(274.84, 0.00, 0.00)
(274.84, 0.00, 0.00)
(274.84, 0.00, 0.00)
(274.84, 0.00, 0.00)
(274.84, 0.00, 0.00)
(274.84, 0.00, 0.00)
(274.84, 0.00, 0.00)
(274.84, 0.00, 0.00)
(274.84, 0.00, 0.00)
(275.53, 0.00, 0.00)
(275.53, 0.00, 0.00)
(275.53, 0.00, 0.00)
(275.53, 0.00, 0.00)
(275.53, 0.00, 0.00)
(275.53, 0.00, 0.00)
(275.53, 0.00, 0.00)
(275.53, 0.00, 0.00)
(275.53, 0.00, 0.00)
(275.53, 0.00, 0.00)
(275.53, 0.00, 0.00)
(275.53, 0.00, 0.00)
(275.53, 0.00, 0.00)
(275.53, 0.00, 0.00)
(275.53, 0.00, 0.00)
(275.53, 0.00, 0.00)
(275.53, 0.00, 0.00)
(275.53, 0.00, 0.00)
(275.53, 0.00, 0.00)
(275.53, 0.00, 0.00)
(275.53, 0.00, 0.00)
(275.53, 0.00, 0.00)
(275.53, 0.00, 0.00)
(275.53, 0.00, 0.00)
(275.53, 0.00, 0.00)
(275.53, 0.00, 0.00)
(275.53, 0.00, 0.00)
(275.53, 0.00, 0.00)
(275.53, 0.00, 0.00)
(275.53, 0.00, 0.00)
(275.53, 0.00, 0.00)
(275.05, 0.00, 0.00)
(275.05, 0.00, 0.00)
(275.05, 0.00, 0.00)
(275.05, 0.00, 0.00)
(275.05, 0.00, 0.00)
(275.05, 0.00, 0.00)
(275.05, 0.00, 0.00)
(275.05, 0.00, 0.00)
(275.05, 0.00, 0.00)
(275.05, 0.00, 0.00)
(275.05, 0.00, 0.00)
(275.05, 0.00, 0.00)
(275.05, 0.00, 0.00)
(275.05, 0.00, 0.00)
(275.05, 0.00, 0.00)
(275.05, 0.00, 0.00)
(275.05, 0.00, 0.00)
(275.05, 0.00, 0.00)
(275.05, 0.00, 0.00)
(275.05, 0.00, 0.00)
(275.05, 0.00, 0.00)
(275.05, 0.00, 0.00)
(275.05, 0.00, 0.00)
(275.05, 0.00, 0.00)
(275.05, 0.00, 0.00)
(275.05, 0.00, 0.00)
(275.05, 0.00, 0.00)
(275.05, 0.00, 0.00)
(275.05, 0.00, 0.00)
(275.05, 0.00, 0.00)
(275.05, 0.00, 0.00)
(275.45, 0.00, 0.00)
(275.45, 0.00, 0.00)
(275.45, 0.00, 0.00)
(275.45, 0.00, 0.00)
(275.45, 0.00, 0.00)
(275.45, 0.00, 0.00)
(275.45, 0.00, 0.00)
(275.45, 0.00, 0.00)
(275.45, 0.00, 0.00)
(275.45, 0.00, 0.00)
(275.45, 0.00, 0.00)
(275.45, 0.00, 0.00)
(275.45, 0.00, 0.00)
(275.45, 0.00, 0.00)
(275.45, 0.00, 0.00)
(275.45, 0.00, 0.00)
(274.69, 0.00, 0.00)
(274.69, 0.00, 0.00)
(274.69, 0.00, 0.00)
(274.69, 0.00, 0.00)
(274.69, 0.00, 0.00)
(274.69, 0.00, 0.00)
(274.69, 0.00, 0.00)
(274.69, 0.00, 0.00)
(274.69, 0.00, 0.00)
(274.69, 0.00, 0.00)
(274.69, 0.00, 0.00)
(274.69, 0.00, 0.00)
(274.69, 0.00, 0.00)
(274.69, 0.00, 0.00)
(274.69, 0.00, 0.00)
(274.69, 0.00, 0.00)
(274.69, 0.00, 0.00)
(274.69, 0.00, 0.00)
(274.69, 0.00, 0.00)
(274.69, 0.00, 0.00)
(274.69, 0.00, 0.00)
(274.69, 0.00, 0.00)
(274.69, 0.00, 0.00)
(274.69, 0.00, 0.00)
(274.69, 0.00, 0.00)
(274.69, 0.00, 0.00)
(274.69, 0.00, 0.00)
(274.69, 0.00, 0.00)
(274.69, 0.00, 0.00)
(274.69, 0.00, 0.00)
(274.69, 0.00, 0.00)
(276.98, 0.00, 0.00)
(276.98, 0.00, 0.00)
(276.98, 0.00, 0.00)
(276.98, 0.00, 0.00)
(276.98, 0.00, 0.00)
(276.98, 0.00, 0.00)
(276.98, 0.00, 0.00)
(276.98, 0.00, 0.00)
(276.98, 0.00, 0.00)
(276.98, 0.00, 0.00)
(276.98, 0.00, 0.00)
(276.98, 0.00, 0.00)
(276.98, 0.00, 0.00)
(276.98, 0.00, 0.00)
(276.98, 0.00, 0.00)
(276.98, 0.00, 0.00)
(276.98, 0.00, 0.00)
(276.98, 0.00, 0.00)
(276.98, 0.00, 0.00)
(276.98, 0.00, 0.00)
(276.98, 0.00, 0.00)
(276.98, 0.00, 0.00)
(276.98, 0.00, 0.00)
(276.98, 0.00, 0.00)
(276.98, 0.00, 0.00)
(276.98, 0.00, 0.00)
(276.98, 0.00, 0.00)
(276.98, 0.00, 0.00)
(276.98, 0.00, 0.00)
(276.98, 0.00, 0.00)
(276.98, 0.00, 0.00)
(274.33, 0.00, 0.00)
(274.33, 0.00, 0.00)
(274.33, 0.00, 0.00)
(274.33, 0.00, 0.00)
(274.33, 0.00, 0.00)
(274.33, 0.00, 0.00)
(274.33, 0.00, 0.00)
(274.33, 0.00, 0.00)
(274.33, 0.00, 0.00)
(274.33, 0.00, 0.00)
(274.33, 0.00, 0.00)
(274.33, 0.00, 0.00)
(274.33, 0.00, 0.00)
(274.33, 0.00, 0.00)
(274.33, 0.00, 0.00)
(274.33, 0.00, 0.00)
(274.33, 0.00, 0.00)
(274.33, 0.00, 0.00)
(274.33, 0.00, 0.00)
(274.33, 0.00, 0.00)
(274.33, 0.00, 0.00)
(274.33, 0.00, 0.00)
(274.33, 0.00, 0.00)
(274.33, 0.00, 0.00)
(274.33, 0.00, 0.00)
(274.33, 0.00, 0.00)
(274.33, 0.00, 0.00)
(274.33, 0.00, 0.00)
(274.33, 0.00, 0.00)
(274.33, 0.00, 0.00)
(274.33, 0.00, 0.00)
(275.10, 0.00, 0.00)
(275.10, 0.00, 0.00)
(275.10, 0.00, 0.00)
(275.10, 0.00, 0.00)
(275.10, 0.00, 0.00)
(275.10, 0.00, 0.00)
(275.10, 0.00, 0.00)
(275.10, 0.00, 0.00)
(275.10, 0.00, 0.00)
(275.10, 0.00, 0.00)
(275.10, 0.00, 0.00)
(275.10, 0.00, 0.00)
(275.10, 0.00, 0.00)
(275.10, 0.00, 0.00)
(275.10, 0.00, 0.00)
(275.10, 0.00, 0.00)
(276.27, 0.00, 0.00)
(276.27, 0.00, 0.00)
(276.27, 0.00, 0.00)
(276.27, 0.00, 0.00)
(276.27, 0.00, 0.00)
(276.27, 0.00, 0.00)
(276.27, 0.00, 0.00)
(276.27, 0.00, 0.00)
(276.27, 0.00, 0.00)
(276.27, 0.00, 0.00)
(276.27, 0.00, 0.00)
(276.27, 0.00, 0.00)
(276.27, 0.00, 0.00)
(276.27, 0.00, 0.00)
(276.27, 0.00, 0.00)
(276.27, 0.00, 0.00)
(276.27, 0.00, 0.00)
(276.27, 0.00, 0.00)
(276.27, 0.00, 0.00)
(276.27, 0.00, 0.00)
(276.27, 0.00, 0.00)
(276.27, 0.00, 0.00)
(276.27, 0.00, 0.00)
(276.27, 0.00, 0.00)
(276.27, 0.00, 0.00)
(276.27, 0.00, 0.00)
(276.27, 0.00, 0.00)
(276.27, 0.00, 0.00)
(276.27, 0.00, 0.00)
(276.27, 0.00, 0.00)
(276.27, 0.00, 0.00)
(279.53, 0.00, 0.00)
(279.53, 0.00, 0.00)
(279.53, 0.00, 0.00)
(279.53, 0.00, 0.00)
(279.53, 0.00, 0.00)
(279.53, 0.00, 0.00)
(279.53, 0.00, 0.00)
(279.53, 0.00, 0.00)
(279.53, 0.00, 0.00)
(279.53, 0.00, 0.00)
(279.53, 0.00, 0.00)
(279.53, 0.00, 0.00)
(279.53, 0.00, 0.00)
(279.53, 0.00, 0.00)
(279.53, 0.00, 0.00)
(279.53, 0.00, 0.00)
(279.53, 0.00, 0.00)
(279.53, 0.00, 0.00)
(279.53, 0.00, 0.00)
(279.53, 0.00, 0.00)
(279.53, 0.00, 0.00)
(279.53, 0.00, 0.00)
(279.53, 0.00, 0.00)
(279.53, 0.00, 0.00)
(279.53, 0.00, 0.00)
(279.53, 0.00, 0.00)
(279.53, 0.00, 0.00)
(279.53, 0.00, 0.00)
(279.53, 0.00, 0.00)
(279.53, 0.00, 0.00)
(279.53, 0.00, 0.00)
(281.46, 0.00, 0.00)
(281.46, 0.00, 0.00)
(281.46, 0.00, 0.00)
(281.46, 0.00, 0.00)
(281.46, 0.00, 0.00)
(281.46, 0.00, 0.00)
(281.46, 0.00, 0.00)
(281.46, 0.00, 0.00)
(281.46, 0.00, 0.00)
(281.46, 0.00, 0.00)
(281.46, 0.00, 0.00)
(281.46, 0.00, 0.00)
(281.46, 0.00, 0.00)
(281.46, 0.00, 0.00)
(281.46, 0.00, 0.00)
(281.46, 0.00, 0.00)
(281.07, 0.00, 0.00)
(281.07, 0.00, 0.00)
(281.07, 0.00, 0.00)
(281.07, 0.00, 0.00)
(281.07, 0.00, 0.00)
(281.07, 0.00, 0.00)
(281.07, 0.00, 0.00)
(281.07, 0.00, 0.00)
(281.07, 0.00, 0.00)
(281.07, 0.00, 0.00)
(281.07, 0.00, 0.00)
(281.07, 0.00, 0.00)
(281.07, 0.00, 0.00)
(281.07, 0.00, 0.00)
(281.07, 0.00, 0.00)
(281.07, 0.00, 0.00)
(281.07, 0.00, 0.00)
(281.07, 0.00, 0.00)
(281.07, 0.00, 0.00)
(281.07, 0.00, 0.00)
(281.07, 0.00, 0.00)
(281.07, 0.00, 0.00)
(281.07, 0.00, 0.00)
(281.07, 0.00, 0.00)
(281.07, 0.00, 0.00)
(281.07, 0.00, 0.00)
(281.07, 0.00, 0.00)
(281.07, 0.00, 0.00)
(281.07, 0.00, 0.00)
(281.07, 0.00, 0.00)
(281.07, 0.00, 0.00)
(282.24, 0.00, 0.00)
(282.24, 0.00, 0.00)
(282.24, 0.00, 0.00)
(282.24, 0.00, 0.00)
(282.24, 0.00, 0.00)
(282.24, 0.00, 0.00)
(282.24, 0.00, 0.00)
(282.24, 0.00, 0.00)
(282.24, 0.00, 0.00)
(282.24, 0.00, 0.00)
(282.24, 0.00, 0.00)
(282.24, 0.00, 0.00)
(282.24, 0.00, 0.00)
(282.24, 0.00, 0.00)
(282.24, 0.00, 0.00)
(282.24, 0.00, 0.00)
(282.24, 0.00, 0.00)
(282.24, 0.00, 0.00)
(282.24, 0.00, 0.00)
(282.24, 0.00, 0.00)
(282.24, 0.00, 0.00)
(282.24, 0.00, 0.00)
(282.24, 0.00, 0.00)
(282.24, 0.00, 0.00)
(282.24, 0.00, 0.00)
(282.24, 0.00, 0.00)
(282.24, 0.00, 0.00)
(282.24, 0.00, 0.00)
(282.24, 0.00, 0.00)
(282.24, 0.00, 0.00)
(282.24, 0.00, 0.00)
(282.67, 0.00, 0.00)
(282.67, 0.00, 0.00)
(282.67, 0.00, 0.00)
(282.67, 0.00, 0.00)
(282.67, 0.00, 0.00)
(282.67, 0.00, 0.00)
(282.67, 0.00, 0.00)
(282.67, 0.00, 0.00)
(282.67, 0.00, 0.00)
(282.67, 0.00, 0.00)
(282.67, 0.00, 0.00)
(282.67, 0.00, 0.00)
(282.67, 0.00, 0.00)
(282.67, 0.00, 0.00)
(282.67, 0.00, 0.00)
(282.80, 0.00, 0.00)
(282.80, 0.00, 0.00)
(282.80, 0.00, 0.00)
(282.80, 0.00, 0.00)
(282.80, 0.00, 0.00)
(282.80, 0.00, 0.00)
(282.80, 0.00, 0.00)
(282.80, 0.00, 0.00)
(282.80, 0.00, 0.00)
(282.80, 0.00, 0.00)
(282.80, 0.00, 0.00)
(282.80, 0.00, 0.00)
(282.80, 0.00, 0.00)
(282.80, 0.00, 0.00)
(282.80, 0.00, 0.00)
(282.80, 0.00, 0.00)
(282.80, 0.00, 0.00)
(282.80, 0.00, 0.00)
(282.80, 0.00, 0.00)
(282.80, 0.00, 0.00)
(282.80, 0.00, 0.00)
(282.80, 0.00, 0.00)
(282.80, 0.00, 0.00)
(282.80, 0.00, 0.00)
(282.80, 0.00, 0.00)
(282.80, 0.00, 0.00)
(282.80, 0.00, 0.00)
(282.80, 0.00, 0.00)
(282.80, 0.00, 0.00)
(282.80, 0.00, 0.00)
(282.80, 0.00, 0.00)
(283.60, 0.00, 0.00)
(283.60, 0.00, 0.00)
(283.60, 0.00, 0.00)
(283.60, 0.00, 0.00)
(283.60, 0.00, 0.00)
(283.60, 0.00, 0.00)
(283.60, 0.00, 0.00)
(283.60, 0.00, 0.00)
(283.60, 0.00, 0.00)
(283.60, 0.00, 0.00)
(283.60, 0.00, 0.00)
(283.60, 0.00, 0.00)
(283.60, 0.00, 0.00)
(283.60, 0.00, 0.00)
(283.60, 0.00, 0.00)
(283.60, 0.00, 0.00)
(283.60, 0.00, 0.00)
(283.60, 0.00, 0.00)
(283.60, 0.00, 0.00)
(283.60, 0.00, 0.00)
(283.60, 0.00, 0.00)
(283.60, 0.00, 0.00)
(283.60, 0.00, 0.00)
(283.60, 0.00, 0.00)
(283.60, 0.00, 0.00)
(283.60, 0.00, 0.00)
(283.60, 0.00, 0.00)
(283.60, 0.00, 0.00)
(283.60, 0.00, 0.00)
(283.60, 0.00, 0.00)
(283.60, 0.00, 0.00)
(283.60, 0.00, 0.00)
(286.39, 0.00, 0.00)
(286.39, 0.00, 0.00)
(286.39, 0.00, 0.00)
(286.39, 0.00, 0.00)
(286.39, 0.00, 0.00)
(286.39, 0.00, 0.00)
(286.39, 0.00, 0.00)
(286.39, 0.00, 0.00)
(286.39, 0.00, 0.00)
(286.39, 0.00, 0.00)
(286.39, 0.00, 0.00)
(286.39, 0.00, 0.00)
(286.39, 0.00, 0.00)
(286.39, 0.00, 0.00)
(286.39, 0.00, 0.00)
(286.39, 0.00, 0.00)
(288.56, 0.00, 0.00)
(288.56, 0.00, 0.00)
(288.56, 0.00, 0.00)
(288.56, 0.00, 0.00)
(288.56, 0.00, 0.00)
(288.56, 0.00, 0.00)
(288.56, 0.00, 0.00)
(288.56, 0.00, 0.00)
(288.56, 0.00, 0.00)
(288.56, 0.00, 0.00)
(288.56, 0.00, 0.00)
(288.56, 0.00, 0.00)
(288.56, 0.00, 0.00)
(288.56, 0.00, 0.00)
(288.56, 0.00, 0.00)
(288.56, 0.00, 0.00)
(288.56, 0.00, 0.00)
(288.56, 0.00, 0.00)
(288.56, 0.00, 0.00)
(288.56, 0.00, 0.00)
(288.56, 0.00, 0.00)
(288.56, 0.00, 0.00)
(288.56, 0.00, 0.00)
(288.56, 0.00, 0.00)
(288.56, 0.00, 0.00)
(288.56, 0.00, 0.00)
(288.56, 0.00, 0.00)
(288.56, 0.00, 0.00)
(288.56, 0.00, 0.00)
(288.56, 0.00, 0.00)
(288.56, 0.00, 0.00)
(288.56, 0.00, 0.00)
(288.56, 0.00, 0.00)
(288.56, 0.00, 0.00)
(288.56, 0.00, 0.00)
(288.56, 0.00, 0.00)
(288.56, 0.00, 0.00)
(288.56, 0.00, 0.00)
(288.56, 0.00, 0.00)
(288.56, 0.00, 0.00)
(288.56, 0.00, 0.00)
(288.56, 0.00, 0.00)
(288.56, 0.00, 0.00)
(288.56, 0.00, 0.00)
(288.56, 0.00, 0.00)
(288.56, 0.00, 0.00)
(292.70, 0.00, 0.00)
(292.70, 0.00, 0.00)
(292.70, 0.00, 0.00)
(292.70, 0.00, 0.00)
(292.70, 0.00, 0.00)
(292.70, 0.00, 0.00)
(292.70, 0.00, 0.00)
(292.70, 0.00, 0.00)
(292.70, 0.00, 0.00)
(292.70, 0.00, 0.00)
(292.70, 0.00, 0.00)
(292.70, 0.00, 0.00)
(292.70, 0.00, 0.00)
(292.70, 0.00, 0.00)
(292.70, 0.00, 0.00)
(292.70, 0.00, 0.00)
(292.25, 0.00, 0.00)
(292.25, 0.00, 0.00)
(292.25, 0.00, 0.00)
(292.25, 0.00, 0.00)
(292.25, 0.00, 0.00)
(292.25, 0.00, 0.00)
(292.25, 0.00, 0.00)
(292.25, 0.00, 0.00)
(292.25, 0.00, 0.00)
(292.25, 0.00, 0.00)
(292.25, 0.00, 0.00)
(292.25, 0.00, 0.00)
(292.25, 0.00, 0.00)
(292.25, 0.00, 0.00)
(292.25, 0.00, 0.00)
(292.25, 0.00, 0.00)
(292.25, 0.00, 0.00)
(292.25, 0.00, 0.00)
(292.25, 0.00, 0.00)
(292.25, 0.00, 0.00)
(292.25, 0.00, 0.00)
(292.25, 0.00, 0.00)
(292.25, 0.00, 0.00)
(292.25, 0.00, 0.00)
(292.25, 0.00, 0.00)
(292.25, 0.00, 0.00)
(292.25, 0.00, 0.00)
(292.25, 0.00, 0.00)
(292.25, 0.00, 0.00)
(292.25, 0.00, 0.00)
(292.25, 0.00, 0.00)
(293.13, 0.00, 0.00)
(293.13, 0.00, 0.00)
(293.13, 0.00, 0.00)
(293.13, 0.00, 0.00)
(293.13, 0.00, 0.00)
(293.13, 0.00, 0.00)
(293.13, 0.00, 0.00)
(293.13, 0.00, 0.00)
(293.13, 0.00, 0.00)
(293.13, 0.00, 0.00)
(293.13, 0.00, 0.00)
(293.13, 0.00, 0.00)
(293.13, 0.00, 0.00)
(293.13, 0.00, 0.00)
(293.13, 0.00, 0.00)
(298.27, 0.00, 0.00)
(298.27, 0.00, 0.00)
(298.27, 0.00, 0.00)
(298.27, 0.00, 0.00)
(298.27, 0.00, 0.00)
(298.27, 0.00, 0.00)
(298.27, 0.00, 0.00)
(298.27, 0.00, 0.00)
(298.27, 0.00, 0.00)
(298.27, 0.00, 0.00)
(298.27, 0.00, 0.00)
(298.27, 0.00, 0.00)
(298.27, 0.00, 0.00)
(298.27, 0.00, 0.00)
(298.27, 0.00, 0.00)
(298.27, 0.00, 0.00)
(298.27, 0.00, 0.00)
(298.27, 0.00, 0.00)
(298.27, 0.00, 0.00)
(298.27, 0.00, 0.00)
(298.27, 0.00, 0.00)
(298.27, 0.00, 0.00)
(298.27, 0.00, 0.00)
(298.27, 0.00, 0.00)
(298.27, 0.00, 0.00)
(298.27, 0.00, 0.00)
(298.27, 0.00, 0.00)
(298.27, 0.00, 0.00)
(298.27, 0.00, 0.00)
(298.27, 0.00, 0.00)
(298.27, 0.00, 0.00)
(298.27, 0.00, 0.00)
(310.41, 0.00, 0.00)
(310.41, 0.00, 0.00)
(310.41, 0.00, 0.00)
(310.41, 0.00, 0.00)
(310.41, 0.00, 0.00)
(310.41, 0.00, 0.00)
(310.41, 0.00, 0.00)
(310.41, 0.00, 0.00)
(310.41, 0.00, 0.00)
(310.41, 0.00, 0.00)
(310.41, 0.00, 0.00)
(310.41, 0.00, 0.00)
(310.41, 0.00, 0.00)
(310.41, 0.00, 0.00)
(310.41, 0.00, 0.00)
(310.41, 0.00, 0.00)
(310.41, 0.00, 0.00)
(310.41, 0.00, 0.00)
(310.41, 0.00, 0.00)
(310.41, 0.00, 0.00)
(310.41, 0.00, 0.00)
(310.41, 0.00, 0.00)
(310.41, 0.00, 0.00)
(310.41, 0.00, 0.00)
(310.41, 0.00, 0.00)
(310.41, 0.00, 0.00)
(310.41, 0.00, 0.00)
(310.41, 0.00, 0.00)
(310.41, 0.00, 0.00)
(310.41, 0.00, 0.00)
(310.41, 0.00, 0.00)
(307.25, 0.00, 0.00)
(307.25, 0.00, 0.00)
(307.25, 0.00, 0.00)
(307.25, 0.00, 0.00)
(307.25, 0.00, 0.00)
(307.25, 0.00, 0.00)
(307.25, 0.00, 0.00)
(307.25, 0.00, 0.00)
(307.25, 0.00, 0.00)
(307.25, 0.00, 0.00)
(307.25, 0.00, 0.00)
(307.25, 0.00, 0.00)
(307.25, 0.00, 0.00)
(307.25, 0.00, 0.00)
(307.25, 0.00, 0.00)
(305.99, 0.00, 0.00)
(305.99, 0.00, 0.00)
(305.99, 0.00, 0.00)
(305.99, 0.00, 0.00)
(305.99, 0.00, 0.00)
(305.99, 0.00, 0.00)
(305.99, 0.00, 0.00)
(305.99, 0.00, 0.00)
(305.99, 0.00, 0.00)
(305.99, 0.00, 0.00)
(305.99, 0.00, 0.00)
(305.99, 0.00, 0.00)
(305.99, 0.00, 0.00)
(305.99, 0.00, 0.00)
(305.99, 0.00, 0.00)
(305.99, 0.00, 0.00)
(305.99, 0.00, 0.00)
(305.99, 0.00, 0.00)
(305.99, 0.00, 0.00)
(305.99, 0.00, 0.00)
(305.99, 0.00, 0.00)
(305.99, 0.00, 0.00)
(305.99, 0.00, 0.00)
(305.99, 0.00, 0.00)
(305.99, 0.00, 0.00)
(305.99, 0.00, 0.00)
(305.99, 0.00, 0.00)
(305.99, 0.00, 0.00)
(305.99, 0.00, 0.00)
(305.99, 0.00, 0.00)
(305.99, 0.00, 0.00)
(306.08, 0.00, 0.00)
(306.08, 0.00, 0.00)
(306.08, 0.00, 0.00)
(306.08, 0.00, 0.00)
(306.08, 0.00, 0.00)
(306.08, 0.00, 0.00)
(306.08, 0.00, 0.00)
(306.08, 0.00, 0.00)
(306.08, 0.00, 0.00)
(306.08, 0.00, 0.00)
(306.08, 0.00, 0.00)
(306.08, 0.00, 0.00)
(306.08, 0.00, 0.00)
(306.08, 0.00, 0.00)
(306.08, 0.00, 0.00)
(306.08, 0.00, 0.00)
(306.08, 0.00, 0.00)
(306.08, 0.00, 0.00)
(306.08, 0.00, 0.00)
(306.08, 0.00, 0.00)
(306.08, 0.00, 0.00)
(306.08, 0.00, 0.00)
(306.08, 0.00, 0.00)
(306.08, 0.00, 0.00)
(306.08, 0.00, 0.00)
(306.08, 0.00, 0.00)
(306.08, 0.00, 0.00)
(306.08, 0.00, 0.00)
(306.08, 0.00, 0.00)
(306.08, 0.00, 0.00)
(306.08, 0.00, 0.00)
(313.34, 0.00, 0.00)
(313.34, 0.00, 0.00)
(313.34, 0.00, 0.00)
(313.34, 0.00, 0.00)
(313.34, 0.00, 0.00)
(313.34, 0.00, 0.00)
(313.34, 0.00, 0.00)
(313.34, 0.00, 0.00)
(313.34, 0.00, 0.00)
(313.34, 0.00, 0.00)
(313.34, 0.00, 0.00)
(313.34, 0.00, 0.00)
(313.34, 0.00, 0.00)
(313.34, 0.00, 0.00)
(313.34, 0.00, 0.00)
(313.34, 0.00, 0.00)
(316.21, 0.00, 0.00)
(316.21, 0.00, 0.00)
(316.21, 0.00, 0.00)
(316.21, 0.00, 0.00)
(316.21, 0.00, 0.00)
(316.21, 0.00, 0.00)
(316.21, 0.00, 0.00)
(316.21, 0.00, 0.00)
(316.21, 0.00, 0.00)
(316.21, 0.00, 0.00)
(316.21, 0.00, 0.00)
(316.21, 0.00, 0.00)
(316.21, 0.00, 0.00)
(316.21, 0.00, 0.00)
(316.21, 0.00, 0.00)
(316.21, 0.00, 0.00)
(316.21, 0.00, 0.00)
(316.21, 0.00, 0.00)
(316.21, 0.00, 0.00)
(316.21, 0.00, 0.00)
(316.21, 0.00, 0.00)
(316.21, 0.00, 0.00)
(316.21, 0.00, 0.00)
(316.21, 0.00, 0.00)
(316.21, 0.00, 0.00)
(316.21, 0.00, 0.00)
(316.21, 0.00, 0.00)
(316.21, 0.00, 0.00)
(316.21, 0.00, 0.00)
(316.21, 0.00, 0.00)
(316.21, 0.00, 0.00)
(315.14, 0.00, 0.00)
(315.14, 0.00, 0.00)
(315.14, 0.00, 0.00)
(315.14, 0.00, 0.00)
(315.14, 0.00, 0.00)
(315.14, 0.00, 0.00)
(315.14, 0.00, 0.00)
(315.14, 0.00, 0.00)
(315.14, 0.00, 0.00)
(315.14, 0.00, 0.00)
(315.14, 0.00, 0.00)
(315.14, 0.00, 0.00)
(315.14, 0.00, 0.00)
(315.14, 0.00, 0.00)
(315.14, 0.00, 0.00)
(315.14, 0.00, 0.00)
(315.14, 0.00, 0.00)
(315.14, 0.00, 0.00)
(315.14, 0.00, 0.00)
(315.14, 0.00, 0.00)
(315.14, 0.00, 0.00)
(315.14, 0.00, 0.00)
(315.14, 0.00, 0.00)
(315.14, 0.00, 0.00)
(315.14, 0.00, 0.00)
(315.14, 0.00, 0.00)
(315.14, 0.00, 0.00)
(315.14, 0.00, 0.00)
(315.14, 0.00, 0.00)
(315.14, 0.00, 0.00)
(315.14, 0.00, 0.00)
(317.78, 0.00, 0.00)
(317.78, 0.00, 0.00)
(317.78, 0.00, 0.00)
(317.78, 0.00, 0.00)
(317.78, 0.00, 0.00)
(317.78, 0.00, 0.00)
(317.78, 0.00, 0.00)
(317.78, 0.00, 0.00)
(317.78, 0.00, 0.00)
(317.78, 0.00, 0.00)
(317.78, 0.00, 0.00)
(317.78, 0.00, 0.00)
(317.78, 0.00, 0.00)
(317.78, 0.00, 0.00)
(317.78, 0.00, 0.00)
(317.78, 0.00, 0.00)
(317.84, 0.00, 0.00)
(317.84, 0.00, 0.00)
(317.84, 0.00, 0.00)
(317.84, 0.00, 0.00)
(317.84, 0.00, 0.00)
(317.84, 0.00, 0.00)
(317.84, 0.00, 0.00)
(317.84, 0.00, 0.00)
(317.84, 0.00, 0.00)
(317.84, 0.00, 0.00)
(317.84, 0.00, 0.00)
(317.84, 0.00, 0.00)
(317.84, 0.00, 0.00)
(317.84, 0.00, 0.00)
(317.84, 0.00, 0.00)
(317.84, 0.00, 0.00)
(317.84, 0.00, 0.00)
(317.84, 0.00, 0.00)
(317.84, 0.00, 0.00)
(317.84, 0.00, 0.00)
(317.84, 0.00, 0.00)
(317.84, 0.00, 0.00)
(317.84, 0.00, 0.00)
(317.84, 0.00, 0.00)
(317.84, 0.00, 0.00)
(317.84, 0.00, 0.00)
(317.84, 0.00, 0.00)
(317.84, 0.00, 0.00)
(317.84, 0.00, 0.00)
(317.84, 0.00, 0.00)
(317.84, 0.00, 0.00)
(317.84, 0.00, 0.00)
(317.84, 0.00, 0.00)
(317.84, 0.00, 0.00)
(317.84, 0.00, 0.00)
(317.84, 0.00, 0.00)
(317.84, 0.00, 0.00)
(317.84, 0.00, 0.00)
(317.84, 0.00, 0.00)
(317.84, 0.00, 0.00)
(317.84, 0.00, 0.00)
(317.84, 0.00, 0.00)
(317.84, 0.00, 0.00)
(317.84, 0.00, 0.00)
(317.84, 0.00, 0.00)
(317.84, 0.00, 0.00)
(317.84, 0.00, 0.00)
(323.90, 0.00, 0.00)
(323.90, 0.00, 0.00)
(323.90, 0.00, 0.00)
(323.90, 0.00, 0.00)
(323.90, 0.00, 0.00)
(323.90, 0.00, 0.00)
(323.90, 0.00, 0.00)
(323.90, 0.00, 0.00)
(323.90, 0.00, 0.00)
(323.90, 0.00, 0.00)
(323.90, 0.00, 0.00)
(323.90, 0.00, 0.00)
(323.90, 0.00, 0.00)
(323.90, 0.00, 0.00)
(323.90, 0.00, 0.00)
(325.38, 0.00, 0.00)
(325.38, 0.00, 0.00)
(325.38, 0.00, 0.00)
(325.38, 0.00, 0.00)
(325.38, 0.00, 0.00)
(325.38, 0.00, 0.00)
(325.38, 0.00, 0.00)
(325.38, 0.00, 0.00)
(325.38, 0.00, 0.00)
(325.38, 0.00, 0.00)
(325.38, 0.00, 0.00)
(325.38, 0.00, 0.00)
(325.38, 0.00, 0.00)
(325.38, 0.00, 0.00)
(325.38, 0.00, 0.00)
(325.38, 0.00, 0.00)
(325.38, 0.00, 0.00)
(325.38, 0.00, 0.00)
(325.38, 0.00, 0.00)
(325.38, 0.00, 0.00)
(325.38, 0.00, 0.00)
(325.38, 0.00, 0.00)
(325.38, 0.00, 0.00)
(325.38, 0.00, 0.00)
(325.38, 0.00, 0.00)
(325.38, 0.00, 0.00)
(325.38, 0.00, 0.00)
(325.38, 0.00, 0.00)
(325.38, 0.00, 0.00)
(325.38, 0.00, 0.00)
(325.38, 0.00, 0.00)
(323.54, 0.00, 0.00)
(323.54, 0.00, 0.00)
(323.54, 0.00, 0.00)
(323.54, 0.00, 0.00)
(323.54, 0.00, 0.00)
(323.54, 0.00, 0.00)
(323.54, 0.00, 0.00)
(323.54, 0.00, 0.00)
(323.54, 0.00, 0.00)
(323.54, 0.00, 0.00)
(323.54, 0.00, 0.00)
(323.54, 0.00, 0.00)
(323.54, 0.00, 0.00)
(323.54, 0.00, 0.00)
(323.54, 0.00, 0.00)
(323.54, 0.00, 0.00)
(326.59, 0.00, 0.00)
(326.59, 0.00, 0.00)
(326.59, 0.00, 0.00)
(326.59, 0.00, 0.00)
(326.59, 0.00, 0.00)
(326.59, 0.00, 0.00)
(326.59, 0.00, 0.00)
(326.59, 0.00, 0.00)
(326.59, 0.00, 0.00)
(326.59, 0.00, 0.00)
(326.59, 0.00, 0.00)
(326.59, 0.00, 0.00)
(326.59, 0.00, 0.00)
(326.59, 0.00, 0.00)
(326.59, 0.00, 0.00)
(326.59, 0.00, 0.00)
(326.59, 0.00, 0.00)
(326.59, 0.00, 0.00)
(326.59, 0.00, 0.00)
(326.59, 0.00, 0.00)
(326.59, 0.00, 0.00)
(326.59, 0.00, 0.00)
(326.59, 0.00, 0.00)
(326.59, 0.00, 0.00)
(326.59, 0.00, 0.00)
(326.59, 0.00, 0.00)
(326.59, 0.00, 0.00)
(326.59, 0.00, 0.00)
(326.59, 0.00, 0.00)
(326.59, 0.00, 0.00)
(326.59, 0.00, 0.00)
(333.37, 0.00, 0.00)
(333.37, 0.00, 0.00)
(333.37, 0.00, 0.00)
(333.37, 0.00, 0.00)
(333.37, 0.00, 0.00)
(333.37, 0.00, 0.00)
(333.37, 0.00, 0.00)
(333.37, 0.00, 0.00)
(333.37, 0.00, 0.00)
(333.37, 0.00, 0.00)
(333.37, 0.00, 0.00)
(333.37, 0.00, 0.00)
(333.37, 0.00, 0.00)
(333.37, 0.00, 0.00)
(333.37, 0.00, 0.00)
(333.37, 0.00, 0.00)
(333.37, 0.00, 0.00)
(333.37, 0.00, 0.00)
(333.37, 0.00, 0.00)
(333.37, 0.00, 0.00)
(333.37, 0.00, 0.00)
(333.37, 0.00, 0.00)
(333.37, 0.00, 0.00)
(333.37, 0.00, 0.00)
(333.37, 0.00, 0.00)
(333.37, 0.00, 0.00)
(333.37, 0.00, 0.00)
(333.37, 0.00, 0.00)
(333.37, 0.00, 0.00)
(333.37, 0.00, 0.00)
(333.37, 0.00, 0.00)
(333.37, 0.00, 0.00)
(333.37, 0.00, 0.00)
(333.37, 0.00, 0.00)
(333.37, 0.00, 0.00)
(333.37, 0.00, 0.00)
(333.37, 0.00, 0.00)
(333.37, 0.00, 0.00)
(333.37, 0.00, 0.00)
(333.37, 0.00, 0.00)
(333.37, 0.00, 0.00)
(333.37, 0.00, 0.00)
(333.37, 0.00, 0.00)
(333.37, 0.00, 0.00)
(333.37, 0.00, 0.00)
(333.37, 0.00, 0.00)
(333.37, 0.00, 0.00)
(327.69, 0.00, 0.00)
(327.69, 0.00, 0.00)
(327.69, 0.00, 0.00)
(327.69, 0.00, 0.00)
(327.69, 0.00, 0.00)
(327.69, 0.00, 0.00)
(327.69, 0.00, 0.00)
(327.69, 0.00, 0.00)
(327.69, 0.00, 0.00)
(327.69, 0.00, 0.00)
(327.69, 0.00, 0.00)
(327.69, 0.00, 0.00)
(327.69, 0.00, 0.00)
(327.69, 0.00, 0.00)
(327.69, 0.00, 0.00)
(327.69, 0.00, 0.00)
(327.69, 0.00, 0.00)
(327.69, 0.00, 0.00)
(327.69, 0.00, 0.00)
(327.69, 0.00, 0.00)
(327.69, 0.00, 0.00)
(327.69, 0.00, 0.00)
(327.69, 0.00, 0.00)
(327.69, 0.00, 0.00)
(327.69, 0.00, 0.00)
(327.69, 0.00, 0.00)
(327.69, 0.00, 0.00)
(327.69, 0.00, 0.00)
(327.69, 0.00, 0.00)
(327.69, 0.00, 0.00)
(327.69, 0.00, 0.00)
(329.58, 0.00, 0.00)
(329.58, 0.00, 0.00)
(329.58, 0.00, 0.00)
(329.58, 0.00, 0.00)
(329.58, 0.00, 0.00)
(329.58, 0.00, 0.00)
(329.58, 0.00, 0.00)
(329.58, 0.00, 0.00)
(329.58, 0.00, 0.00)
(329.58, 0.00, 0.00)
(329.58, 0.00, 0.00)
(329.58, 0.00, 0.00)
(329.58, 0.00, 0.00)
(329.58, 0.00, 0.00)
(329.58, 0.00, 0.00)
(329.58, 0.00, 0.00)
(329.58, 0.00, 0.00)
(329.58, 0.00, 0.00)
(329.58, 0.00, 0.00)
(329.58, 0.00, 0.00)
(329.58, 0.00, 0.00)
(329.58, 0.00, 0.00)
(329.58, 0.00, 0.00)
(329.58, 0.00, 0.00)
(329.58, 0.00, 0.00)
(329.58, 0.00, 0.00)
(329.58, 0.00, 0.00)
(329.58, 0.00, 0.00)
(329.58, 0.00, 0.00)
(329.58, 0.00, 0.00)
(332.57, 0.00, 0.00)
(332.57, 0.00, 0.00)
(332.57, 0.00, 0.00)
(332.57, 0.00, 0.00)
(332.57, 0.00, 0.00)
(332.57, 0.00, 0.00)
(332.57, 0.00, 0.00)
(332.57, 0.00, 0.00)
(332.57, 0.00, 0.00)
(332.57, 0.00, 0.00)
(332.57, 0.00, 0.00)
(332.57, 0.00, 0.00)
(332.57, 0.00, 0.00)
(332.57, 0.00, 0.00)
(332.57, 0.00, 0.00)
(332.57, 0.00, 0.00)
(331.49, 0.00, 0.00)
(331.49, 0.00, 0.00)
(331.49, 0.00, 0.00)
(331.49, 0.00, 0.00)
(331.49, 0.00, 0.00)
(331.49, 0.00, 0.00)
(331.49, 0.00, 0.00)
(331.49, 0.00, 0.00)
(331.49, 0.00, 0.00)
(331.49, 0.00, 0.00)
(331.49, 0.00, 0.00)
(331.49, 0.00, 0.00)
(331.49, 0.00, 0.00)
(331.49, 0.00, 0.00)
(331.49, 0.00, 0.00)
(331.49, 0.00, 0.00)
(331.49, 0.00, 0.00)
(331.49, 0.00, 0.00)
(331.49, 0.00, 0.00)
(331.49, 0.00, 0.00)
(331.49, 0.00, 0.00)
(331.49, 0.00, 0.00)
(331.49, 0.00, 0.00)
(331.49, 0.00, 0.00)
(331.49, 0.00, 0.00)
(331.49, 0.00, 0.00)
(331.49, 0.00, 0.00)
(331.49, 0.00, 0.00)
(331.49, 0.00, 0.00)
(331.49, 0.00, 0.00)
(331.49, 0.00, 0.00)
(334.60, 0.00, 0.00)
(334.60, 0.00, 0.00)
(334.60, 0.00, 0.00)
(334.60, 0.00, 0.00)
(334.60, 0.00, 0.00)
(334.60, 0.00, 0.00)
(334.60, 0.00, 0.00)
(334.60, 0.00, 0.00)
(334.60, 0.00, 0.00)
(334.60, 0.00, 0.00)
(334.60, 0.00, 0.00)
(334.60, 0.00, 0.00)
(334.60, 0.00, 0.00)
(334.60, 0.00, 0.00)
(334.60, 0.00, 0.00)
(334.60, 0.00, 0.00)
(334.60, 0.00, 0.00)
(334.60, 0.00, 0.00)
(334.60, 0.00, 0.00)
(334.60, 0.00, 0.00)
(334.60, 0.00, 0.00)
(334.60, 0.00, 0.00)
(334.60, 0.00, 0.00)
(334.60, 0.00, 0.00)
(334.60, 0.00, 0.00)
(334.60, 0.00, 0.00)
(334.60, 0.00, 0.00)
(334.60, 0.00, 0.00)
(334.60, 0.00, 0.00)
(334.60, 0.00, 0.00)
(334.60, 0.00, 0.00)
(339.43, 0.00, 0.00)
(339.43, 0.00, 0.00)
(339.43, 0.00, 0.00)
(339.43, 0.00, 0.00)
(339.43, 0.00, 0.00)
(339.43, 0.00, 0.00)
(339.43, 0.00, 0.00)
(339.43, 0.00, 0.00)
(339.43, 0.00, 0.00)
(339.43, 0.00, 0.00)
(339.43, 0.00, 0.00)
(339.43, 0.00, 0.00)
(339.43, 0.00, 0.00)
(339.43, 0.00, 0.00)
(339.43, 0.00, 0.00)
(339.43, 0.00, 0.00)
(339.43, 0.00, 0.00)
(339.43, 0.00, 0.00)
(339.43, 0.00, 0.00)
(339.43, 0.00, 0.00)
(339.43, 0.00, 0.00)
(339.43, 0.00, 0.00)
(339.43, 0.00, 0.00)
(339.43, 0.00, 0.00)
(339.43, 0.00, 0.00)
(339.43, 0.00, 0.00)
(339.43, 0.00, 0.00)
(339.43, 0.00, 0.00)
(339.43, 0.00, 0.00)
(339.43, 0.00, 0.00)
(339.43, 0.00, 0.00)
(350.60, 0.00, 0.00)
(350.60, 0.00, 0.00)
(350.60, 0.00, 0.00)
(350.60, 0.00, 0.00)
(350.60, 0.00, 0.00)
(350.60, 0.00, 0.00)
(350.60, 0.00, 0.00)
(350.60, 0.00, 0.00)
(350.60, 0.00, 0.00)
(350.60, 0.00, 0.00)
(350.60, 0.00, 0.00)
(350.60, 0.00, 0.00)
(350.60, 0.00, 0.00)
(350.60, 0.00, 0.00)
(350.60, 0.00, 0.00)
(339.97, 0.00, 0.00)
(339.97, 0.00, 0.00)
(339.97, 0.00, 0.00)
(339.97, 0.00, 0.00)
(339.97, 0.00, 0.00)
(339.97, 0.00, 0.00)
(339.97, 0.00, 0.00)
(339.97, 0.00, 0.00)
(339.97, 0.00, 0.00)
(339.97, 0.00, 0.00)
(339.97, 0.00, 0.00)
(339.97, 0.00, 0.00)
(339.97, 0.00, 0.00)
(339.97, 0.00, 0.00)
(339.97, 0.00, 0.00)
(339.97, 0.00, 0.00)
(339.97, 0.00, 0.00)
(339.97, 0.00, 0.00)
(339.97, 0.00, 0.00)
(339.97, 0.00, 0.00)
(339.97, 0.00, 0.00)
(339.97, 0.00, 0.00)
(339.97, 0.00, 0.00)
(339.97, 0.00, 0.00)
(339.97, 0.00, 0.00)
(339.97, 0.00, 0.00)
(339.97, 0.00, 0.00)
(339.97, 0.00, 0.00)
(339.97, 0.00, 0.00)
(339.97, 0.00, 0.00)
(340.24, 0.00, 0.00)
(340.24, 0.00, 0.00)
(340.24, 0.00, 0.00)
(340.24, 0.00, 0.00)
(340.24, 0.00, 0.00)
(340.24, 0.00, 0.00)
(340.24, 0.00, 0.00)
(340.24, 0.00, 0.00)
(340.24, 0.00, 0.00)
(340.24, 0.00, 0.00)
(340.24, 0.00, 0.00)
(340.24, 0.00, 0.00)
(340.24, 0.00, 0.00)
(340.24, 0.00, 0.00)
(340.24, 0.00, 0.00)
(341.65, 0.00, 0.00)
(341.65, 0.00, 0.00)
(341.65, 0.00, 0.00)
(341.65, 0.00, 0.00)
(341.65, 0.00, 0.00)
(341.65, 0.00, 0.00)
(341.65, 0.00, 0.00)
(341.65, 0.00, 0.00)
(341.65, 0.00, 0.00)
(341.65, 0.00, 0.00)
(341.65, 0.00, 0.00)
(341.65, 0.00, 0.00)
(341.65, 0.00, 0.00)
(341.65, 0.00, 0.00)
(341.65, 0.00, 0.00)
(341.65, 0.00, 0.00)
(341.65, 0.00, 0.00)
(341.65, 0.00, 0.00)
(341.65, 0.00, 0.00)
(341.65, 0.00, 0.00)
(341.65, 0.00, 0.00)
(341.65, 0.00, 0.00)
(341.65, 0.00, 0.00)
(341.65, 0.00, 0.00)
(341.65, 0.00, 0.00)
(341.65, 0.00, 0.00)
(341.65, 0.00, 0.00)
(341.65, 0.00, 0.00)
(341.65, 0.00, 0.00)
(341.65, 0.00, 0.00)
(341.65, 0.00, 0.00)
(349.78, 0.00, 0.00)
(349.78, 0.00, 0.00)
(349.78, 0.00, 0.00)
(349.78, 0.00, 0.00)
(349.78, 0.00, 0.00)
(349.78, 0.00, 0.00)
(349.78, 0.00, 0.00)
(349.78, 0.00, 0.00)
(349.78, 0.00, 0.00)
(349.78, 0.00, 0.00)
(349.78, 0.00, 0.00)
(349.78, 0.00, 0.00)
(349.78, 0.00, 0.00)
(349.78, 0.00, 0.00)
(349.78, 0.00, 0.00)
(349.78, 0.00, 0.00)
(349.78, 0.00, 0.00)
(349.78, 0.00, 0.00)
(349.78, 0.00, 0.00)
(349.78, 0.00, 0.00)
(349.78, 0.00, 0.00)
(349.78, 0.00, 0.00)
(349.78, 0.00, 0.00)
(349.78, 0.00, 0.00)
(349.78, 0.00, 0.00)
(349.78, 0.00, 0.00)
(349.78, 0.00, 0.00)
(349.78, 0.00, 0.00)
(349.78, 0.00, 0.00)
(349.78, 0.00, 0.00)
(343.60, 0.00, 0.00)
(343.60, 0.00, 0.00)
(343.60, 0.00, 0.00)
(343.60, 0.00, 0.00)
(343.60, 0.00, 0.00)
(343.60, 0.00, 0.00)
(343.60, 0.00, 0.00)
(343.60, 0.00, 0.00)
(343.60, 0.00, 0.00)
(343.60, 0.00, 0.00)
(343.60, 0.00, 0.00)
(343.60, 0.00, 0.00)
(343.60, 0.00, 0.00)
(343.60, 0.00, 0.00)
(343.60, 0.00, 0.00)
(348.89, 0.00, 0.00)
(348.89, 0.00, 0.00)
(348.89, 0.00, 0.00)
(348.89, 0.00, 0.00)
(348.89, 0.00, 0.00)
(348.89, 0.00, 0.00)
(348.89, 0.00, 0.00)
(348.89, 0.00, 0.00)
(348.89, 0.00, 0.00)
(348.89, 0.00, 0.00)
(348.89, 0.00, 0.00)
(348.89, 0.00, 0.00)
(348.89, 0.00, 0.00)
(348.89, 0.00, 0.00)
(348.89, 0.00, 0.00)
(348.89, 0.00, 0.00)
(348.89, 0.00, 0.00)
(348.89, 0.00, 0.00)
(348.89, 0.00, 0.00)
(348.89, 0.00, 0.00)
(348.89, 0.00, 0.00)
(348.89, 0.00, 0.00)
(348.89, 0.00, 0.00)
(348.89, 0.00, 0.00)
(348.89, 0.00, 0.00)
(348.89, 0.00, 0.00)
(348.89, 0.00, 0.00)
(348.89, 0.00, 0.00)
(348.89, 0.00, 0.00)
(348.89, 0.00, 0.00)
(353.17, 0.00, 0.00)
(353.17, 0.00, 0.00)
(353.17, 0.00, 0.00)
(353.17, 0.00, 0.00)
(353.17, 0.00, 0.00)
(353.17, 0.00, 0.00)
(353.17, 0.00, 0.00)
(353.17, 0.00, 0.00)
(353.17, 0.00, 0.00)
(353.17, 0.00, 0.00)
(353.17, 0.00, 0.00)
(353.17, 0.00, 0.00)
(353.17, 0.00, 0.00)
(353.17, 0.00, 0.00)
(353.17, 0.00, 0.00)
(353.17, 0.00, 0.00)
(353.17, 0.00, 0.00)
(353.17, 0.00, 0.00)
(353.17, 0.00, 0.00)
(353.17, 0.00, 0.00)
(353.17, 0.00, 0.00)
(353.17, 0.00, 0.00)
(353.17, 0.00, 0.00)
(353.17, 0.00, 0.00)
(353.17, 0.00, 0.00)
(353.17, 0.00, 0.00)
(353.17, 0.00, 0.00)
(353.17, 0.00, 0.00)
(353.17, 0.00, 0.00)
(353.17, 0.00, 0.00)
(353.17, 0.00, 0.00)
(354.03, 0.00, 0.00)
(354.03, 0.00, 0.00)
(354.03, 0.00, 0.00)
(354.03, 0.00, 0.00)
(354.03, 0.00, 0.00)
(354.03, 0.00, 0.00)
(354.03, 0.00, 0.00)
(354.03, 0.00, 0.00)
(354.03, 0.00, 0.00)
(354.03, 0.00, 0.00)
(354.03, 0.00, 0.00)
(354.03, 0.00, 0.00)
(354.03, 0.00, 0.00)
(354.03, 0.00, 0.00)
(354.03, 0.00, 0.00)
(352.06, 0.00, 0.00)
(352.06, 0.00, 0.00)
(352.06, 0.00, 0.00)
(352.06, 0.00, 0.00)
(352.06, 0.00, 0.00)
(352.06, 0.00, 0.00)
(352.06, 0.00, 0.00)
(352.06, 0.00, 0.00)
(352.06, 0.00, 0.00)
(352.06, 0.00, 0.00)
(352.06, 0.00, 0.00)
(352.06, 0.00, 0.00)
(352.06, 0.00, 0.00)
(352.06, 0.00, 0.00)
(352.06, 0.00, 0.00)
(352.06, 0.00, 0.00)
(352.06, 0.00, 0.00)
(352.06, 0.00, 0.00)
(352.06, 0.00, 0.00)
(352.06, 0.00, 0.00)
(352.06, 0.00, 0.00)
(352.06, 0.00, 0.00)
(352.06, 0.00, 0.00)
(352.06, 0.00, 0.00)
(352.06, 0.00, 0.00)
(352.06, 0.00, 0.00)
(352.06, 0.00, 0.00)
(352.06, 0.00, 0.00)
(352.06, 0.00, 0.00)
(352.06, 0.00, 0.00)
(357.57, 0.00, 0.00)
(357.57, 0.00, 0.00)
(357.57, 0.00, 0.00)
(357.57, 0.00, 0.00)
(357.57, 0.00, 0.00)
(357.57, 0.00, 0.00)
(357.57, 0.00, 0.00)
(357.57, 0.00, 0.00)
(357.57, 0.00, 0.00)
(357.57, 0.00, 0.00)
(357.57, 0.00, 0.00)
(357.57, 0.00, 0.00)
(357.57, 0.00, 0.00)
(357.57, 0.00, 0.00)
(357.57, 0.00, 0.00)
(357.57, 0.00, 0.00)
(357.57, 0.00, 0.00)
(357.57, 0.00, 0.00)
(357.57, 0.00, 0.00)
(357.57, 0.00, 0.00)
(357.57, 0.00, 0.00)
(357.57, 0.00, 0.00)
(357.57, 0.00, 0.00)
(357.57, 0.00, 0.00)
(357.57, 0.00, 0.00)
(357.57, 0.00, 0.00)
(357.57, 0.00, 0.00)
(357.57, 0.00, 0.00)
(357.57, 0.00, 0.00)
(357.57, 0.00, 0.00)
(357.57, 0.00, 0.00)
(357.52, 0.00, 0.00)
(357.52, 0.00, 0.00)
(357.52, 0.00, 0.00)
(357.52, 0.00, 0.00)
(357.52, 0.00, 0.00)
(357.52, 0.00, 0.00)
(357.52, 0.00, 0.00)
(357.52, 0.00, 0.00)
(357.52, 0.00, 0.00)
(357.52, 0.00, 0.00)
(357.52, 0.00, 0.00)
(357.52, 0.00, 0.00)
(357.52, 0.00, 0.00)
(357.52, 0.00, 0.00)
(357.52, 0.00, 0.00)
(0.78, 0.00, 0.00)
(0.78, 0.00, 0.00)
(0.78, 0.00, 0.00)
(0.78, 0.00, 0.00)
(0.78, 0.00, 0.00)
(0.78, 0.00, 0.00)
(0.78, 0.00, 0.00)
(0.78, 0.00, 0.00)
(0.78, 0.00, 0.00)
(0.78, 0.00, 0.00)
(0.78, 0.00, 0.00)
(0.78, 0.00, 0.00)
(0.78, 0.00, 0.00)
(0.78, 0.00, 0.00)
(0.78, 0.00, 0.00)
(0.78, 0.00, 0.00)
(0.78, 0.00, 0.00)
(0.78, 0.00, 0.00)
(0.78, 0.00, 0.00)
(0.78, 0.00, 0.00)
(0.78, 0.00, 0.00)
(0.78, 0.00, 0.00)
(0.78, 0.00, 0.00)
(0.78, 0.00, 0.00)
(0.78, 0.00, 0.00)
(0.78, 0.00, 0.00)
(0.78, 0.00, 0.00)
(0.78, 0.00, 0.00)
(0.78, 0.00, 0.00)
(0.78, 0.00, 0.00)
(2.56, 0.00, 0.00)
(2.56, 0.00, 0.00)
(2.56, 0.00, 0.00)
(2.56, 0.00, 0.00)
(2.56, 0.00, 0.00)
(2.56, 0.00, 0.00)
(2.56, 0.00, 0.00)
(2.56, 0.00, 0.00)
(2.56, 0.00, 0.00)
(2.56, 0.00, 0.00)
(2.56, 0.00, 0.00)
(2.56, 0.00, 0.00)
(2.56, 0.00, 0.00)
(2.56, 0.00, 0.00)
(2.56, 0.00, 0.00)
(2.56, 0.00, 0.00)
(2.56, 0.00, 0.00)
(2.56, 0.00, 0.00)
(2.56, 0.00, 0.00)
(2.56, 0.00, 0.00)
(2.56, 0.00, 0.00)
(2.56, 0.00, 0.00)
(2.56, 0.00, 0.00)
(2.56, 0.00, 0.00)
(2.56, 0.00, 0.00)
(2.56, 0.00, 0.00)
(2.56, 0.00, 0.00)
(2.56, 0.00, 0.00)
(2.56, 0.00, 0.00)
(2.56, 0.00, 0.00)
(2.56, 0.00, 0.00)
(350.50, 0.00, 0.00)
(350.50, 0.00, 0.00)
(350.50, 0.00, 0.00)
(350.50, 0.00, 0.00)
(350.50, 0.00, 0.00)
(350.50, 0.00, 0.00)
(350.50, 0.00, 0.00)
(350.50, 0.00, 0.00)
(350.50, 0.00, 0.00)
(350.50, 0.00, 0.00)
(350.50, 0.00, 0.00)
(350.50, 0.00, 0.00)
(350.50, 0.00, 0.00)
(350.50, 0.00, 0.00)
(350.50, 0.00, 0.00)
(350.50, 0.00, 0.00)
(350.50, 0.00, 0.00)
(350.50, 0.00, 0.00)
(350.50, 0.00, 0.00)
(350.50, 0.00, 0.00)
(350.50, 0.00, 0.00)
(350.50, 0.00, 0.00)
(350.50, 0.00, 0.00)
(350.50, 0.00, 0.00)
(350.50, 0.00, 0.00)
(350.50, 0.00, 0.00)
(350.50, 0.00, 0.00)
(350.50, 0.00, 0.00)
(350.50, 0.00, 0.00)
(350.50, 0.00, 0.00)
(350.15, 0.00, 0.00)
(350.15, 0.00, 0.00)
(350.15, 0.00, 0.00)
(350.15, 0.00, 0.00)
(350.15, 0.00, 0.00)
(350.15, 0.00, 0.00)
(350.15, 0.00, 0.00)
(350.15, 0.00, 0.00)
(350.15, 0.00, 0.00)
(350.15, 0.00, 0.00)
(350.15, 0.00, 0.00)
(350.15, 0.00, 0.00)
(350.15, 0.00, 0.00)
(350.15, 0.00, 0.00)
(350.15, 0.00, 0.00)
(356.08, 0.00, 0.00)
(356.08, 0.00, 0.00)
(356.08, 0.00, 0.00)
(356.08, 0.00, 0.00)
(356.08, 0.00, 0.00)
(356.08, 0.00, 0.00)
(356.08, 0.00, 0.00)
(356.08, 0.00, 0.00)
(356.08, 0.00, 0.00)
(356.08, 0.00, 0.00)
(356.08, 0.00, 0.00)
(356.08, 0.00, 0.00)
(356.08, 0.00, 0.00)
(356.08, 0.00, 0.00)
(356.08, 0.00, 0.00)
(356.08, 0.00, 0.00)
(356.08, 0.00, 0.00)
(356.08, 0.00, 0.00)
(356.08, 0.00, 0.00)
(356.08, 0.00, 0.00)
(356.08, 0.00, 0.00)
(356.08, 0.00, 0.00)
(356.08, 0.00, 0.00)
(356.08, 0.00, 0.00)
(356.08, 0.00, 0.00)
(356.08, 0.00, 0.00)
(356.08, 0.00, 0.00)
(356.08, 0.00, 0.00)
(356.08, 0.00, 0.00)
(356.08, 0.00, 0.00)
(356.08, 0.00, 0.00)
(1.94, 0.00, 0.00)
(1.94, 0.00, 0.00)
(1.94, 0.00, 0.00)
(1.94, 0.00, 0.00)
(1.94, 0.00, 0.00)
(1.94, 0.00, 0.00)
(1.94, 0.00, 0.00)
(1.94, 0.00, 0.00)
(1.94, 0.00, 0.00)
(1.94, 0.00, 0.00)
(1.94, 0.00, 0.00)
(1.94, 0.00, 0.00)
(1.94, 0.00, 0.00)
(1.94, 0.00, 0.00)
(1.94, 0.00, 0.00)
(1.94, 0.00, 0.00)
(1.94, 0.00, 0.00)
(1.94, 0.00, 0.00)
(1.94, 0.00, 0.00)
(1.94, 0.00, 0.00)
(1.94, 0.00, 0.00)
(1.94, 0.00, 0.00)
(1.94, 0.00, 0.00)
(1.94, 0.00, 0.00)
(1.94, 0.00, 0.00)
(1.94, 0.00, 0.00)
(1.94, 0.00, 0.00)
(1.94, 0.00, 0.00)
(1.94, 0.00, 0.00)
(1.94, 0.00, 0.00)
(8.39, 0.00, 0.00)
(8.39, 0.00, 0.00)
(8.39, 0.00, 0.00)
(8.39, 0.00, 0.00)
(8.39, 0.00, 0.00)
(8.39, 0.00, 0.00)
(8.39, 0.00, 0.00)
(8.39, 0.00, 0.00)
(8.39, 0.00, 0.00)
(8.39, 0.00, 0.00)
(8.39, 0.00, 0.00)
(8.39, 0.00, 0.00)
(8.39, 0.00, 0.00)
(8.39, 0.00, 0.00)
(8.39, 0.00, 0.00)
(358.29, 0.00, 0.00)
(358.29, 0.00, 0.00)
(358.29, 0.00, 0.00)
(358.29, 0.00, 0.00)
(358.29, 0.00, 0.00)
(358.29, 0.00, 0.00)
(358.29, 0.00, 0.00)
(358.29, 0.00, 0.00)
(358.29, 0.00, 0.00)
(358.29, 0.00, 0.00)
(358.29, 0.00, 0.00)
(358.29, 0.00, 0.00)
(358.29, 0.00, 0.00)
(358.29, 0.00, 0.00)
(358.29, 0.00, 0.00)
(358.29, 0.00, 0.00)
(358.29, 0.00, 0.00)
(358.29, 0.00, 0.00)
(358.29, 0.00, 0.00)
(358.29, 0.00, 0.00)
(358.29, 0.00, 0.00)
(358.29, 0.00, 0.00)
(358.29, 0.00, 0.00)
(358.29, 0.00, 0.00)
(358.29, 0.00, 0.00)
(358.29, 0.00, 0.00)
(358.29, 0.00, 0.00)
(358.29, 0.00, 0.00)
(358.29, 0.00, 0.00)
(358.29, 0.00, 0.00)
(357.84, 0.00, 0.00)
(357.84, 0.00, 0.00)
(357.84, 0.00, 0.00)
(357.84, 0.00, 0.00)
(357.84, 0.00, 0.00)
(357.84, 0.00, 0.00)
(357.84, 0.00, 0.00)
(357.84, 0.00, 0.00)
(357.84, 0.00, 0.00)
(357.84, 0.00, 0.00)
(357.84, 0.00, 0.00)
(357.84, 0.00, 0.00)
(357.84, 0.00, 0.00)
(357.84, 0.00, 0.00)
(357.84, 0.00, 0.00)
(357.84, 0.00, 0.00)
(357.84, 0.00, 0.00)
(357.84, 0.00, 0.00)
(357.84, 0.00, 0.00)
(357.84, 0.00, 0.00)
(357.84, 0.00, 0.00)
(357.84, 0.00, 0.00)
(357.84, 0.00, 0.00)
(357.84, 0.00, 0.00)
(357.84, 0.00, 0.00)
(357.84, 0.00, 0.00)
(357.84, 0.00, 0.00)
(357.84, 0.00, 0.00)
(357.84, 0.00, 0.00)
(357.84, 0.00, 0.00)
(353.98, 0.00, 0.00)
(353.98, 0.00, 0.00)
(353.98, 0.00, 0.00)
(353.98, 0.00, 0.00)
(353.98, 0.00, 0.00)
(353.98, 0.00, 0.00)
(353.98, 0.00, 0.00)
(353.98, 0.00, 0.00)
(353.98, 0.00, 0.00)
(353.98, 0.00, 0.00)
(353.98, 0.00, 0.00)
(353.98, 0.00, 0.00)
(353.98, 0.00, 0.00)
(353.98, 0.00, 0.00)
(353.98, 0.00, 0.00)
(346.03, 0.00, 0.00)
(346.03, 0.00, 0.00)
(346.03, 0.00, 0.00)
(346.03, 0.00, 0.00)
(346.03, 0.00, 0.00)
(346.03, 0.00, 0.00)
(346.03, 0.00, 0.00)
(346.03, 0.00, 0.00)
(346.03, 0.00, 0.00)
(346.03, 0.00, 0.00)
(346.03, 0.00, 0.00)
(346.03, 0.00, 0.00)
(346.03, 0.00, 0.00)
(346.03, 0.00, 0.00)
(346.03, 0.00, 0.00)
(346.03, 0.00, 0.00)
(346.03, 0.00, 0.00)
(346.03, 0.00, 0.00)
(346.03, 0.00, 0.00)
(346.03, 0.00, 0.00)
(346.03, 0.00, 0.00)
(346.03, 0.00, 0.00)
(346.03, 0.00, 0.00)
(346.03, 0.00, 0.00)
(346.03, 0.00, 0.00)
(346.03, 0.00, 0.00)
(346.03, 0.00, 0.00)
(346.03, 0.00, 0.00)
(346.03, 0.00, 0.00)
(346.03, 0.00, 0.00)
(346.03, 0.00, 0.00)
(322.73, 0.00, 0.00)
(322.73, 0.00, 0.00)
(322.73, 0.00, 0.00)
(322.73, 0.00, 0.00)
(322.73, 0.00, 0.00)
(322.73, 0.00, 0.00)
(322.73, 0.00, 0.00)
(322.73, 0.00, 0.00)
(322.73, 0.00, 0.00)
(322.73, 0.00, 0.00)
(322.73, 0.00, 0.00)
(322.73, 0.00, 0.00)
(322.73, 0.00, 0.00)
(322.73, 0.00, 0.00)
(322.73, 0.00, 0.00)
(322.73, 0.00, 0.00)
(322.73, 0.00, 0.00)
(322.73, 0.00, 0.00)
(322.73, 0.00, 0.00)
(322.73, 0.00, 0.00)
(322.73, 0.00, 0.00)
(322.73, 0.00, 0.00)
(322.73, 0.00, 0.00)
(322.73, 0.00, 0.00)
(322.73, 0.00, 0.00)
(322.73, 0.00, 0.00)
(322.73, 0.00, 0.00)
(322.73, 0.00, 0.00)
(322.73, 0.00, 0.00)
(318.47, 0.00, 0.00)
(318.47, 0.00, 0.00)
(318.47, 0.00, 0.00)
(318.47, 0.00, 0.00)
(318.47, 0.00, 0.00)
(318.47, 0.00, 0.00)
(318.47, 0.00, 0.00)
(318.47, 0.00, 0.00)
(318.47, 0.00, 0.00)
(318.47, 0.00, 0.00)
(318.47, 0.00, 0.00)
(318.47, 0.00, 0.00)
(318.47, 0.00, 0.00)
(318.47, 0.00, 0.00)
(318.47, 0.00, 0.00)
(318.47, 0.00, 0.00)
(313.96, 0.00, 0.00)
(313.96, 0.00, 0.00)
(313.96, 0.00, 0.00)
(313.96, 0.00, 0.00)
(313.96, 0.00, 0.00)
(313.96, 0.00, 0.00)
(313.96, 0.00, 0.00)
(313.96, 0.00, 0.00)
(313.96, 0.00, 0.00)
(313.96, 0.00, 0.00)
(313.96, 0.00, 0.00)
(313.96, 0.00, 0.00)
(313.96, 0.00, 0.00)
(313.96, 0.00, 0.00)
(313.96, 0.00, 0.00)
(313.96, 0.00, 0.00)
(313.96, 0.00, 0.00)
(313.96, 0.00, 0.00)
(313.96, 0.00, 0.00)
(313.96, 0.00, 0.00)
(313.96, 0.00, 0.00)
(313.96, 0.00, 0.00)
(313.96, 0.00, 0.00)
(313.96, 0.00, 0.00)
(313.96, 0.00, 0.00)
(313.96, 0.00, 0.00)
(313.96, 0.00, 0.00)
(313.96, 0.00, 0.00)
(313.96, 0.00, 0.00)
(313.96, 0.00, 0.00)
(313.96, 0.00, 0.00)
(313.96, 0.00, 0.00)
(313.96, 0.00, 0.00)
(313.96, 0.00, 0.00)
(313.96, 0.00, 0.00)
(313.96, 0.00, 0.00)
(313.96, 0.00, 0.00)
(313.96, 0.00, 0.00)
(313.96, 0.00, 0.00)
(313.96, 0.00, 0.00)
(313.96, 0.00, 0.00)
(313.96, 0.00, 0.00)
(313.96, 0.00, 0.00)
(313.96, 0.00, 0.00)
(313.96, 0.00, 0.00)
(307.27, 0.00, 0.00)
(307.27, 0.00, 0.00)
(307.27, 0.00, 0.00)
(307.27, 0.00, 0.00)
(307.27, 0.00, 0.00)
(307.27, 0.00, 0.00)
(307.27, 0.00, 0.00)
(307.27, 0.00, 0.00)
(307.27, 0.00, 0.00)
(307.27, 0.00, 0.00)
(307.27, 0.00, 0.00)
(307.27, 0.00, 0.00)
(307.27, 0.00, 0.00)
(307.27, 0.00, 0.00)
(307.27, 0.00, 0.00)
(292.09, 0.00, 0.00)
(292.09, 0.00, 0.00)
(292.09, 0.00, 0.00)
(292.09, 0.00, 0.00)
(292.09, 0.00, 0.00)
(292.09, 0.00, 0.00)
(292.09, 0.00, 0.00)
(292.09, 0.00, 0.00)
(292.09, 0.00, 0.00)
(292.09, 0.00, 0.00)
(292.09, 0.00, 0.00)
(292.09, 0.00, 0.00)
(292.09, 0.00, 0.00)
(292.09, 0.00, 0.00)
(292.09, 0.00, 0.00)
(292.09, 0.00, 0.00)
(292.09, 0.00, 0.00)
(292.09, 0.00, 0.00)
(292.09, 0.00, 0.00)
(292.09, 0.00, 0.00)
(292.09, 0.00, 0.00)
(292.09, 0.00, 0.00)
(292.09, 0.00, 0.00)
(292.09, 0.00, 0.00)
(292.09, 0.00, 0.00)
(292.09, 0.00, 0.00)
(292.09, 0.00, 0.00)
(292.09, 0.00, 0.00)
(292.09, 0.00, 0.00)
(292.09, 0.00, 0.00)
(289.92, 0.00, 0.00)
(289.92, 0.00, 0.00)
(289.92, 0.00, 0.00)
(289.92, 0.00, 0.00)
(289.92, 0.00, 0.00)
(289.92, 0.00, 0.00)
(289.92, 0.00, 0.00)
(289.92, 0.00, 0.00)
(289.92, 0.00, 0.00)
(289.92, 0.00, 0.00)
(289.92, 0.00, 0.00)
(289.92, 0.00, 0.00)
(289.92, 0.00, 0.00)
(289.92, 0.00, 0.00)
(289.92, 0.00, 0.00)
(290.76, 0.00, 0.00)
(290.76, 0.00, 0.00)
(290.76, 0.00, 0.00)
(290.76, 0.00, 0.00)
(290.76, 0.00, 0.00)
(290.76, 0.00, 0.00)
(290.76, 0.00, 0.00)
(290.76, 0.00, 0.00)
(290.76, 0.00, 0.00)
(290.76, 0.00, 0.00)
(290.76, 0.00, 0.00)
(290.76, 0.00, 0.00)
(290.76, 0.00, 0.00)
(290.76, 0.00, 0.00)
(290.76, 0.00, 0.00)
(290.76, 0.00, 0.00)
(290.76, 0.00, 0.00)
(290.76, 0.00, 0.00)
(290.76, 0.00, 0.00)
(290.76, 0.00, 0.00)
(290.76, 0.00, 0.00)
(290.76, 0.00, 0.00)
(290.76, 0.00, 0.00)
(290.76, 0.00, 0.00)
(290.76, 0.00, 0.00)
(290.76, 0.00, 0.00)
(290.76, 0.00, 0.00)
(290.76, 0.00, 0.00)
(290.76, 0.00, 0.00)
(290.76, 0.00, 0.00)
(293.22, 0.00, 0.00)
(293.22, 0.00, 0.00)
(293.22, 0.00, 0.00)
(293.22, 0.00, 0.00)
(293.22, 0.00, 0.00)
(293.22, 0.00, 0.00)
(293.22, 0.00, 0.00)
(293.22, 0.00, 0.00)
(293.22, 0.00, 0.00)
(293.22, 0.00, 0.00)
(293.22, 0.00, 0.00)
(293.22, 0.00, 0.00)
(293.22, 0.00, 0.00)
(293.22, 0.00, 0.00)
(293.22, 0.00, 0.00)
(293.22, 0.00, 0.00)
(293.22, 0.00, 0.00)
(293.22, 0.00, 0.00)
(293.22, 0.00, 0.00)
(293.22, 0.00, 0.00)
(293.22, 0.00, 0.00)
(293.22, 0.00, 0.00)
(293.22, 0.00, 0.00)
(293.22, 0.00, 0.00)
(293.22, 0.00, 0.00)
(293.22, 0.00, 0.00)
(293.22, 0.00, 0.00)
(293.22, 0.00, 0.00)
(293.22, 0.00, 0.00)
(293.22, 0.00, 0.00)
(294.32, 0.00, 0.00)
(294.32, 0.00, 0.00)
(294.32, 0.00, 0.00)
(294.32, 0.00, 0.00)
(294.32, 0.00, 0.00)
(294.32, 0.00, 0.00)
(294.32, 0.00, 0.00)
(294.32, 0.00, 0.00)
(294.32, 0.00, 0.00)
(294.32, 0.00, 0.00)
(294.32, 0.00, 0.00)
(294.32, 0.00, 0.00)
(294.32, 0.00, 0.00)
(294.32, 0.00, 0.00)
(294.32, 0.00, 0.00)
(294.32, 0.00, 0.00)
(294.32, 0.00, 0.00)
(294.32, 0.00, 0.00)
(294.32, 0.00, 0.00)
(294.32, 0.00, 0.00)
(294.32, 0.00, 0.00)
(294.32, 0.00, 0.00)
(294.32, 0.00, 0.00)
(294.32, 0.00, 0.00)
(294.32, 0.00, 0.00)
(294.32, 0.00, 0.00)
(294.32, 0.00, 0.00)
(294.32, 0.00, 0.00)
(294.32, 0.00, 0.00)
(294.32, 0.00, 0.00)
(292.73, 0.00, 0.00)
(292.73, 0.00, 0.00)
(292.73, 0.00, 0.00)
(292.73, 0.00, 0.00)
(292.73, 0.00, 0.00)
(292.73, 0.00, 0.00)
(292.73, 0.00, 0.00)
(292.73, 0.00, 0.00)
(292.73, 0.00, 0.00)
(292.73, 0.00, 0.00)
(292.73, 0.00, 0.00)
(292.73, 0.00, 0.00)
(292.73, 0.00, 0.00)
(284.77, 0.00, 0.00)
(284.77, 0.00, 0.00)
(284.77, 0.00, 0.00)
(284.77, 0.00, 0.00)
(284.77, 0.00, 0.00)
(284.77, 0.00, 0.00)
(284.77, 0.00, 0.00)
(284.77, 0.00, 0.00)
(284.77, 0.00, 0.00)
(284.77, 0.00, 0.00)
(284.77, 0.00, 0.00)
(284.77, 0.00, 0.00)
(284.77, 0.00, 0.00)
(284.77, 0.00, 0.00)
(284.77, 0.00, 0.00)
(284.77, 0.00, 0.00)
(284.77, 0.00, 0.00)
(284.77, 0.00, 0.00)
(284.77, 0.00, 0.00)
(284.77, 0.00, 0.00)
(284.77, 0.00, 0.00)
(284.77, 0.00, 0.00)
(284.77, 0.00, 0.00)
(284.77, 0.00, 0.00)
(284.77, 0.00, 0.00)
(284.77, 0.00, 0.00)
(284.77, 0.00, 0.00)
(284.77, 0.00, 0.00)
(284.77, 0.00, 0.00)
(282.71, 0.00, 0.00)
(282.71, 0.00, 0.00)
(282.71, 0.00, 0.00)
(282.71, 0.00, 0.00)
(282.71, 0.00, 0.00)
(282.71, 0.00, 0.00)
(282.71, 0.00, 0.00)
(282.71, 0.00, 0.00)
(282.71, 0.00, 0.00)
(282.71, 0.00, 0.00)
(282.71, 0.00, 0.00)
(282.71, 0.00, 0.00)
(282.71, 0.00, 0.00)
(282.71, 0.00, 0.00)
(282.71, 0.00, 0.00)
(277.98, 0.00, 0.00)
(277.98, 0.00, 0.00)
(277.98, 0.00, 0.00)
(277.98, 0.00, 0.00)
(277.98, 0.00, 0.00)
(277.98, 0.00, 0.00)
(277.98, 0.00, 0.00)
(277.98, 0.00, 0.00)
(277.98, 0.00, 0.00)
(277.98, 0.00, 0.00)
(277.98, 0.00, 0.00)
(277.98, 0.00, 0.00)
(277.98, 0.00, 0.00)
(277.98, 0.00, 0.00)
(277.98, 0.00, 0.00)
(277.98, 0.00, 0.00)
(277.98, 0.00, 0.00)
(277.98, 0.00, 0.00)
(277.98, 0.00, 0.00)
(277.98, 0.00, 0.00)
(277.98, 0.00, 0.00)
(277.98, 0.00, 0.00)
(277.98, 0.00, 0.00)
(277.98, 0.00, 0.00)
(277.98, 0.00, 0.00)
(277.98, 0.00, 0.00)
(277.98, 0.00, 0.00)
(277.98, 0.00, 0.00)
(277.98, 0.00, 0.00)
(277.98, 0.00, 0.00)
(277.86, 0.00, 0.00)
(277.86, 0.00, 0.00)
(277.86, 0.00, 0.00)
(277.86, 0.00, 0.00)
(277.86, 0.00, 0.00)
(277.86, 0.00, 0.00)
(277.86, 0.00, 0.00)
(277.86, 0.00, 0.00)
(277.86, 0.00, 0.00)
(277.86, 0.00, 0.00)
(277.86, 0.00, 0.00)
(277.86, 0.00, 0.00)
(277.86, 0.00, 0.00)
(277.86, 0.00, 0.00)
(277.86, 0.00, 0.00)
(277.86, 0.00, 0.00)
(277.86, 0.00, 0.00)
(277.86, 0.00, 0.00)
(277.86, 0.00, 0.00)
(277.86, 0.00, 0.00)
(277.86, 0.00, 0.00)
(277.86, 0.00, 0.00)
(277.86, 0.00, 0.00)
(277.86, 0.00, 0.00)
(277.86, 0.00, 0.00)
(277.86, 0.00, 0.00)
(277.86, 0.00, 0.00)
(277.86, 0.00, 0.00)
(277.86, 0.00, 0.00)
(277.86, 0.00, 0.00)
(277.86, 0.00, 0.00)
(280.34, 0.00, 0.00)
(280.34, 0.00, 0.00)
(280.34, 0.00, 0.00)
(280.34, 0.00, 0.00)
(280.34, 0.00, 0.00)
(280.34, 0.00, 0.00)
(280.34, 0.00, 0.00)
(280.34, 0.00, 0.00)
(280.34, 0.00, 0.00)
(280.34, 0.00, 0.00)
(280.34, 0.00, 0.00)
(280.34, 0.00, 0.00)
(280.34, 0.00, 0.00)
(280.34, 0.00, 0.00)
(280.34, 0.00, 0.00)
(290.53, 0.00, 0.00)
(290.53, 0.00, 0.00)
(290.53, 0.00, 0.00)
(290.53, 0.00, 0.00)
(290.53, 0.00, 0.00)
(290.53, 0.00, 0.00)
(290.53, 0.00, 0.00)
(290.53, 0.00, 0.00)
(290.53, 0.00, 0.00)
(290.53, 0.00, 0.00)
(290.53, 0.00, 0.00)
(290.53, 0.00, 0.00)
(290.53, 0.00, 0.00)
(290.53, 0.00, 0.00)
(290.53, 0.00, 0.00)
(290.53, 0.00, 0.00)
(290.53, 0.00, 0.00)
(290.53, 0.00, 0.00)
(290.53, 0.00, 0.00)
(290.53, 0.00, 0.00)
(290.53, 0.00, 0.00)
(290.53, 0.00, 0.00)
(290.53, 0.00, 0.00)
(290.53, 0.00, 0.00)
(290.53, 0.00, 0.00)
(290.53, 0.00, 0.00)
(290.53, 0.00, 0.00)
(290.53, 0.00, 0.00)
(290.53, 0.00, 0.00)
(290.53, 0.00, 0.00)
(291.40, 0.00, 0.00)
(291.40, 0.00, 0.00)
(291.40, 0.00, 0.00)
(291.40, 0.00, 0.00)
(291.40, 0.00, 0.00)
(291.40, 0.00, 0.00)
(291.40, 0.00, 0.00)
(291.40, 0.00, 0.00)
(291.40, 0.00, 0.00)
(291.40, 0.00, 0.00)
(291.40, 0.00, 0.00)
(291.40, 0.00, 0.00)
(291.40, 0.00, 0.00)
(291.40, 0.00, 0.00)
(291.40, 0.00, 0.00)
(291.40, 0.00, 0.00)
(291.40, 0.00, 0.00)
(291.40, 0.00, 0.00)
(291.40, 0.00, 0.00)
(291.40, 0.00, 0.00)
(291.40, 0.00, 0.00)
(291.40, 0.00, 0.00)
(291.40, 0.00, 0.00)
(291.40, 0.00, 0.00)
(291.40, 0.00, 0.00)
(291.40, 0.00, 0.00)
(291.40, 0.00, 0.00)
(291.40, 0.00, 0.00)
(291.40, 0.00, 0.00)
(291.40, 0.00, 0.00)
(283.51, 0.00, 0.00)
(283.51, 0.00, 0.00)
(283.51, 0.00, 0.00)
(283.51, 0.00, 0.00)
(283.51, 0.00, 0.00)
(283.51, 0.00, 0.00)
(283.51, 0.00, 0.00)
(283.51, 0.00, 0.00)
(283.51, 0.00, 0.00)
(283.51, 0.00, 0.00)
(283.51, 0.00, 0.00)
(283.51, 0.00, 0.00)
(283.51, 0.00, 0.00)
(283.51, 0.00, 0.00)
(283.51, 0.00, 0.00)
(283.51, 0.00, 0.00)
(283.51, 0.00, 0.00)
(283.51, 0.00, 0.00)
(283.51, 0.00, 0.00)
(283.51, 0.00, 0.00)
(283.51, 0.00, 0.00)
(283.51, 0.00, 0.00)
(283.51, 0.00, 0.00)
(283.51, 0.00, 0.00)
(283.51, 0.00, 0.00)
(283.51, 0.00, 0.00)
(283.51, 0.00, 0.00)
(283.51, 0.00, 0.00)
(283.51, 0.00, 0.00)
(283.51, 0.00, 0.00)
(281.38, 0.00, 0.00)
(281.38, 0.00, 0.00)
(281.38, 0.00, 0.00)
(281.38, 0.00, 0.00)
(281.38, 0.00, 0.00)
(281.38, 0.00, 0.00)
(281.38, 0.00, 0.00)
(281.38, 0.00, 0.00)
(281.38, 0.00, 0.00)
(281.38, 0.00, 0.00)
(281.38, 0.00, 0.00)
(281.38, 0.00, 0.00)
(281.38, 0.00, 0.00)
(281.38, 0.00, 0.00)
(281.38, 0.00, 0.00)
(281.38, 0.00, 0.00)
(281.38, 0.00, 0.00)
(281.38, 0.00, 0.00)
(281.38, 0.00, 0.00)
(281.38, 0.00, 0.00)
(281.38, 0.00, 0.00)
(281.38, 0.00, 0.00)
(281.38, 0.00, 0.00)
(281.38, 0.00, 0.00)
(281.38, 0.00, 0.00)
(281.38, 0.00, 0.00)
(281.38, 0.00, 0.00)
(281.38, 0.00, 0.00)
(281.38, 0.00, 0.00)
(281.38, 0.00, 0.00)
(288.07, 0.00, 0.00)
(288.07, 0.00, 0.00)
(288.07, 0.00, 0.00)
(288.07, 0.00, 0.00)
(288.07, 0.00, 0.00)
(288.07, 0.00, 0.00)
(288.07, 0.00, 0.00)
(288.07, 0.00, 0.00)
(288.07, 0.00, 0.00)
(288.07, 0.00, 0.00)
(288.07, 0.00, 0.00)
(288.07, 0.00, 0.00)
(288.07, 0.00, 0.00)
(288.07, 0.00, 0.00)
(288.07, 0.00, 0.00)
(283.85, 0.00, 0.00)
(283.85, 0.00, 0.00)
(283.85, 0.00, 0.00)
(283.85, 0.00, 0.00)
(283.85, 0.00, 0.00)
(283.85, 0.00, 0.00)
(283.85, 0.00, 0.00)
(283.85, 0.00, 0.00)
(283.85, 0.00, 0.00)
(283.85, 0.00, 0.00)
(283.85, 0.00, 0.00)
(283.85, 0.00, 0.00)
(283.85, 0.00, 0.00)
(283.85, 0.00, 0.00)
(283.85, 0.00, 0.00)
(283.85, 0.00, 0.00)
(283.85, 0.00, 0.00)
(283.85, 0.00, 0.00)
(283.85, 0.00, 0.00)
(283.85, 0.00, 0.00)
(283.85, 0.00, 0.00)
(283.85, 0.00, 0.00)
(283.85, 0.00, 0.00)
(283.85, 0.00, 0.00)
(283.85, 0.00, 0.00)
(283.85, 0.00, 0.00)
(283.85, 0.00, 0.00)
(283.85, 0.00, 0.00)
(283.85, 0.00, 0.00)
(283.85, 0.00, 0.00)
(275.53, 0.00, 0.00)
(275.53, 0.00, 0.00)
(275.53, 0.00, 0.00)
(275.53, 0.00, 0.00)
(275.53, 0.00, 0.00)
(275.53, 0.00, 0.00)
(275.53, 0.00, 0.00)
(275.53, 0.00, 0.00)
(275.53, 0.00, 0.00)
(275.53, 0.00, 0.00)
(275.53, 0.00, 0.00)
(275.53, 0.00, 0.00)
(275.53, 0.00, 0.00)
(275.53, 0.00, 0.00)
(275.53, 0.00, 0.00)
(277.22, 0.00, 0.00)
(277.22, 0.00, 0.00)
(277.22, 0.00, 0.00)
(277.22, 0.00, 0.00)
(277.22, 0.00, 0.00)
(277.22, 0.00, 0.00)
(277.22, 0.00, 0.00)
(277.22, 0.00, 0.00)
(277.22, 0.00, 0.00)
(277.22, 0.00, 0.00)
(277.22, 0.00, 0.00)
(277.22, 0.00, 0.00)
(277.22, 0.00, 0.00)
(277.22, 0.00, 0.00)
(277.22, 0.00, 0.00)
(277.22, 0.00, 0.00)
(277.22, 0.00, 0.00)
(277.22, 0.00, 0.00)
(277.22, 0.00, 0.00)
(277.22, 0.00, 0.00)
(277.22, 0.00, 0.00)
(277.22, 0.00, 0.00)
(277.22, 0.00, 0.00)
(277.22, 0.00, 0.00)
(277.22, 0.00, 0.00)
(277.22, 0.00, 0.00)
(277.22, 0.00, 0.00)
(277.22, 0.00, 0.00)
(277.22, 0.00, 0.00)
(277.22, 0.00, 0.00)
(282.26, 0.00, 0.00)
(282.26, 0.00, 0.00)
(282.26, 0.00, 0.00)
(282.26, 0.00, 0.00)
(282.26, 0.00, 0.00)
(282.26, 0.00, 0.00)
(282.26, 0.00, 0.00)
(282.26, 0.00, 0.00)
(282.26, 0.00, 0.00)
(282.26, 0.00, 0.00)
(282.26, 0.00, 0.00)
(282.26, 0.00, 0.00)
(282.26, 0.00, 0.00)
(282.26, 0.00, 0.00)
(282.26, 0.00, 0.00)
(282.26, 0.00, 0.00)
(282.26, 0.00, 0.00)
(282.26, 0.00, 0.00)
(282.26, 0.00, 0.00)
(282.26, 0.00, 0.00)
(282.26, 0.00, 0.00)
(282.26, 0.00, 0.00)
(282.26, 0.00, 0.00)
(282.26, 0.00, 0.00)
(282.26, 0.00, 0.00)
(282.26, 0.00, 0.00)
(282.26, 0.00, 0.00)
(282.26, 0.00, 0.00)
(282.26, 0.00, 0.00)
(282.26, 0.00, 0.00)
(282.26, 0.00, 0.00)
(276.95, 0.00, 0.00)
(276.95, 0.00, 0.00)
(276.95, 0.00, 0.00)
(276.95, 0.00, 0.00)
(276.95, 0.00, 0.00)
(276.95, 0.00, 0.00)
(276.95, 0.00, 0.00)
(276.95, 0.00, 0.00)
(276.95, 0.00, 0.00)
(276.95, 0.00, 0.00)
(276.95, 0.00, 0.00)
(276.95, 0.00, 0.00)
(276.95, 0.00, 0.00)
(276.95, 0.00, 0.00)
(276.95, 0.00, 0.00)
(278.02, 0.00, 0.00)
(278.02, 0.00, 0.00)
(278.02, 0.00, 0.00)
(278.02, 0.00, 0.00)
(278.02, 0.00, 0.00)
(278.02, 0.00, 0.00)
(278.02, 0.00, 0.00)
(278.02, 0.00, 0.00)
(278.02, 0.00, 0.00)
(278.02, 0.00, 0.00)
(278.02, 0.00, 0.00)
(278.02, 0.00, 0.00)
(278.02, 0.00, 0.00)
(278.02, 0.00, 0.00)
(278.02, 0.00, 0.00)
(278.02, 0.00, 0.00)
(278.02, 0.00, 0.00)
(278.02, 0.00, 0.00)
(278.02, 0.00, 0.00)
(278.02, 0.00, 0.00)
(278.02, 0.00, 0.00)
(278.02, 0.00, 0.00)
(278.02, 0.00, 0.00)
(278.02, 0.00, 0.00)
(278.02, 0.00, 0.00)
(278.02, 0.00, 0.00)
(278.02, 0.00, 0.00)
(278.02, 0.00, 0.00)
(278.02, 0.00, 0.00)
(278.02, 0.00, 0.00)
(295.87, 0.00, 0.00)
(295.87, 0.00, 0.00)
(295.87, 0.00, 0.00)
(295.87, 0.00, 0.00)
(295.87, 0.00, 0.00)
(295.87, 0.00, 0.00)
(295.87, 0.00, 0.00)
(295.87, 0.00, 0.00)
(295.87, 0.00, 0.00)
(295.87, 0.00, 0.00)
(295.87, 0.00, 0.00)
(295.87, 0.00, 0.00)
(295.87, 0.00, 0.00)
(295.87, 0.00, 0.00)
(295.87, 0.00, 0.00)
(295.87, 0.00, 0.00)
(295.87, 0.00, 0.00)
(295.87, 0.00, 0.00)
(295.87, 0.00, 0.00)
(295.87, 0.00, 0.00)
(295.87, 0.00, 0.00)
(295.87, 0.00, 0.00)
(295.87, 0.00, 0.00)
(295.87, 0.00, 0.00)
(295.87, 0.00, 0.00)
(295.87, 0.00, 0.00)
(295.87, 0.00, 0.00)
(295.87, 0.00, 0.00)
(295.87, 0.00, 0.00)
(295.87, 0.00, 0.00)
(287.24, 0.00, 0.00)
(287.24, 0.00, 0.00)
(287.24, 0.00, 0.00)
(287.24, 0.00, 0.00)
(287.24, 0.00, 0.00)
(287.24, 0.00, 0.00)
(287.24, 0.00, 0.00)
(287.24, 0.00, 0.00)
(287.24, 0.00, 0.00)
(287.24, 0.00, 0.00)
(287.24, 0.00, 0.00)
(287.24, 0.00, 0.00)
(287.24, 0.00, 0.00)
(287.24, 0.00, 0.00)
(282.70, 0.00, 0.00)
(282.70, 0.00, 0.00)
(282.70, 0.00, 0.00)
(282.70, 0.00, 0.00)
(282.70, 0.00, 0.00)
(282.70, 0.00, 0.00)
(282.70, 0.00, 0.00)
(282.70, 0.00, 0.00)
(282.70, 0.00, 0.00)
(282.70, 0.00, 0.00)
(282.70, 0.00, 0.00)
(282.70, 0.00, 0.00)
(282.70, 0.00, 0.00)
(282.70, 0.00, 0.00)
(282.70, 0.00, 0.00)
(282.70, 0.00, 0.00)
(282.70, 0.00, 0.00)
(282.70, 0.00, 0.00)
(282.70, 0.00, 0.00)
(282.70, 0.00, 0.00)
(282.70, 0.00, 0.00)
(282.70, 0.00, 0.00)
(282.70, 0.00, 0.00)
(282.70, 0.00, 0.00)
(282.70, 0.00, 0.00)
(282.70, 0.00, 0.00)
(282.70, 0.00, 0.00)
(282.70, 0.00, 0.00)
(282.70, 0.00, 0.00)
(282.70, 0.00, 0.00)
(283.93, 0.00, 0.00)
(283.93, 0.00, 0.00)
(283.93, 0.00, 0.00)
(283.93, 0.00, 0.00)
(283.93, 0.00, 0.00)
(283.93, 0.00, 0.00)
(283.93, 0.00, 0.00)
(283.93, 0.00, 0.00)
(283.93, 0.00, 0.00)
(283.93, 0.00, 0.00)
(283.93, 0.00, 0.00)
(283.93, 0.00, 0.00)
(283.93, 0.00, 0.00)
(283.93, 0.00, 0.00)
(283.93, 0.00, 0.00)
(283.93, 0.00, 0.00)
(283.93, 0.00, 0.00)
(283.93, 0.00, 0.00)
(283.93, 0.00, 0.00)
(283.93, 0.00, 0.00)
(283.93, 0.00, 0.00)
(283.93, 0.00, 0.00)
(283.93, 0.00, 0.00)
(283.93, 0.00, 0.00)
(283.93, 0.00, 0.00)
(283.93, 0.00, 0.00)
(283.93, 0.00, 0.00)
(283.93, 0.00, 0.00)
(283.93, 0.00, 0.00)
(283.93, 0.00, 0.00)
(291.83, 0.00, 0.00)
(291.83, 0.00, 0.00)
(291.83, 0.00, 0.00)
(291.83, 0.00, 0.00)
(291.83, 0.00, 0.00)
(291.83, 0.00, 0.00)
(291.83, 0.00, 0.00)
(291.83, 0.00, 0.00)
(291.83, 0.00, 0.00)
(291.83, 0.00, 0.00)
(291.83, 0.00, 0.00)
(291.83, 0.00, 0.00)
(291.83, 0.00, 0.00)
(291.83, 0.00, 0.00)
(291.83, 0.00, 0.00)
(291.83, 0.00, 0.00)
(291.83, 0.00, 0.00)
(291.83, 0.00, 0.00)
(291.83, 0.00, 0.00)
(291.83, 0.00, 0.00)
(291.83, 0.00, 0.00)
(291.83, 0.00, 0.00)
(291.83, 0.00, 0.00)
(291.83, 0.00, 0.00)
(291.83, 0.00, 0.00)
(291.83, 0.00, 0.00)
(291.83, 0.00, 0.00)
(291.83, 0.00, 0.00)
(291.83, 0.00, 0.00)
(291.83, 0.00, 0.00)
(303.33, 0.00, 0.00)
(303.33, 0.00, 0.00)
(303.33, 0.00, 0.00)
(303.33, 0.00, 0.00)
(303.33, 0.00, 0.00)
(303.33, 0.00, 0.00)
(303.33, 0.00, 0.00)
(303.33, 0.00, 0.00)
(303.33, 0.00, 0.00)
(303.33, 0.00, 0.00)
(303.33, 0.00, 0.00)
(303.33, 0.00, 0.00)
(303.33, 0.00, 0.00)
(303.33, 0.00, 0.00)
(303.33, 0.00, 0.00)
(303.33, 0.00, 0.00)
(303.33, 0.00, 0.00)
(303.33, 0.00, 0.00)
(303.33, 0.00, 0.00)
(303.33, 0.00, 0.00)
(303.33, 0.00, 0.00)
(303.33, 0.00, 0.00)
(303.33, 0.00, 0.00)
(303.33, 0.00, 0.00)
(303.33, 0.00, 0.00)
(303.33, 0.00, 0.00)
(303.33, 0.00, 0.00)
(303.33, 0.00, 0.00)
(303.33, 0.00, 0.00)
(303.33, 0.00, 0.00)
(303.33, 0.00, 0.00)
(303.33, 0.00, 0.00)
(303.33, 0.00, 0.00)
(303.33, 0.00, 0.00)
(303.33, 0.00, 0.00)
(303.33, 0.00, 0.00)
(303.33, 0.00, 0.00)
(303.33, 0.00, 0.00)
(303.33, 0.00, 0.00)
(303.33, 0.00, 0.00)
(303.33, 0.00, 0.00)
(303.33, 0.00, 0.00)
(303.33, 0.00, 0.00)
(303.33, 0.00, 0.00)
(303.33, 0.00, 0.00)
(288.48, 0.00, 0.00)
(288.48, 0.00, 0.00)
(288.48, 0.00, 0.00)
(288.48, 0.00, 0.00)
(288.48, 0.00, 0.00)
(288.48, 0.00, 0.00)
(288.48, 0.00, 0.00)
(288.48, 0.00, 0.00)
(288.48, 0.00, 0.00)
(288.48, 0.00, 0.00)
(288.48, 0.00, 0.00)
(288.48, 0.00, 0.00)
(288.48, 0.00, 0.00)
(288.48, 0.00, 0.00)
(288.48, 0.00, 0.00)
(288.48, 0.00, 0.00)
(288.48, 0.00, 0.00)
(288.48, 0.00, 0.00)
(288.48, 0.00, 0.00)
(288.48, 0.00, 0.00)
(288.48, 0.00, 0.00)
(288.48, 0.00, 0.00)
(288.48, 0.00, 0.00)
(288.48, 0.00, 0.00)
(288.48, 0.00, 0.00)
(288.48, 0.00, 0.00)
(288.48, 0.00, 0.00)
(288.48, 0.00, 0.00)
(288.48, 0.00, 0.00)
(288.48, 0.00, 0.00)
(294.66, 0.00, 0.00)
(294.66, 0.00, 0.00)
(294.66, 0.00, 0.00)
(294.66, 0.00, 0.00)
(294.66, 0.00, 0.00)
(294.66, 0.00, 0.00)
(294.66, 0.00, 0.00)
(294.66, 0.00, 0.00)
(294.66, 0.00, 0.00)
(294.66, 0.00, 0.00)
(294.66, 0.00, 0.00)
(294.66, 0.00, 0.00)
(294.66, 0.00, 0.00)
(294.66, 0.00, 0.00)
(293.08, 0.00, 0.00)
(293.08, 0.00, 0.00)
(293.08, 0.00, 0.00)
(293.08, 0.00, 0.00)
(293.08, 0.00, 0.00)
(293.08, 0.00, 0.00)
(293.08, 0.00, 0.00)
(293.08, 0.00, 0.00)
(293.08, 0.00, 0.00)
(293.08, 0.00, 0.00)
(293.08, 0.00, 0.00)
(293.08, 0.00, 0.00)
(293.08, 0.00, 0.00)
(293.08, 0.00, 0.00)
(293.08, 0.00, 0.00)
(293.08, 0.00, 0.00)
(293.08, 0.00, 0.00)
(293.08, 0.00, 0.00)
(293.08, 0.00, 0.00)
(293.08, 0.00, 0.00)
(293.08, 0.00, 0.00)
(293.08, 0.00, 0.00)
(293.08, 0.00, 0.00)
(293.08, 0.00, 0.00)
(293.08, 0.00, 0.00)
(293.08, 0.00, 0.00)
(293.08, 0.00, 0.00)
(293.08, 0.00, 0.00)
(293.08, 0.00, 0.00)
(293.08, 0.00, 0.00)
(293.08, 0.00, 0.00)
(292.96, 0.00, 0.00)
(292.96, 0.00, 0.00)
(292.96, 0.00, 0.00)
(292.96, 0.00, 0.00)
(292.96, 0.00, 0.00)
(292.96, 0.00, 0.00)
(292.96, 0.00, 0.00)
(292.96, 0.00, 0.00)
(292.96, 0.00, 0.00)
(292.96, 0.00, 0.00)
(292.96, 0.00, 0.00)
(292.96, 0.00, 0.00)
(292.96, 0.00, 0.00)
(292.96, 0.00, 0.00)
(292.96, 0.00, 0.00)
(292.96, 0.00, 0.00)
(292.96, 0.00, 0.00)
(292.96, 0.00, 0.00)
(292.96, 0.00, 0.00)
(292.96, 0.00, 0.00)
(292.96, 0.00, 0.00)
(292.96, 0.00, 0.00)
(292.96, 0.00, 0.00)
(292.96, 0.00, 0.00)
(292.96, 0.00, 0.00)
(292.96, 0.00, 0.00)
(292.96, 0.00, 0.00)
(292.96, 0.00, 0.00)
(292.96, 0.00, 0.00)
(292.96, 0.00, 0.00)
(287.67, 0.00, 0.00)
(287.67, 0.00, 0.00)
(287.67, 0.00, 0.00)
(287.67, 0.00, 0.00)
(287.67, 0.00, 0.00)
(287.67, 0.00, 0.00)
(287.67, 0.00, 0.00)
(287.67, 0.00, 0.00)
(287.67, 0.00, 0.00)
(287.67, 0.00, 0.00)
(287.67, 0.00, 0.00)
(287.67, 0.00, 0.00)
(287.67, 0.00, 0.00)
(287.67, 0.00, 0.00)
(287.67, 0.00, 0.00)
(292.99, 0.00, 0.00)
(292.99, 0.00, 0.00)
(292.99, 0.00, 0.00)
(292.99, 0.00, 0.00)
(292.99, 0.00, 0.00)
(292.99, 0.00, 0.00)
(292.99, 0.00, 0.00)
(292.99, 0.00, 0.00)
(292.99, 0.00, 0.00)
(292.99, 0.00, 0.00)
(292.99, 0.00, 0.00)
(292.99, 0.00, 0.00)
(292.99, 0.00, 0.00)
(292.99, 0.00, 0.00)
(292.99, 0.00, 0.00)
(292.99, 0.00, 0.00)
(292.99, 0.00, 0.00)
(292.99, 0.00, 0.00)
(292.99, 0.00, 0.00)
(292.99, 0.00, 0.00)
(292.99, 0.00, 0.00)
(292.99, 0.00, 0.00)
(292.99, 0.00, 0.00)
(292.99, 0.00, 0.00)
(292.99, 0.00, 0.00)
(292.99, 0.00, 0.00)
(292.99, 0.00, 0.00)
(292.99, 0.00, 0.00)
(292.99, 0.00, 0.00)
(292.99, 0.00, 0.00)
(279.34, 0.00, 0.00)
(279.34, 0.00, 0.00)
(279.34, 0.00, 0.00)
(279.34, 0.00, 0.00)
(279.34, 0.00, 0.00)
(279.34, 0.00, 0.00)
(279.34, 0.00, 0.00)
(279.34, 0.00, 0.00)
(279.34, 0.00, 0.00)
(279.34, 0.00, 0.00)
(279.34, 0.00, 0.00)
(279.34, 0.00, 0.00)
(279.34, 0.00, 0.00)
(279.34, 0.00, 0.00)
(279.34, 0.00, 0.00)
(279.34, 0.00, 0.00)
(279.34, 0.00, 0.00)
(279.34, 0.00, 0.00)
(279.34, 0.00, 0.00)
(279.34, 0.00, 0.00)
(279.34, 0.00, 0.00)
(279.34, 0.00, 0.00)
(279.34, 0.00, 0.00)
(279.34, 0.00, 0.00)
(279.34, 0.00, 0.00)
(279.34, 0.00, 0.00)
(279.34, 0.00, 0.00)
(279.34, 0.00, 0.00)
(279.34, 0.00, 0.00)
(286.91, 0.00, 0.00)
(286.91, 0.00, 0.00)
(286.91, 0.00, 0.00)
(286.91, 0.00, 0.00)
(286.91, 0.00, 0.00)
(286.91, 0.00, 0.00)
(286.91, 0.00, 0.00)
(286.91, 0.00, 0.00)
(286.91, 0.00, 0.00)
(286.91, 0.00, 0.00)
(286.91, 0.00, 0.00)
(286.91, 0.00, 0.00)
(286.91, 0.00, 0.00)
(286.91, 0.00, 0.00)
(286.91, 0.00, 0.00)
(286.91, 0.00, 0.00)
(287.68, 0.00, 0.00)
(287.68, 0.00, 0.00)
(287.68, 0.00, 0.00)
(287.68, 0.00, 0.00)
(287.68, 0.00, 0.00)
(287.68, 0.00, 0.00)
(287.68, 0.00, 0.00)
(287.68, 0.00, 0.00)
(287.68, 0.00, 0.00)
(287.68, 0.00, 0.00)
(287.68, 0.00, 0.00)
(287.68, 0.00, 0.00)
(287.68, 0.00, 0.00)
(287.68, 0.00, 0.00)
(287.68, 0.00, 0.00)
(287.68, 0.00, 0.00)
(287.68, 0.00, 0.00)
(287.68, 0.00, 0.00)
(287.68, 0.00, 0.00)
(287.68, 0.00, 0.00)
(287.68, 0.00, 0.00)
(287.68, 0.00, 0.00)
(287.68, 0.00, 0.00)
(287.68, 0.00, 0.00)
(287.68, 0.00, 0.00)
(287.68, 0.00, 0.00)
(287.68, 0.00, 0.00)
(287.68, 0.00, 0.00)
(287.68, 0.00, 0.00)
(287.68, 0.00, 0.00)
(285.54, 0.00, 0.00)
(285.54, 0.00, 0.00)
(285.54, 0.00, 0.00)
(285.54, 0.00, 0.00)
(285.54, 0.00, 0.00)
(285.54, 0.00, 0.00)
(285.54, 0.00, 0.00)
(285.54, 0.00, 0.00)
(285.54, 0.00, 0.00)
(285.54, 0.00, 0.00)
(285.54, 0.00, 0.00)
(285.54, 0.00, 0.00)
(285.54, 0.00, 0.00)
(285.54, 0.00, 0.00)
(285.54, 0.00, 0.00)
(285.54, 0.00, 0.00)
(285.54, 0.00, 0.00)
(285.54, 0.00, 0.00)
(285.54, 0.00, 0.00)
(285.54, 0.00, 0.00)
(285.54, 0.00, 0.00)
(285.54, 0.00, 0.00)
(285.54, 0.00, 0.00)
(285.54, 0.00, 0.00)
(285.54, 0.00, 0.00)
(285.54, 0.00, 0.00)
(285.54, 0.00, 0.00)
(285.54, 0.00, 0.00)
(285.54, 0.00, 0.00)
(284.51, 0.00, 0.00)
(284.51, 0.00, 0.00)
(284.51, 0.00, 0.00)
(284.51, 0.00, 0.00)
(284.51, 0.00, 0.00)
(284.51, 0.00, 0.00)
(284.51, 0.00, 0.00)
(284.51, 0.00, 0.00)
(284.51, 0.00, 0.00)
(284.51, 0.00, 0.00)
(284.51, 0.00, 0.00)
(284.51, 0.00, 0.00)
(284.51, 0.00, 0.00)
(284.51, 0.00, 0.00)
(284.51, 0.00, 0.00)
(284.51, 0.00, 0.00)
(284.51, 0.00, 0.00)
(284.51, 0.00, 0.00)
(284.51, 0.00, 0.00)
(284.51, 0.00, 0.00)
(284.51, 0.00, 0.00)
(284.51, 0.00, 0.00)
(284.51, 0.00, 0.00)
(284.51, 0.00, 0.00)
(284.51, 0.00, 0.00)
(284.51, 0.00, 0.00)
(284.51, 0.00, 0.00)
(284.51, 0.00, 0.00)
(284.51, 0.00, 0.00)
(284.51, 0.00, 0.00)
(284.51, 0.00, 0.00)
(284.51, 0.00, 0.00)
(284.51, 0.00, 0.00)
(284.51, 0.00, 0.00)
(284.51, 0.00, 0.00)
(284.51, 0.00, 0.00)
(284.51, 0.00, 0.00)
(284.51, 0.00, 0.00)
(284.51, 0.00, 0.00)
(284.51, 0.00, 0.00)
(284.51, 0.00, 0.00)
(284.51, 0.00, 0.00)
(284.51, 0.00, 0.00)
(284.51, 0.00, 0.00)
(284.51, 0.00, 0.00)
(284.51, 0.00, 0.00)
(280.45, 0.00, 0.00)
(280.45, 0.00, 0.00)
(280.45, 0.00, 0.00)
(280.45, 0.00, 0.00)
(280.45, 0.00, 0.00)
(280.45, 0.00, 0.00)
(280.45, 0.00, 0.00)
(280.45, 0.00, 0.00)
(280.45, 0.00, 0.00)
(280.45, 0.00, 0.00)
(280.45, 0.00, 0.00)
(280.45, 0.00, 0.00)
(280.45, 0.00, 0.00)
(280.45, 0.00, 0.00)
(280.45, 0.00, 0.00)
(280.45, 0.00, 0.00)
(280.45, 0.00, 0.00)
(280.45, 0.00, 0.00)
(280.45, 0.00, 0.00)
(280.45, 0.00, 0.00)
(280.45, 0.00, 0.00)
(280.45, 0.00, 0.00)
(280.45, 0.00, 0.00)
(280.45, 0.00, 0.00)
(280.45, 0.00, 0.00)
(280.45, 0.00, 0.00)
(280.45, 0.00, 0.00)
(280.45, 0.00, 0.00)
(280.45, 0.00, 0.00)
(285.61, 0.00, 0.00)
(285.61, 0.00, 0.00)
(285.61, 0.00, 0.00)
(285.61, 0.00, 0.00)
(285.61, 0.00, 0.00)
(285.61, 0.00, 0.00)
(285.61, 0.00, 0.00)
(285.61, 0.00, 0.00)
(285.61, 0.00, 0.00)
(285.61, 0.00, 0.00)
(285.61, 0.00, 0.00)
(285.61, 0.00, 0.00)
(285.61, 0.00, 0.00)
(285.61, 0.00, 0.00)
(285.61, 0.00, 0.00)
(285.61, 0.00, 0.00)
(285.61, 0.00, 0.00)
(285.61, 0.00, 0.00)
(285.61, 0.00, 0.00)
(285.61, 0.00, 0.00)
(285.61, 0.00, 0.00)
(285.61, 0.00, 0.00)
(285.61, 0.00, 0.00)
(285.61, 0.00, 0.00)
(285.61, 0.00, 0.00)
(285.61, 0.00, 0.00)
(285.61, 0.00, 0.00)
(285.61, 0.00, 0.00)
(285.61, 0.00, 0.00)
(285.61, 0.00, 0.00)
(285.61, 0.00, 0.00)
(282.51, 0.00, 0.00)
(282.51, 0.00, 0.00)
(282.51, 0.00, 0.00)
(282.51, 0.00, 0.00)
(282.51, 0.00, 0.00)
(282.51, 0.00, 0.00)
(282.51, 0.00, 0.00)
(282.51, 0.00, 0.00)
(282.51, 0.00, 0.00)
(282.51, 0.00, 0.00)
(282.51, 0.00, 0.00)
(282.51, 0.00, 0.00)
(282.51, 0.00, 0.00)
(282.51, 0.00, 0.00)
(282.51, 0.00, 0.00)
(282.51, 0.00, 0.00)
(282.51, 0.00, 0.00)
(282.51, 0.00, 0.00)
(282.51, 0.00, 0.00)
(282.51, 0.00, 0.00)
(282.51, 0.00, 0.00)
(282.51, 0.00, 0.00)
(282.51, 0.00, 0.00)
(282.51, 0.00, 0.00)
(282.51, 0.00, 0.00)
(282.51, 0.00, 0.00)
(282.51, 0.00, 0.00)
(282.51, 0.00, 0.00)
(282.51, 0.00, 0.00)
(282.51, 0.00, 0.00)
(276.69, 0.00, 0.00)
(276.69, 0.00, 0.00)
(276.69, 0.00, 0.00)
(276.69, 0.00, 0.00)
(276.69, 0.00, 0.00)
(276.69, 0.00, 0.00)
(276.69, 0.00, 0.00)
(276.69, 0.00, 0.00)
(276.69, 0.00, 0.00)
(276.69, 0.00, 0.00)
(276.69, 0.00, 0.00)
(276.69, 0.00, 0.00)
(276.69, 0.00, 0.00)
(276.69, 0.00, 0.00)
(276.69, 0.00, 0.00)
(277.85, 0.00, 0.00)
(277.85, 0.00, 0.00)
(277.85, 0.00, 0.00)
(277.85, 0.00, 0.00)
(277.85, 0.00, 0.00)
(277.85, 0.00, 0.00)
(277.85, 0.00, 0.00)
(277.85, 0.00, 0.00)
(277.85, 0.00, 0.00)
(277.85, 0.00, 0.00)
(277.85, 0.00, 0.00)
(277.85, 0.00, 0.00)
(277.85, 0.00, 0.00)
(277.85, 0.00, 0.00)
(277.85, 0.00, 0.00)
(277.85, 0.00, 0.00)
(277.85, 0.00, 0.00)
(277.85, 0.00, 0.00)
(277.85, 0.00, 0.00)
(277.85, 0.00, 0.00)
(277.85, 0.00, 0.00)
(277.85, 0.00, 0.00)
(277.85, 0.00, 0.00)
(277.85, 0.00, 0.00)
(277.85, 0.00, 0.00)
(277.85, 0.00, 0.00)
(277.85, 0.00, 0.00)
(277.85, 0.00, 0.00)
(277.85, 0.00, 0.00)
(277.85, 0.00, 0.00)
(276.53, 0.00, 0.00)
(276.53, 0.00, 0.00)
(276.53, 0.00, 0.00)
(276.53, 0.00, 0.00)
(276.53, 0.00, 0.00)
(276.53, 0.00, 0.00)
(276.53, 0.00, 0.00)
(276.53, 0.00, 0.00)
(276.53, 0.00, 0.00)
(276.53, 0.00, 0.00)
(276.53, 0.00, 0.00)
(276.53, 0.00, 0.00)
(276.53, 0.00, 0.00)
(276.53, 0.00, 0.00)
(276.53, 0.00, 0.00)
(286.26, 0.00, 0.00)
(286.26, 0.00, 0.00)
(286.26, 0.00, 0.00)
(286.26, 0.00, 0.00)
(286.26, 0.00, 0.00)
(286.26, 0.00, 0.00)
(286.26, 0.00, 0.00)
(286.26, 0.00, 0.00)
(286.26, 0.00, 0.00)
(286.26, 0.00, 0.00)
(286.26, 0.00, 0.00)
(286.26, 0.00, 0.00)
(286.26, 0.00, 0.00)
(286.26, 0.00, 0.00)
(286.26, 0.00, 0.00)
(286.26, 0.00, 0.00)
(286.26, 0.00, 0.00)
(286.26, 0.00, 0.00)
(286.26, 0.00, 0.00)
(286.26, 0.00, 0.00)
(286.26, 0.00, 0.00)
(286.26, 0.00, 0.00)
(286.26, 0.00, 0.00)
(286.26, 0.00, 0.00)
(286.26, 0.00, 0.00)
(286.26, 0.00, 0.00)
(286.26, 0.00, 0.00)
(286.26, 0.00, 0.00)
(278.79, 0.00, 0.00)
(278.79, 0.00, 0.00)
(278.79, 0.00, 0.00)
