(270.95, 206.61, 153.81)
(270.95, 206.61, 153.81)
(270.97, 205.51, 154.91)
(270.97, 205.51, 154.91)
(270.97, 205.51, 154.91)
(270.97, 205.51, 154.91)
(270.97, 205.51, 154.91)
(270.97, 205.51, 154.91)
(270.98, 205.33, 155.08)
(270.98, 205.33, 155.08)
(270.94, 205.83, 154.57)
(270.94, 205.83, 154.57)
(270.94, 205.83, 154.57)
(270.94, 205.83, 154.57)
(270.95, 203.19, 157.19)
(270.95, 203.19, 157.19)
(270.95, 203.19, 157.19)
(270.95, 203.19, 157.19)
(270.95, 203.19, 157.19)
(270.95, 203.19, 157.19)
(270.97, 204.19, 156.21)
(270.97, 204.19, 156.21)
(270.93, 205.23, 155.16)
(270.93, 205.23, 155.16)
(270.93, 205.23, 155.16)
(270.93, 205.23, 155.16)
(270.93, 205.23, 155.16)
(270.93, 205.23, 155.16)
(271.00, 203.92, 156.49)
(271.00, 203.92, 156.49)
(271.00, 203.92, 156.49)
(271.00, 203.92, 156.49)
(271.00, 203.92, 156.49)
(270.93, 206.60, 153.82)
(270.93, 206.60, 153.82)
(270.93, 206.60, 153.82)
(270.95, 202.40, 157.96)
(270.95, 202.40, 157.96)
(270.95, 202.40, 157.96)
(270.95, 202.40, 157.96)
(270.95, 202.40, 157.96)
(270.95, 203.35, 157.02)
(270.95, 203.35, 157.02)
(270.95, 203.35, 157.02)
(270.95, 203.35, 157.02)
(270.95, 203.35, 157.02)
(270.96, 204.74, 155.66)
(270.96, 204.74, 155.66)
(270.96, 204.74, 155.66)
(270.96, 205.30, 155.11)
(270.96, 205.30, 155.11)
(270.96, 205.30, 155.11)
(270.96, 205.30, 155.11)
(270.96, 205.30, 155.11)
(270.96, 205.30, 155.11)
(270.96, 205.30, 155.11)
(270.96, 205.30, 155.11)
(270.96, 205.30, 155.11)
(270.96, 205.30, 155.11)
(270.96, 205.30, 155.11)
(270.96, 205.30, 155.11)
(270.96, 205.30, 155.11)
(270.96, 205.30, 155.11)
(270.96, 205.30, 155.11)
(271.01, 205.40, 155.03)
(271.01, 205.40, 155.03)
(271.01, 205.40, 155.03)
(270.97, 204.57, 155.83)
(270.97, 204.57, 155.83)
(270.97, 204.57, 155.83)
(270.93, 202.31, 155.83)
(270.93, 202.31, 155.83)
(270.93, 202.31, 158.04)
(270.93, 202.31, 158.04)
(270.93, 202.31, 158.04)
(270.99, 204.45, 155.96)
(270.99, 204.45, 155.96)
(270.99, 204.45, 155.96)
(270.99, 204.45, 155.96)
(270.99, 204.45, 155.96)
(270.94, 205.83, 154.57)
(270.94, 205.83, 154.57)
(270.94, 205.83, 154.57)
(270.94, 205.83, 154.57)
(270.94, 205.83, 154.57)
(270.94, 205.83, 154.57)
(270.93, 206.20, 154.20)
(270.93, 206.20, 154.20)
(270.99, 205.91, 154.52)
(270.99, 205.91, 154.52)
(270.99, 205.91, 154.52)
(270.99, 205.91, 154.52)
(270.99, 205.91, 154.52)
(270.98, 206.64, 153.80)
(270.98, 206.64, 153.80)
(270.98, 206.64, 153.80)
(271.00, 205.20, 155.23)
(271.00, 205.20, 155.23)
(271.00, 205.20, 155.23)
(271.00, 205.20, 155.23)
(271.00, 205.20, 155.23)
(270.98, 202.94, 157.44)
(270.98, 202.94, 157.44)
(270.98, 202.94, 157.44)
(270.98, 202.94, 157.44)
(270.98, 202.94, 157.44)
(271.01, 203.23, 157.17)
(271.01, 203.23, 157.17)
(271.01, 203.23, 157.17)
(270.96, 206.24, 154.18)
(270.96, 206.24, 154.18)
(270.96, 206.24, 154.18)
(270.96, 206.24, 154.18)
(270.96, 206.24, 154.18)
(270.97, 205.13, 155.28)
(270.97, 205.13, 155.28)
(270.97, 205.13, 155.28)
(270.97, 205.13, 155.28)
(270.97, 205.13, 155.28)
(270.93, 205.13, 155.28)
(270.93, 205.13, 155.28)
(270.93, 205.13, 155.28)
(270.93, 205.13, 155.28)
(270.93, 205.13, 155.28)
(270.93, 205.13, 155.28)
(270.93, 205.13, 155.28)
(270.93, 205.13, 155.28)
(270.93, 205.13, 155.28)
(270.93, 205.13, 155.28)
(270.93, 205.13, 155.28)
(270.93, 205.13, 155.28)
(270.93, 205.13, 155.28)
(270.93, 205.13, 155.28)
(270.98, 205.33, 155.08)
(270.98, 205.33, 155.08)
(270.98, 205.33, 155.08)
(270.98, 205.33, 155.08)
(270.98, 205.33, 155.08)
(270.94, 207.18, 153.25)
(270.94, 207.18, 153.25)
(270.90, 204.97, 155.41)
(270.90, 204.97, 155.41)
(270.90, 204.97, 155.41)
(270.90, 204.97, 155.41)
(270.90, 204.97, 155.41)
(270.90, 204.97, 155.41)
(270.93, 205.23, 155.16)
(270.93, 205.23, 155.16)
(270.93, 205.23, 155.16)
(270.93, 205.23, 155.16)
(270.93, 205.23, 155.16)
(270.97, 207.38, 153.07)
(270.97, 207.38, 153.07)
(270.97, 207.38, 153.07)
(270.96, 203.97, 156.42)
(270.96, 203.97, 156.42)
(270.96, 203.97, 156.42)
(270.96, 203.97, 156.42)
(270.96, 203.97, 156.42)
(270.98, 202.40, 157.97)
(270.98, 202.40, 157.97)
(270.98, 202.40, 157.97)
(271.00, 207.92, 152.54)
(271.00, 207.92, 152.54)
(271.00, 207.92, 152.54)
(271.00, 207.92, 152.54)
(271.00, 207.92, 152.54)
(270.94, 203.91, 156.47)
(270.94, 203.91, 156.47)
(270.94, 203.91, 156.47)
(270.94, 203.91, 156.47)
(270.94, 203.91, 156.47)
(270.88, 207.17, 153.23)
(270.88, 207.17, 153.23)
(270.88, 207.17, 153.23)
(270.88, 207.17, 153.23)
(270.88, 207.17, 153.23)
(270.95, 205.65, 154.75)
(270.95, 205.65, 154.75)
(270.95, 205.65, 154.75)
(270.99, 203.54, 156.85)
(270.99, 203.54, 156.85)
(270.99, 203.54, 156.85)
(270.99, 203.54, 156.85)
(270.99, 203.54, 156.85)
(270.97, 207.00, 153.43)
(270.97, 207.00, 153.43)
(270.97, 207.00, 153.43)
(270.97, 207.00, 153.43)
(270.97, 207.00, 153.43)
(270.97, 207.00, 153.43)
(270.97, 207.00, 153.43)
(270.97, 207.00, 153.43)
(270.97, 207.00, 153.43)
(270.97, 207.00, 153.43)
(270.97, 207.00, 153.43)
(270.97, 207.00, 153.43)
(270.97, 207.00, 153.43)
(270.97, 207.00, 153.43)
(270.97, 207.00, 153.43)
(271.03, 205.27, 155.17)
(271.03, 205.27, 155.17)
(271.03, 205.27, 155.17)
(270.95, 208.33, 152.12)
(270.95, 208.33, 152.12)
(271.00, 207.92, 152.54)
(271.00, 207.92, 152.54)
(271.00, 207.92, 152.54)
(271.00, 207.92, 152.54)
(271.00, 207.92, 152.54)
(271.00, 207.92, 152.54)
(270.99, 207.56, 152.90)
(270.99, 207.56, 152.90)
(270.98, 204.40, 156.00)
(270.98, 204.40, 156.00)
(270.98, 204.40, 156.00)
(270.98, 204.40, 156.00)
(270.98, 204.40, 156.00)
(270.99, 205.91, 154.52)
(270.99, 205.91, 154.52)
(270.99, 205.91, 154.52)
(270.99, 205.91, 154.52)
(270.99, 205.91, 154.52)
(270.95, 206.43, 154.00)
(270.95, 206.43, 154.00)
(270.95, 206.43, 154.00)
(270.95, 207.95, 154.00)
(270.95, 207.95, 154.00)
(270.95, 207.95, 152.50)
(270.95, 207.95, 152.50)
(270.95, 207.95, 152.50)
(270.98, 206.64, 153.80)
(270.98, 206.64, 153.80)
(270.98, 206.64, 153.80)
(270.98, 206.64, 153.80)
(270.98, 206.64, 153.80)
(270.99, 208.66, 151.81)
(270.99, 208.66, 151.81)
(270.99, 208.66, 151.81)
(270.99, 208.66, 151.81)
(270.99, 208.66, 151.81)
(270.99, 208.66, 151.81)
(270.94, 206.61, 153.81)
(270.94, 206.61, 153.81)
(270.93, 202.72, 157.64)
(270.93, 202.72, 157.64)
(270.93, 202.72, 157.64)
(270.93, 202.72, 157.64)
(270.93, 202.72, 157.64)
(270.93, 202.72, 157.64)
(270.93, 206.99, 153.44)
(270.93, 206.99, 153.44)
(270.93, 206.99, 153.44)
(270.93, 206.99, 153.44)
(270.93, 206.99, 153.44)
(270.97, 207.00, 153.44)
(270.97, 207.00, 153.44)
(270.97, 207.00, 153.44)
(270.97, 207.00, 153.44)
(270.97, 207.00, 153.44)
(270.97, 207.00, 153.44)
(270.97, 207.00, 153.44)
(270.97, 207.00, 153.44)
(270.97, 207.00, 153.44)
(270.97, 207.00, 153.44)
(270.97, 207.00, 153.44)
(270.97, 207.00, 153.44)
(270.97, 207.00, 153.44)
(271.00, 207.02, 153.43)
(271.00, 207.02, 153.43)
(271.00, 207.02, 153.43)
(270.97, 204.57, 155.83)
(270.97, 204.57, 155.83)
(270.97, 204.57, 155.83)
(270.97, 204.57, 155.83)
(270.97, 204.57, 155.83)
(270.93, 206.02, 154.39)
(270.93, 206.02, 154.39)
(270.93, 206.02, 154.39)
(271.01, 212.03, 148.50)
(271.01, 212.03, 148.50)
(271.01, 212.03, 148.50)
(271.01, 212.03, 148.50)
(271.01, 212.03, 148.50)
(274.33, 176.32, 183.41)
(274.33, 176.32, 183.41)
(274.33, 176.32, 183.41)
(274.33, 176.32, 183.41)
(274.33, 176.32, 183.41)
(273.31, 202.24, 158.98)
(273.31, 202.24, 158.98)
(273.31, 202.24, 158.98)
(273.31, 202.24, 158.98)
(273.31, 202.24, 158.98)
(272.82, 212.35, 149.13)
(272.82, 212.35, 149.13)
(272.82, 212.35, 149.13)
(272.71, 213.44, 148.03)
(272.71, 213.44, 148.03)
(272.71, 213.44, 148.03)
(272.71, 213.44, 148.03)
(272.71, 213.44, 148.03)
(272.70, 213.81, 147.67)
(272.70, 213.81, 147.67)
(272.70, 213.81, 147.67)
(272.70, 213.81, 147.67)
(272.70, 213.81, 147.67)
(272.58, 238.05, 124.12)
(272.58, 238.05, 124.12)
(272.58, 238.05, 124.12)
(271.25, 290.32, 70.86)
(271.25, 290.32, 70.86)
(271.25, 290.32, 70.86)
(271.25, 290.32, 70.86)
(271.25, 290.32, 70.86)
(272.11, 271.17, 90.95)
(272.11, 271.17, 90.95)
(272.11, 271.17, 90.95)
(272.11, 271.17, 90.95)
(272.11, 271.17, 90.95)
(271.74, 244.49, 117.08)
(271.74, 244.49, 117.08)
(271.74, 244.49, 117.08)
(271.74, 244.49, 117.08)
(271.74, 244.49, 117.08)
(271.74, 244.49, 117.08)
(271.74, 244.49, 117.08)
(271.74, 244.49, 117.08)
(271.74, 244.49, 117.08)
(271.74, 244.49, 117.08)
(271.74, 244.49, 117.08)
(271.74, 244.49, 117.08)
(271.74, 244.49, 117.08)
(271.74, 244.49, 117.08)
(271.74, 244.49, 117.08)
(273.46, 74.54, 282.10)
(273.46, 74.54, 282.10)
(273.46, 74.54, 282.10)
(273.46, 74.54, 282.10)
(273.46, 74.54, 282.10)
(276.32, 53.08, 301.69)
(276.32, 53.08, 301.69)
(276.32, 53.08, 301.69)
(276.32, 53.08, 301.69)
(276.32, 53.08, 301.69)
(276.32, 53.08, 301.69)
(270.60, 102.01, 257.40)
(270.60, 102.01, 257.40)
(275.44, 173.21, 186.18)
(275.44, 173.21, 186.18)
(275.44, 173.21, 186.18)
(275.44, 173.21, 186.18)
(275.44, 173.21, 186.18)
(275.44, 173.21, 186.18)
(274.23, 182.14, 178.02)
(274.23, 182.14, 178.02)
(274.23, 182.14, 178.02)
(274.23, 182.14, 178.02)
(274.23, 182.14, 178.02)
(271.79, 209.43, 151.44)
(271.79, 209.43, 151.44)
(272.31, 244.58, 151.44)
(272.31, 244.58, 151.44)
(272.31, 244.58, 151.44)
(272.31, 244.58, 117.49)
(272.31, 244.58, 117.49)
(272.31, 244.58, 117.49)
(284.77, 14.08, 341.79)
(284.77, 14.08, 341.79)
(284.77, 14.08, 341.79)
(284.77, 14.08, 341.79)
(284.77, 14.08, 341.79)
(279.57, 229.18, 137.70)
(279.57, 229.18, 137.70)
(279.57, 229.18, 137.70)
(270.90, 189.02, 171.12)
(270.90, 189.02, 171.12)
(270.90, 189.02, 171.12)
(270.90, 189.02, 171.12)
(270.90, 189.02, 171.12)
(270.85, 184.79, 175.28)
(270.85, 184.79, 175.28)
(270.85, 184.79, 175.28)
(270.85, 184.79, 175.28)
(270.85, 184.79, 175.28)
(270.80, 185.04, 175.03)
(270.80, 185.04, 175.03)
(270.80, 185.04, 175.03)
(270.78, 196.87, 163.35)
(270.78, 196.87, 163.35)
(270.78, 196.87, 163.35)
(270.78, 196.87, 163.35)
(270.78, 196.87, 163.35)
(270.78, 196.87, 163.35)
(270.78, 196.87, 163.35)
(270.78, 196.87, 163.35)
(270.78, 196.87, 163.35)
(270.78, 196.87, 163.35)
(270.78, 196.87, 163.35)
(270.78, 196.87, 163.35)
(270.78, 196.87, 163.35)
(270.78, 196.87, 163.35)
(270.78, 196.87, 163.35)
(270.78, 196.87, 163.35)
(270.99, 188.27, 171.87)
(270.99, 188.27, 171.87)
(270.99, 188.27, 171.87)
(270.91, 190.79, 169.38)
(270.91, 190.79, 169.38)
(270.91, 190.79, 169.38)
(270.91, 190.79, 169.38)
(270.91, 190.79, 169.38)
(270.94, 189.05, 171.09)
(270.94, 189.05, 171.09)
(270.94, 189.05, 171.09)
(270.94, 189.05, 171.09)
(270.94, 189.05, 171.09)
(270.92, 188.82, 171.32)
(270.92, 188.82, 171.32)
(270.92, 188.82, 171.32)
(270.90, 194.15, 166.07)
(270.90, 194.15, 166.07)
(270.90, 194.15, 166.07)
(270.90, 194.15, 166.07)
(270.90, 194.15, 166.07)
(270.90, 192.73, 167.47)
(270.90, 192.73, 167.47)
(270.90, 192.73, 167.47)
(270.85, 189.99, 170.15)
(270.85, 189.99, 170.15)
(270.85, 189.99, 170.15)
(270.85, 189.99, 170.15)
(270.85, 189.99, 170.15)
(270.88, 193.02, 167.18)
(270.88, 193.02, 167.18)
(270.88, 193.02, 167.18)
(270.88, 193.02, 167.18)
(270.88, 193.02, 167.18)
(270.95, 190.74, 169.43)
(270.95, 190.74, 169.43)
(270.95, 190.74, 169.43)
(270.95, 190.74, 169.43)
(270.95, 190.74, 169.43)
(270.88, 193.47, 166.73)
(270.88, 193.47, 166.73)
(270.88, 193.47, 166.73)
(270.84, 193.66, 166.54)
(270.84, 193.66, 166.54)
(270.84, 193.66, 166.54)
(270.84, 193.66, 166.54)
(270.84, 193.66, 166.54)
(270.87, 194.03, 166.19)
(270.87, 194.03, 166.19)
(270.87, 194.03, 166.19)
(270.88, 190.22, 169.94)
(270.88, 190.22, 169.94)
(270.88, 190.22, 169.94)
(270.88, 190.22, 169.94)
(270.88, 190.22, 169.94)
(270.88, 190.22, 169.94)
(270.88, 190.22, 169.94)
(270.88, 190.22, 169.94)
(270.88, 190.22, 169.94)
(270.88, 190.22, 169.94)
(270.88, 190.22, 169.94)
(270.88, 190.22, 169.94)
(270.88, 190.22, 169.94)
(270.88, 190.22, 169.94)
(270.88, 190.22, 169.94)
(270.88, 190.22, 169.94)
(270.88, 190.22, 169.94)
(270.76, 193.45, 166.73)
(270.76, 193.45, 166.73)
(270.76, 193.45, 166.73)
(270.76, 193.45, 166.73)
(270.76, 193.45, 166.73)
(270.76, 193.45, 166.73)
(270.93, 192.88, 167.33)
(270.93, 192.88, 167.33)
(270.93, 192.88, 167.33)
(270.93, 192.88, 167.33)
(270.93, 192.88, 167.33)
(270.61, 67.98, 291.45)
(270.61, 67.98, 291.45)
(270.61, 67.98, 291.45)
(278.47, 33.20, 321.85)
(278.47, 33.20, 321.85)
(278.47, 33.20, 321.85)
(278.47, 33.20, 321.85)
(278.47, 33.20, 321.85)
(274.88, 123.66, 232.37)
(274.88, 123.66, 232.37)
(274.88, 123.66, 232.37)
(274.88, 123.66, 232.37)
(274.88, 123.66, 232.37)
(278.53, 260.15, 108.15)
(278.53, 260.15, 108.15)
(278.26, 323.95, 41.21)
(278.26, 323.95, 41.21)
(278.26, 323.95, 41.21)
(278.26, 323.95, 41.21)
(278.26, 323.95, 41.21)
(278.26, 323.95, 41.21)
(277.71, 341.70, 20.89)
(277.71, 341.70, 20.89)
(277.71, 341.70, 20.89)
(277.71, 341.70, 20.89)
(277.71, 341.70, 20.89)
(275.79, 303.09, 61.90)
(275.79, 303.09, 61.90)
(275.79, 303.09, 61.90)
(276.00, 25.16, 332.16)
(276.00, 25.16, 332.16)
(276.00, 25.16, 332.16)
(276.00, 25.16, 332.16)
(276.00, 25.16, 332.16)
(270.98, 203.96, 156.44)
(270.98, 203.96, 156.44)
(270.98, 203.96, 156.44)
(270.98, 203.96, 156.44)
(270.98, 203.96, 156.44)
(270.68, 265.43, 95.25)
(270.68, 265.43, 95.25)
(270.68, 265.43, 95.25)
(278.23, 260.48, 107.55)
(278.23, 260.48, 107.55)
(278.23, 260.48, 107.55)
(278.23, 260.48, 107.55)
(278.23, 260.48, 107.55)
(278.23, 260.48, 107.55)
(278.23, 260.48, 107.55)
(278.23, 260.48, 107.55)
(278.23, 260.48, 107.55)
(278.23, 260.48, 107.55)
(278.23, 260.48, 107.55)
(278.23, 260.48, 107.55)
(278.23, 260.48, 107.55)
(278.23, 260.48, 107.55)
(278.23, 260.48, 107.55)
(278.23, 260.48, 107.55)
(270.87, 231.74, 128.94)
(270.87, 231.74, 128.94)
(270.87, 224.96, 135.65)
(270.87, 224.96, 135.65)
(270.87, 224.96, 135.65)
(270.87, 224.96, 135.65)
(270.87, 224.96, 135.65)
(270.82, 224.19, 136.38)
(270.82, 224.19, 136.38)
(270.82, 224.19, 136.38)
(270.84, 223.90, 136.67)
(270.84, 223.90, 136.67)
(270.84, 223.90, 136.67)
(270.84, 223.90, 136.67)
(270.84, 223.90, 136.67)
(270.86, 225.61, 135.00)
(270.86, 225.61, 135.00)
(270.86, 225.61, 135.00)
(270.86, 225.61, 135.00)
(270.86, 225.61, 135.00)
(274.71, 19.52, 338.84)
(274.71, 19.52, 338.84)
(274.71, 19.52, 338.84)
(270.96, 254.06, 106.86)
(270.96, 254.06, 106.86)
(270.96, 254.06, 106.86)
(270.96, 254.06, 106.86)
(270.96, 254.06, 106.86)
(275.27, 177.36, 182.41)
(275.27, 177.36, 182.41)
(275.27, 177.36, 182.41)
(275.27, 177.36, 182.41)
(275.27, 177.36, 182.41)
(278.84, 331.27, 33.30)
(278.84, 331.27, 33.30)
(278.84, 331.27, 33.30)
(274.09, 349.36, 11.43)
(274.09, 349.36, 11.43)
(274.09, 349.36, 11.43)
(274.09, 349.36, 11.43)
(274.99, 353.00, 7.64)
(274.99, 353.00, 7.64)
(274.99, 353.00, 7.64)
(274.99, 353.00, 7.64)
(274.99, 353.00, 7.64)
(278.19, 318.11, 47.67)
(278.19, 318.11, 47.67)
(278.19, 318.11, 47.67)
(275.76, 223.53, 140.30)
(275.76, 223.53, 140.30)
(275.76, 223.53, 140.30)
(275.76, 223.53, 140.30)
(275.76, 223.53, 140.30)
(275.76, 223.53, 140.30)
(275.76, 223.53, 140.30)
(275.76, 223.53, 140.30)
(275.76, 223.53, 140.30)
(275.76, 223.53, 140.30)
(275.76, 223.53, 140.30)
(275.76, 223.53, 140.30)
(275.76, 223.53, 140.30)
(275.76, 223.53, 140.30)
(275.76, 223.53, 140.30)
(275.76, 223.53, 140.30)
(275.76, 223.53, 140.30)
(275.76, 223.53, 140.30)
(291.33, 305.90, 73.55)
(291.33, 305.90, 73.55)
(291.33, 305.90, 73.55)
(291.33, 305.90, 73.55)
(291.33, 305.90, 73.55)
(291.33, 305.90, 73.55)
(288.69, 311.79, 63.91)
(288.69, 311.79, 63.91)
(280.85, 271.34, 63.91)
(280.85, 271.34, 63.91)
(280.85, 271.34, 63.91)
(280.85, 271.34, 99.54)
(280.85, 271.34, 99.54)
(280.85, 271.34, 99.54)
(282.45, 267.23, 105.14)
(282.45, 267.23, 105.14)
(282.45, 267.23, 105.14)
(282.45, 267.23, 105.14)
(282.45, 267.23, 105.14)
(283.22, 311.62, 59.10)
(283.22, 311.62, 59.10)
(283.22, 311.62, 59.10)
(280.93, 292.86, 77.61)
(280.93, 292.86, 77.61)
(280.93, 292.86, 77.61)
(280.93, 292.86, 77.61)
(280.93, 292.86, 77.61)
(280.94, 282.33, 88.58)
(280.94, 282.33, 88.58)
(280.94, 282.33, 88.58)
(280.94, 282.33, 88.58)
(280.94, 282.33, 88.58)
(279.67, 289.78, 79.59)
(279.67, 289.78, 79.59)
(279.67, 289.78, 79.59)
(280.46, 292.22, 77.82)
(280.46, 292.22, 77.82)
(280.46, 292.22, 77.82)
(280.46, 292.22, 77.82)
(280.46, 292.22, 77.82)
(280.42, 292.89, 77.06)
(280.42, 292.89, 77.06)
(280.42, 292.89, 77.06)
(280.42, 292.89, 77.06)
(280.42, 292.89, 77.06)
(280.76, 292.24, 78.09)
(280.76, 292.24, 78.09)
(280.76, 292.24, 78.09)
(280.97, 302.94, 66.78)
(280.97, 302.94, 66.78)
(280.97, 302.94, 66.78)
(280.97, 302.94, 66.78)
(280.97, 302.94, 66.78)
(280.71, 292.33, 77.94)
(280.71, 292.33, 77.94)
(280.71, 292.33, 77.94)
(280.71, 292.33, 77.94)
(280.71, 292.33, 77.94)
(280.71, 292.33, 77.94)
(280.71, 292.33, 77.94)
(280.71, 292.33, 77.94)
(280.71, 292.33, 77.94)
(280.71, 292.33, 77.94)
(280.71, 292.33, 77.94)
(280.71, 292.33, 77.94)
(280.71, 292.33, 77.94)
(280.71, 292.33, 77.94)
(280.71, 292.33, 77.94)
(280.71, 292.33, 77.94)
(282.06, 305.90, 64.53)
(282.06, 305.90, 64.53)
(282.06, 305.90, 64.53)
(296.20, 302.20, 83.13)
(296.20, 302.20, 83.13)
(288.22, 296.65, 83.13)
(288.22, 296.65, 83.13)
(288.22, 296.65, 83.13)
(288.22, 296.65, 80.91)
(288.22, 296.65, 80.91)
(288.22, 296.65, 80.91)
(285.69, 315.94, 56.20)
(285.69, 315.94, 56.20)
(285.69, 315.94, 56.20)
(285.69, 315.94, 56.20)
(285.69, 315.94, 56.20)
(289.06, 295.84, 82.68)
(289.06, 295.84, 82.68)
(289.06, 295.84, 82.68)
(289.06, 295.84, 82.68)
(289.06, 295.84, 82.68)
(280.23, 300.31, 68.94)
(280.23, 300.31, 68.94)
(280.23, 300.31, 68.94)
(275.15, 322.59, 40.66)
(275.15, 322.59, 40.66)
(275.15, 322.59, 40.66)
(275.15, 322.59, 40.66)
(275.15, 322.59, 40.66)
(287.82, 275.41, 102.59)
(287.82, 275.41, 102.59)
(275.79, 293.21, 72.22)
(275.79, 293.21, 72.22)
(275.79, 293.21, 72.22)
(275.79, 293.21, 72.22)
(275.79, 293.21, 72.22)
(276.48, 269.75, 96.73)
(276.48, 269.75, 96.73)
(276.48, 269.75, 96.73)
(276.48, 269.75, 96.73)
(276.48, 269.75, 96.73)
(279.38, 261.40, 107.76)
(279.38, 261.40, 107.76)
(279.38, 261.40, 107.76)
(283.93, 269.05, 104.85)
(283.93, 269.05, 104.85)
(283.93, 269.05, 104.85)
(283.93, 269.05, 104.85)
(283.93, 269.05, 104.85)
(284.82, 267.10, 107.60)
(284.82, 267.10, 107.60)
(284.82, 267.10, 107.60)
(284.82, 267.10, 107.60)
(284.82, 267.10, 107.60)
(278.21, 243.53, 123.59)
(278.21, 243.53, 123.59)
(278.21, 243.53, 123.59)
(278.21, 243.53, 123.59)
(278.21, 243.53, 123.59)
(278.21, 243.53, 123.59)
(278.21, 243.53, 123.59)
(278.21, 243.53, 123.59)
(278.21, 243.53, 123.59)
(278.21, 243.53, 123.59)
(278.21, 243.53, 123.59)
(278.21, 243.53, 123.59)
(278.21, 243.53, 123.59)
(276.32, 203.25, 159.13)
(276.32, 203.25, 159.13)
(276.32, 203.25, 159.13)
(285.05, 230.17, 140.52)
(285.05, 230.17, 140.52)
(285.05, 230.17, 140.52)
(285.05, 230.17, 140.52)
(285.05, 230.17, 140.52)
(283.50, 222.32, 146.06)
(283.50, 222.32, 146.06)
(283.50, 222.32, 146.06)
(283.50, 222.32, 146.06)
(283.50, 222.32, 146.06)
(283.50, 222.32, 146.06)
(283.98, 207.94, 157.99)
(283.98, 207.94, 157.99)
(283.98, 207.94, 157.99)
(283.98, 207.94, 157.99)
(283.98, 207.94, 157.99)
(283.03, 178.75, 181.00)
(283.03, 178.75, 181.00)
(283.03, 178.75, 181.00)
(281.25, 174.50, 184.52)
(281.25, 174.50, 184.52)
(281.25, 174.50, 184.52)
(281.25, 174.50, 184.52)
(281.25, 174.50, 184.52)
(281.77, 145.20, 208.59)
(281.77, 145.20, 208.59)
(281.77, 145.20, 208.59)
(281.77, 145.20, 208.59)
(281.77, 145.20, 208.59)
(281.67, 145.07, 208.75)
(281.67, 145.07, 208.75)
(281.05, 159.61, 196.86)
(281.05, 159.61, 196.86)
(281.05, 159.61, 196.86)
(281.05, 159.61, 196.86)
(281.05, 159.61, 196.86)
(281.05, 159.61, 196.86)
(279.06, 183.81, 176.75)
(279.06, 183.81, 176.75)
(279.06, 183.81, 176.75)
(279.06, 183.81, 176.75)
(279.06, 183.81, 176.75)
(278.41, 197.22, 165.11)
(278.41, 197.22, 165.11)
(278.41, 197.22, 165.11)
(279.17, 201.26, 161.84)
(279.17, 201.26, 161.84)
(279.17, 201.26, 161.84)
(279.17, 201.26, 161.84)
(279.17, 201.26, 161.84)
(277.94, 195.40, 166.58)
(277.94, 195.40, 166.58)
(277.94, 195.40, 166.58)
(277.94, 195.40, 166.58)
(277.94, 195.40, 166.58)
(277.94, 195.40, 166.58)
(277.94, 195.40, 166.58)
(277.94, 195.40, 166.58)
(277.94, 195.40, 166.58)
(277.94, 195.40, 166.58)
(277.94, 195.40, 166.58)
(277.94, 195.40, 166.58)
(277.94, 195.40, 166.58)
(277.94, 195.40, 166.58)
(277.94, 195.40, 166.58)
(277.94, 195.40, 166.58)
(279.64, 220.58, 145.32)
(279.64, 220.58, 145.32)
(279.64, 220.58, 145.32)
(279.64, 220.58, 145.32)
(279.64, 220.58, 145.32)
(280.36, 229.21, 138.21)
(280.36, 229.21, 138.21)
(280.36, 229.21, 138.21)
(280.36, 229.21, 138.21)
(280.36, 229.21, 138.21)
(279.92, 229.62, 137.54)
(279.92, 229.62, 137.54)
(279.92, 229.62, 137.54)
(281.36, 232.26, 137.54)
(281.36, 232.26, 137.54)
(281.36, 232.26, 137.54)
(281.36, 232.26, 136.22)
(281.36, 232.26, 136.22)
(280.80, 228.32, 139.28)
(280.80, 228.32, 139.28)
(280.80, 228.32, 139.28)
(280.80, 228.32, 139.28)
(280.80, 228.32, 139.28)
(280.58, 226.20, 140.99)
(280.58, 226.20, 140.99)
(280.58, 226.20, 140.99)
(280.58, 226.20, 140.99)
(280.58, 226.20, 140.99)
(274.43, 192.93, 168.02)
(274.43, 192.93, 168.02)
(274.43, 192.93, 168.02)
(274.98, 181.39, 178.73)
(274.98, 181.39, 178.73)
(274.98, 181.39, 178.73)
(274.98, 181.39, 178.73)
(274.98, 181.39, 178.73)
(277.60, 223.59, 141.41)
(277.60, 223.59, 141.41)
(277.60, 223.59, 141.41)
(277.60, 223.59, 141.41)
(277.60, 223.59, 141.41)
(282.87, 246.48, 124.82)
(282.87, 246.48, 124.82)
(282.87, 246.48, 124.82)
(278.14, 234.67, 131.71)
(278.14, 234.67, 131.71)
(278.14, 234.67, 131.71)
(278.14, 234.67, 131.71)
(278.14, 234.67, 131.71)
(277.75, 240.93, 125.63)
(277.75, 240.93, 125.63)
(277.75, 240.93, 125.63)
(277.75, 240.93, 125.63)
(277.75, 240.93, 125.63)
(279.19, 242.51, 125.36)
(279.19, 242.51, 125.36)
(279.19, 242.51, 125.36)
(279.19, 242.51, 125.36)
(279.19, 242.51, 125.36)
(279.19, 242.51, 125.36)
(279.19, 242.51, 125.36)
(279.19, 242.51, 125.36)
(279.19, 242.51, 125.36)
(279.19, 242.51, 125.36)
(279.19, 242.51, 125.36)
(279.19, 242.51, 125.36)
(279.19, 242.51, 125.36)
(276.32, 226.22, 138.17)
(276.32, 226.22, 138.17)
(276.32, 226.22, 138.17)
(276.01, 222.01, 141.86)
(276.01, 222.01, 141.86)
(276.01, 222.01, 141.86)
(276.01, 222.01, 141.86)
(276.01, 222.01, 141.86)
(273.68, 195.77, 165.20)
(273.68, 195.77, 165.20)
(273.68, 195.77, 165.20)
(275.52, 227.75, 136.21)
(275.52, 227.75, 136.21)
(275.52, 227.75, 136.21)
(275.52, 227.75, 136.21)
(275.52, 227.75, 136.21)
(277.40, 230.41, 135.07)
(277.40, 230.41, 135.07)
(277.40, 230.41, 135.07)
(277.40, 230.41, 135.07)
(277.40, 230.41, 135.07)
(273.98, 191.24, 169.52)
(273.98, 191.24, 169.52)
(273.98, 191.24, 169.52)
(274.29, 164.56, 194.34)
(274.29, 164.56, 194.34)
(274.29, 164.56, 194.34)
(274.29, 164.56, 194.34)
(274.29, 164.56, 194.34)
(273.43, 209.87, 151.79)
(273.43, 209.87, 151.79)
(273.43, 209.87, 151.79)
(273.43, 209.87, 151.79)
(273.43, 209.87, 151.79)
(273.43, 209.87, 151.79)
(278.25, 197.21, 165.07)
(278.25, 197.21, 165.07)
(278.25, 197.21, 165.07)
(278.25, 197.21, 165.07)
(278.25, 197.21, 165.07)
(276.40, 150.85, 206.17)
(276.40, 150.85, 206.17)
(275.34, 191.88, 169.17)
(275.34, 191.88, 169.17)
(275.34, 191.88, 169.17)
(275.34, 191.88, 169.17)
(275.34, 191.88, 169.17)
(275.34, 191.88, 169.17)
(274.33, 192.45, 168.45)
(274.33, 192.45, 168.45)
(274.33, 192.45, 168.45)
(274.33, 192.45, 168.45)
(274.33, 192.45, 168.45)
(272.88, 231.79, 130.43)
(272.88, 231.79, 130.43)
(272.88, 231.79, 130.43)
(272.88, 231.79, 130.43)
(272.88, 231.79, 130.43)
(272.88, 231.79, 130.43)
(272.88, 231.79, 130.43)
(272.88, 231.79, 130.43)
(272.88, 231.79, 130.43)
(272.88, 231.79, 130.43)
(272.88, 231.79, 130.43)
(272.88, 231.79, 130.43)
(272.88, 231.79, 130.43)
(272.88, 231.79, 130.43)
(272.88, 231.79, 130.43)
(272.88, 231.79, 130.43)
(289.30, 267.93, 111.24)
(289.30, 267.93, 111.24)
(289.30, 267.93, 111.24)
(289.30, 267.93, 111.24)
(289.30, 267.93, 111.24)
(286.32, 263.52, 112.44)
(286.32, 263.52, 112.44)
(286.32, 263.52, 112.44)
(285.78, 254.98, 119.74)
(285.78, 254.98, 119.74)
(285.78, 254.98, 119.74)
(285.78, 254.98, 119.74)
(280.93, 249.75, 120.18)
(280.93, 249.75, 120.18)
(280.93, 249.75, 120.18)
(280.93, 249.75, 120.18)
(280.93, 249.75, 120.18)
(273.32, 235.51, 127.18)
(273.32, 235.51, 127.18)
(273.32, 235.51, 127.18)
(277.69, 227.76, 137.69)
(277.69, 227.76, 137.69)
(277.69, 227.76, 137.69)
(277.69, 227.76, 137.69)
(277.69, 227.76, 137.69)
(275.04, 219.36, 143.74)
(275.04, 219.36, 143.74)
(275.04, 219.36, 143.74)
(275.04, 219.36, 143.74)
(275.04, 219.36, 143.74)
(275.63, 213.26, 149.71)
(275.63, 213.26, 149.71)
(275.63, 213.26, 149.71)
(276.23, 216.81, 146.77)
(276.23, 216.81, 146.77)
(276.23, 216.81, 146.77)
(276.23, 216.81, 146.77)
(276.23, 216.81, 146.77)
(273.80, 191.09, 169.62)
(273.80, 191.09, 169.62)
(273.80, 191.09, 169.62)
(273.80, 191.09, 169.62)
(273.80, 191.09, 169.62)
(273.64, 198.85, 162.29)
(273.64, 198.85, 162.29)
(273.64, 198.85, 162.29)
(273.24, 156.26, 202.47)
(273.24, 156.26, 202.47)
(273.24, 156.26, 202.47)
(273.24, 156.26, 202.47)
(273.24, 156.26, 202.47)
(272.28, 183.71, 176.43)
(272.28, 183.71, 176.43)
(272.28, 183.71, 176.43)
(272.28, 183.71, 176.43)
(272.28, 183.71, 176.43)
(272.28, 183.71, 176.43)
(272.28, 183.71, 176.43)
(272.28, 183.71, 176.43)
(272.28, 183.71, 176.43)
(272.28, 183.71, 176.43)
(272.28, 183.71, 176.43)
(272.28, 183.71, 176.43)
(272.28, 183.71, 176.43)
(272.28, 183.71, 176.43)
(272.28, 183.71, 176.43)
(277.46, 43.52, 311.08)
(277.46, 43.52, 311.08)
(277.46, 43.52, 311.08)
(276.51, 61.16, 292.98)
(276.51, 61.16, 292.98)
(276.51, 61.16, 292.98)
(276.51, 61.16, 292.98)
(276.51, 61.16, 292.98)
(280.97, 34.54, 318.70)
(280.97, 34.54, 318.70)
(280.97, 34.54, 318.70)
(285.11, 39.16, 310.17)
(285.11, 39.16, 310.17)
(285.11, 39.16, 310.17)
(285.11, 39.16, 310.17)
(285.11, 39.16, 310.17)
(283.66, 42.22, 307.69)
(283.66, 42.22, 307.69)
(283.66, 42.22, 307.69)
(289.20, 14.73, 339.38)
(289.20, 14.73, 339.38)
(289.20, 14.73, 339.38)
(289.20, 14.73, 339.38)
(289.20, 14.73, 339.38)
(295.14, 35.33, 306.75)
(295.14, 35.33, 306.75)
(295.14, 35.33, 306.75)
(295.14, 35.33, 306.75)
(295.14, 35.33, 306.75)
(291.28, 33.76, 312.13)
(291.28, 33.76, 312.13)
(291.28, 33.76, 312.13)
(285.63, 26.60, 325.38)
(285.63, 26.60, 325.38)
(285.63, 26.60, 325.38)
(285.63, 26.60, 325.38)
(285.63, 26.60, 325.38)
(296.72, 18.53, 330.34)
(296.72, 18.53, 330.34)
(296.72, 18.53, 330.34)
(296.72, 18.53, 330.34)
(296.72, 18.53, 330.34)
(298.71, 21.90, 323.83)
(298.71, 21.90, 323.83)
(298.71, 21.90, 323.83)
(290.30, 14.78, 323.83)
(290.30, 14.78, 323.83)
(290.30, 14.78, 338.90)
(290.30, 14.78, 338.90)
(290.30, 14.78, 338.90)
(298.97, 7.56, 347.21)
(298.97, 7.56, 347.21)
(298.97, 7.56, 347.21)
(298.97, 7.56, 347.21)
(298.97, 7.56, 347.21)
(298.97, 7.56, 347.21)
(298.97, 7.56, 347.21)
(298.97, 7.56, 347.21)
(298.97, 7.56, 347.21)
(298.97, 7.56, 347.21)
(298.97, 7.56, 347.21)
(298.97, 7.56, 347.21)
(298.97, 7.56, 347.21)
(298.97, 7.56, 347.21)
(298.97, 7.56, 347.21)
(298.97, 7.56, 347.21)
(298.97, 7.56, 347.21)
(298.97, 7.56, 347.21)
(295.43, 6.57, 349.62)
(295.43, 6.57, 349.62)
(295.43, 6.57, 349.62)
(295.43, 6.57, 349.62)
(295.43, 6.57, 349.62)
(297.65, 6.13, 349.89)
(297.65, 6.13, 349.89)
(297.65, 6.13, 349.89)
(299.94, 0.24, 359.59)
(299.94, 0.24, 359.59)
(299.94, 0.24, 359.59)
(299.94, 0.24, 359.59)
(299.94, 0.24, 359.59)
(298.36, 358.75, 2.10)
(298.36, 358.75, 2.10)
(298.36, 358.75, 2.10)
(298.36, 358.75, 2.10)
(298.36, 358.75, 2.10)
(297.40, 359.70, 0.49)
(297.40, 359.70, 0.49)
(300.07, 3.78, 0.49)
(300.07, 3.78, 0.49)
(300.07, 3.78, 0.49)
(300.07, 3.78, 353.44)
(300.07, 3.78, 353.44)
(300.07, 3.78, 353.44)
(301.26, 1.84, 356.72)
(301.26, 1.84, 356.72)
(301.26, 1.84, 356.72)
(301.26, 1.84, 356.72)
(301.26, 1.84, 356.72)
(303.36, 358.53, 2.74)
(303.36, 358.53, 2.74)
(299.65, 357.23, 4.77)
(299.65, 357.23, 4.77)
(299.65, 357.23, 4.77)
(299.65, 357.23, 4.77)
(299.65, 357.23, 4.77)
(299.65, 357.23, 4.77)
(301.15, 355.25, 8.40)
(301.15, 355.25, 8.40)
(301.15, 355.25, 8.40)
(301.15, 355.25, 8.40)
(301.15, 355.25, 8.40)
(307.03, 356.77, 6.48)
(307.03, 356.77, 6.48)
(306.75, 1.28, 357.45)
(306.75, 1.28, 357.45)
(306.75, 1.28, 357.45)
(306.75, 1.28, 357.45)
(306.75, 1.28, 357.45)
(306.75, 1.28, 357.45)
(307.65, 0.40, 359.20)
(307.65, 0.40, 359.20)
(307.65, 0.40, 359.20)
(307.65, 0.40, 359.20)
(307.65, 0.40, 359.20)
(307.65, 0.40, 359.20)
(307.65, 0.40, 359.20)
(307.65, 0.40, 359.20)
(307.65, 0.40, 359.20)
(307.65, 0.40, 359.20)
(307.65, 0.40, 359.20)
(307.65, 0.40, 359.20)
(307.65, 0.40, 359.20)
(307.65, 0.40, 359.20)
(307.65, 0.40, 359.20)
(307.65, 0.40, 359.20)
(308.57, 357.80, 4.26)
(308.57, 357.80, 4.26)
(308.57, 356.72, 6.81)
(308.57, 356.72, 6.81)
(308.57, 356.72, 6.81)
(312.85, 355.97, 9.22)
(312.85, 355.97, 9.22)
(312.85, 355.97, 9.22)
(312.85, 355.97, 9.22)
(312.85, 355.97, 9.22)
(312.41, 357.45, 5.78)
(312.41, 357.45, 5.78)
(312.41, 357.45, 5.78)
(318.31, 357.45, 5.78)
(318.31, 357.45, 5.78)
(318.31, 357.20, 7.34)
(318.31, 357.20, 7.34)
(318.31, 357.20, 7.34)
(315.66, 357.27, 6.69)
(315.66, 357.27, 6.69)
(315.66, 357.27, 6.69)
(315.66, 357.27, 6.69)
(315.66, 357.27, 6.69)
(316.20, 357.27, 6.78)
(316.20, 357.27, 6.78)
(316.20, 357.27, 6.78)
(316.20, 357.27, 6.78)
(316.20, 357.27, 6.78)
(322.15, 356.67, 9.70)
(322.15, 356.67, 9.70)
(322.15, 356.67, 9.70)
(325.25, 358.00, 6.39)
(325.25, 358.00, 6.39)
(325.25, 358.00, 6.39)
(325.25, 358.00, 6.39)
(325.25, 358.00, 6.39)
(325.08, 357.95, 6.52)
(325.08, 357.95, 6.52)
(325.08, 357.95, 6.52)
(320.88, 356.59, 6.52)
(320.88, 356.59, 6.52)
(320.88, 356.59, 9.57)
(320.88, 356.59, 9.57)
(320.88, 356.59, 9.57)
(323.90, 358.15, 5.67)
(323.90, 358.15, 5.67)
(323.90, 358.15, 5.67)
(323.90, 358.15, 5.67)
(323.90, 358.15, 5.67)
(327.10, 358.22, 6.04)
(327.10, 358.22, 6.04)
(327.10, 358.22, 6.04)
(327.10, 358.22, 6.04)
(327.10, 358.22, 6.04)
(327.32, 358.91, 3.73)
(327.32, 358.91, 3.73)
(327.32, 358.91, 3.73)
(327.32, 358.91, 3.73)
(327.32, 358.91, 3.73)
(327.32, 358.91, 3.73)
(327.32, 358.91, 3.73)
(327.32, 358.91, 3.73)
(327.32, 358.91, 3.73)
(327.32, 358.91, 3.73)
(327.32, 358.91, 3.73)
(327.32, 358.91, 3.73)
(327.32, 358.91, 3.73)
(336.69, 359.54, 2.24)
(336.69, 359.54, 2.24)
(334.61, 359.54, 2.24)
(334.61, 359.54, 2.24)
(334.61, 359.54, 2.24)
(334.61, 358.75, 5.53)
(334.61, 358.75, 5.53)
(335.71, 358.50, 6.98)
(335.71, 358.50, 6.98)
(335.71, 358.50, 6.98)
(335.71, 358.50, 6.98)
(335.71, 358.50, 6.98)
(342.00, 359.48, 3.26)
(342.00, 359.48, 3.26)
(342.00, 359.48, 3.26)
(339.85, 358.62, 3.26)
(339.85, 358.62, 3.26)
(339.85, 358.62, 3.26)
(339.85, 358.62, 7.74)
(339.85, 358.62, 7.74)
(335.49, 357.75, 10.32)
(335.49, 357.75, 10.32)
(335.49, 357.75, 10.32)
(335.49, 357.75, 10.32)
(335.49, 357.75, 10.32)
(335.49, 357.75, 10.32)
(334.03, 357.99, 8.71)
(334.03, 357.99, 8.71)
(334.03, 357.99, 8.71)
(334.03, 357.99, 8.71)
(334.03, 357.99, 8.71)
(339.73, 359.71, 1.60)
(339.73, 359.71, 1.60)
(341.62, 0.42, 357.40)
(341.62, 0.42, 357.40)
(341.62, 0.42, 357.40)
(341.62, 0.42, 357.40)
(341.62, 0.42, 357.40)
(341.62, 0.42, 357.40)
(340.60, 359.68, 1.85)
(340.60, 359.68, 1.85)
(340.60, 359.68, 1.85)
(340.60, 359.68, 1.85)
(340.60, 359.68, 1.85)
(340.34, 359.92, 0.43)
(340.34, 359.92, 0.43)
(340.34, 359.92, 0.43)
(341.82, 0.06, 359.61)
(341.82, 0.06, 359.61)
(341.82, 0.06, 359.61)
(341.82, 0.06, 359.61)
(341.82, 0.06, 359.61)
(350.37, 359.89, 1.28)
(350.37, 359.89, 1.28)
(350.37, 359.89, 1.28)
(350.37, 359.89, 1.28)
(350.37, 359.89, 1.28)
(350.37, 359.89, 1.28)
(350.37, 359.89, 1.28)
(350.37, 359.89, 1.28)
(350.37, 359.89, 1.28)
(350.37, 359.89, 1.28)
(350.37, 359.89, 1.28)
(350.37, 359.89, 1.28)
(350.37, 359.89, 1.28)
(350.37, 359.89, 1.28)
(350.37, 359.89, 1.28)
(350.37, 359.89, 1.28)
(354.11, 359.13, 7.74)
(354.11, 359.13, 7.74)
(354.11, 359.79, 4.17)
(354.11, 359.79, 4.17)
(354.11, 359.79, 4.17)
(354.26, 359.80, 3.91)
(354.26, 359.80, 3.91)
(354.26, 359.80, 3.91)
(354.26, 359.80, 3.91)
(354.26, 359.80, 3.91)
(352.42, 359.72, 4.21)
(352.42, 359.72, 4.21)
(352.42, 359.72, 4.21)
(354.37, 0.01, 359.77)
(354.37, 0.01, 359.77)
(354.37, 0.01, 359.77)
(354.37, 0.01, 359.77)
(354.37, 0.01, 359.77)
(353.78, 0.07, 358.74)
(353.78, 0.07, 358.74)
(353.78, 0.07, 358.74)
(353.78, 0.07, 358.74)
(353.78, 0.07, 358.74)
(353.08, 0.06, 359.09)
(353.08, 0.06, 359.09)
(353.08, 0.06, 359.09)
(350.54, 0.07, 359.21)
(350.54, 0.07, 359.21)
(350.54, 0.07, 359.21)
(350.54, 0.07, 359.21)
(350.54, 0.07, 359.21)
(351.89, 0.06, 359.13)
(351.89, 0.06, 359.13)
(351.89, 0.06, 359.13)
(351.89, 0.06, 359.13)
(351.89, 0.06, 359.13)
(355.38, 0.05, 358.69)
(355.38, 0.05, 358.69)
(355.38, 0.05, 358.69)
(354.40, 359.94, 1.15)
(354.40, 359.94, 1.15)
(354.40, 359.94, 1.15)
(354.40, 359.94, 1.15)
(354.40, 359.94, 1.15)
(355.22, 359.92, 2.01)
(355.22, 359.92, 2.01)
(355.22, 359.92, 2.01)
(355.22, 359.92, 2.01)
(355.22, 359.92, 2.01)
(354.67, 359.94, 1.39)
(354.67, 359.94, 1.39)
(354.67, 359.94, 1.39)
(352.23, 359.94, 1.39)
(352.23, 359.94, 1.39)
(352.23, 359.94, 1.39)
(352.23, 0.00, 0.04)
(352.23, 0.00, 0.04)
(352.23, 0.00, 0.04)
(352.23, 0.00, 0.04)
(352.23, 0.00, 0.04)
(352.23, 0.00, 0.04)
(352.23, 0.00, 0.04)
(352.23, 0.00, 0.04)
(352.23, 0.00, 0.04)
(352.23, 0.00, 0.04)
(352.23, 0.00, 0.04)
(352.23, 0.00, 0.04)
(0.08, 0.00, 0.87)
(0.08, 0.00, 0.87)
(0.08, 0.00, 0.87)
(0.95, 0.01, 1.08)
(0.95, 0.01, 1.08)
(0.95, 0.01, 1.08)
(0.95, 0.01, 1.08)
(0.95, 0.01, 1.08)
(359.32, 359.98, 3.17)
(359.32, 359.98, 3.17)
(359.32, 359.98, 3.17)
(359.32, 359.98, 3.17)
(359.32, 359.98, 3.17)
(357.57, 359.95, 2.30)
(357.57, 359.95, 2.30)
(356.30, 359.95, 1.44)
(356.30, 359.95, 1.44)
(356.30, 359.95, 1.44)
(356.30, 359.95, 1.44)
(356.30, 359.95, 1.44)
(355.82, 359.95, 1.39)
(355.82, 359.95, 1.39)
(355.82, 359.95, 1.39)
(355.82, 359.95, 1.39)
(355.82, 359.95, 1.39)
(355.82, 359.95, 1.39)
(359.00, 359.99, 1.32)
(359.00, 359.99, 1.32)
(0.38, 0.00, 1.06)
(0.38, 0.00, 1.06)
(0.38, 0.00, 1.06)
(0.38, 0.00, 1.06)
(0.38, 0.00, 1.06)
(0.38, 0.00, 1.06)
(1.35, 0.00, 0.05)
(1.35, 0.00, 0.05)
(1.35, 0.00, 0.05)
(1.35, 0.00, 0.05)
(1.35, 0.00, 0.05)
(358.56, 359.98, 1.48)
(358.56, 359.98, 1.48)
(358.56, 359.98, 1.48)
(357.79, 359.94, 2.96)
(357.79, 359.94, 2.96)
(357.79, 359.94, 2.96)
(357.79, 359.94, 2.96)
(357.79, 359.94, 2.96)
(355.45, 359.91, 2.16)
(355.45, 359.91, 2.16)
(355.45, 359.91, 2.16)
(355.45, 359.91, 2.16)
(355.45, 359.91, 2.16)
(350.05, 359.80, 2.28)
(350.05, 359.80, 2.28)
(350.05, 359.80, 2.28)
(350.05, 359.80, 2.28)
(350.05, 359.80, 2.28)
(350.05, 359.80, 2.28)
(350.05, 359.80, 2.28)
(350.05, 359.80, 2.28)
(350.05, 359.80, 2.28)
(350.05, 359.80, 2.28)
(350.05, 359.80, 2.28)
(350.05, 359.80, 2.28)
(350.05, 359.80, 2.28)
(350.05, 359.80, 2.28)
(350.05, 359.80, 2.28)
(350.05, 359.80, 2.28)
(350.66, 359.64, 4.42)
(350.66, 359.64, 4.42)
(350.66, 359.64, 4.42)
(350.66, 359.64, 4.42)
(350.66, 359.64, 4.42)
(346.81, 0.61, 354.76)
(346.81, 0.61, 354.76)
(346.81, 0.61, 354.76)
(337.89, 0.60, 356.93)
(337.89, 0.60, 356.93)
(337.89, 0.60, 356.93)
(337.89, 0.60, 356.93)
(337.89, 0.60, 356.93)
(338.42, 0.50, 357.39)
(338.42, 0.50, 357.39)
(338.42, 0.50, 357.39)
(338.42, 0.50, 357.39)
(338.42, 0.50, 357.39)
(343.92, 0.06, 359.60)
(343.92, 0.06, 359.60)
(343.92, 0.06, 359.60)
(343.30, 359.21, 5.39)
(343.30, 359.21, 5.39)
(343.30, 359.21, 5.39)
(343.30, 359.21, 5.39)
(343.30, 359.21, 5.39)
(343.52, 358.67, 9.15)
(343.52, 358.67, 9.15)
(343.52, 358.67, 9.15)
(343.52, 358.67, 9.15)
(343.52, 358.67, 9.15)
(343.70, 358.66, 9.35)
(343.70, 358.66, 9.35)
(343.70, 358.66, 9.35)
(331.79, 358.66, 9.35)
(331.79, 358.66, 9.35)
(331.79, 358.66, 9.35)
(331.79, 359.08, 3.66)
(331.79, 359.08, 3.66)
(327.84, 358.10, 6.60)
(327.84, 358.10, 6.60)
(327.84, 358.10, 6.60)
(327.84, 358.10, 6.60)
(327.84, 358.10, 6.60)
(328.25, 357.49, 8.80)
(328.25, 357.49, 8.80)
(328.25, 357.49, 8.80)
(328.25, 357.49, 8.80)
(328.25, 357.49, 8.80)
(328.25, 357.49, 8.80)
(329.78, 359.81, 0.72)
(329.78, 359.81, 0.72)
(328.26, 359.59, 1.44)
(328.26, 359.59, 1.44)
(328.26, 359.59, 1.44)
(328.26, 359.59, 1.44)
(328.26, 359.59, 1.44)
(328.26, 359.59, 1.44)
(328.26, 359.59, 1.44)
(328.26, 359.59, 1.44)
(328.26, 359.59, 1.44)
(328.26, 359.59, 1.44)
(328.26, 359.59, 1.44)
(328.26, 359.59, 1.44)
(328.26, 359.59, 1.44)
(328.26, 359.59, 1.44)
(328.26, 359.59, 1.44)
(320.49, 357.88, 5.89)
(320.49, 357.88, 5.89)
(324.65, 358.86, 3.57)
(324.65, 358.86, 3.57)
(324.65, 358.86, 3.57)
(324.65, 358.86, 3.57)
(324.65, 358.86, 3.57)
(324.65, 358.86, 3.57)
(322.85, 358.60, 4.16)
(322.85, 358.60, 4.16)
(319.54, 357.83, 5.89)
(319.54, 357.83, 5.89)
(319.54, 357.83, 5.89)
(319.54, 357.83, 5.89)
(319.54, 357.83, 5.89)
(319.51, 356.44, 9.63)
(319.51, 356.44, 9.63)
(319.51, 356.44, 9.63)
(319.51, 356.44, 9.63)
(319.51, 356.44, 9.63)
(319.51, 356.44, 9.63)
(315.69, 355.80, 10.30)
(315.69, 355.80, 10.30)
(314.59, 356.08, 9.36)
(314.59, 356.08, 9.36)
(314.59, 356.08, 9.36)
(314.59, 356.08, 9.36)
(314.59, 356.08, 9.36)
(314.59, 356.08, 9.36)
(312.82, 355.09, 11.21)
(312.82, 355.09, 11.21)
(312.82, 355.09, 11.21)
(312.82, 355.09, 11.21)
(312.82, 355.09, 11.21)
(307.97, 353.81, 12.64)
(307.97, 353.81, 12.64)
(303.88, 352.49, 14.05)
(303.88, 352.49, 14.05)
(303.88, 352.49, 14.05)
(303.88, 352.49, 14.05)
(303.88, 352.49, 14.05)
(303.88, 352.49, 14.05)
(305.64, 352.39, 14.75)
(305.64, 352.39, 14.75)
(305.64, 352.39, 14.75)
(305.64, 352.39, 14.75)
(305.64, 352.39, 14.75)
(306.11, 356.15, 7.56)
(306.11, 356.15, 7.56)
(306.11, 356.15, 7.56)
(304.07, 353.12, 12.92)
(304.07, 353.12, 12.92)
(304.07, 353.12, 12.92)
(304.07, 353.12, 12.92)
(304.07, 353.12, 12.92)
(304.07, 353.12, 12.92)
(304.07, 353.12, 12.92)
(304.07, 353.12, 12.92)
(304.07, 353.12, 12.92)
(304.07, 353.12, 12.92)
(304.07, 353.12, 12.92)
(304.07, 353.12, 12.92)
(304.07, 353.12, 12.92)
(304.07, 353.12, 12.92)
(304.07, 353.12, 12.92)
(304.07, 353.12, 12.92)
(304.07, 353.12, 12.92)
(304.07, 353.12, 12.92)
(292.24, 347.32, 18.79)
(292.24, 347.32, 18.79)
(292.24, 347.32, 18.79)
(289.93, 348.89, 15.79)
(289.93, 348.89, 15.79)
(289.93, 348.89, 15.79)
(289.93, 348.89, 15.79)
(289.93, 348.89, 15.79)
(286.90, 347.28, 17.10)
(286.90, 347.28, 17.10)
(286.90, 347.28, 17.10)
(286.90, 347.28, 17.10)
(286.90, 347.28, 17.10)
(286.26, 342.66, 22.98)
(286.26, 342.66, 22.98)
(286.26, 342.66, 22.98)
(281.16, 333.74, 31.68)
(281.16, 333.74, 31.68)
(281.16, 333.74, 31.68)
(281.16, 333.74, 31.68)
(278.52, 321.10, 44.59)
(278.52, 321.10, 44.59)
(278.52, 321.10, 44.59)
(278.52, 321.10, 44.59)
(278.52, 321.10, 44.59)
(277.59, 332.67, 31.04)
(277.59, 332.67, 31.04)
(277.59, 332.67, 31.04)
(277.59, 332.67, 31.04)
(277.59, 332.67, 31.04)
(277.59, 332.67, 31.04)
(275.53, 292.17, 73.04)
(275.53, 292.17, 73.04)
(277.35, 251.94, 114.91)
(277.35, 251.94, 114.91)
(277.35, 251.94, 114.91)
(277.35, 251.94, 114.91)
(277.35, 251.94, 114.91)
(277.35, 251.94, 114.91)
(271.98, 132.51, 226.05)
(271.98, 132.51, 226.05)
(271.98, 132.51, 226.05)
(271.98, 132.51, 226.05)
(271.98, 132.51, 226.05)
(285.33, 145.99, 206.26)
(285.33, 145.99, 206.26)
(291.93, 215.00, 155.96)
(291.93, 215.00, 155.96)
(291.93, 215.00, 155.96)
(291.93, 215.00, 155.96)
(291.93, 215.00, 155.96)
(292.84, 213.53, 157.38)
(292.84, 213.53, 157.38)
(292.84, 213.53, 157.38)
(292.84, 213.53, 157.38)
(292.84, 213.53, 157.38)
(292.84, 213.53, 157.38)
(292.84, 213.53, 157.38)
(292.84, 213.53, 157.38)
(292.84, 213.53, 157.38)
(292.84, 213.53, 157.38)
(292.84, 213.53, 157.38)
(292.84, 213.53, 157.38)
(292.84, 213.53, 157.38)
(292.84, 213.53, 157.38)
(292.84, 213.53, 157.38)
(316.10, 201.34, 171.32)
(316.10, 201.34, 171.32)
(316.10, 201.34, 171.32)
(309.86, 177.05, 181.38)
(309.86, 177.05, 181.38)
(313.18, 186.37, 177.24)
(313.18, 186.37, 177.24)
(313.18, 186.37, 177.24)
(313.18, 186.37, 177.24)
(313.18, 186.37, 177.24)
(313.20, 184.50, 178.05)
(313.20, 184.50, 178.05)
(313.20, 184.50, 178.05)
(312.27, 184.50, 178.05)
(312.27, 184.50, 178.05)
(312.27, 190.01, 175.56)
(312.27, 190.01, 175.56)
(312.27, 190.01, 175.56)
(317.24, 202.87, 170.94)
(317.24, 202.87, 170.94)
(317.24, 202.87, 170.94)
(317.24, 202.87, 170.94)
(317.24, 202.87, 170.94)
(312.30, 202.38, 170.00)
(312.30, 202.38, 170.00)
(312.30, 202.38, 170.00)
(312.30, 202.38, 170.00)
(312.30, 202.38, 170.00)
(312.43, 199.72, 171.24)
(312.43, 199.72, 171.24)
(312.43, 199.72, 171.24)
(317.45, 195.74, 173.84)
(317.45, 195.74, 173.84)
(317.45, 195.74, 173.84)
(317.45, 195.74, 173.84)
(317.45, 195.74, 173.84)
(317.15, 197.73, 173.00)
(317.15, 197.73, 173.00)
(317.15, 197.73, 173.00)
(317.15, 197.73, 173.00)
(317.15, 197.73, 173.00)
(322.45, 192.85, 175.62)
(322.45, 192.85, 175.62)
(322.45, 192.85, 175.62)
(316.07, 187.53, 176.96)
(316.07, 187.53, 176.96)
(316.07, 187.53, 176.96)
(316.07, 187.53, 176.96)
(316.07, 187.53, 176.96)
(315.51, 186.97, 177.15)
(315.51, 186.97, 177.15)
(315.51, 186.97, 177.15)
(315.51, 186.97, 177.15)
(315.51, 186.97, 177.15)
(315.81, 189.79, 176.02)
(315.81, 189.79, 176.02)
(315.81, 189.79, 176.02)
(315.81, 189.79, 176.02)
(315.81, 189.79, 176.02)
(315.81, 189.79, 176.02)
(315.81, 189.79, 176.02)
(315.81, 189.79, 176.02)
(315.81, 189.79, 176.02)
(315.81, 189.79, 176.02)
(315.81, 189.79, 176.02)
(315.81, 189.79, 176.02)
(315.81, 189.79, 176.02)
(316.30, 184.88, 178.04)
(316.30, 184.88, 178.04)
(317.96, 183.49, 178.66)
(317.96, 183.49, 178.66)
(317.96, 183.49, 178.66)
(317.96, 183.49, 178.66)
(317.96, 183.49, 178.66)
(318.75, 179.01, 180.37)
(318.75, 179.01, 180.37)
(318.75, 179.01, 180.37)
(318.75, 179.01, 180.37)
(318.75, 179.01, 180.37)
(316.09, 186.20, 177.50)
(316.09, 186.20, 177.50)
(315.79, 186.03, 177.55)
(315.79, 186.03, 177.55)
(315.79, 186.03, 177.55)
(315.79, 186.03, 177.55)
(315.79, 186.03, 177.55)
(315.79, 186.03, 177.55)
(316.90, 185.92, 177.66)
(316.90, 185.92, 177.66)
(316.90, 185.92, 177.66)
(316.90, 185.92, 177.66)
(316.90, 185.92, 177.66)
(316.90, 185.92, 177.66)
(317.90, 185.21, 177.99)
(317.90, 185.21, 177.99)
(314.74, 185.61, 177.99)
(314.74, 185.61, 177.99)
(314.74, 185.61, 177.99)
(314.74, 185.61, 177.66)
(314.74, 185.61, 177.66)
(314.74, 185.61, 177.66)
(317.09, 184.27, 178.32)
(317.09, 184.27, 178.32)
(317.09, 184.27, 178.32)
(317.09, 184.27, 178.32)
(317.09, 184.27, 178.32)
(317.09, 184.27, 178.32)
(320.57, 183.33, 178.81)
(320.57, 183.33, 178.81)
(316.14, 184.15, 178.81)
(316.14, 184.15, 178.81)
(316.14, 184.15, 178.81)
(316.14, 184.15, 178.33)
(316.14, 184.15, 178.33)
(316.14, 184.15, 178.33)
(314.27, 185.79, 177.56)
(314.27, 185.79, 177.56)
(314.27, 185.79, 177.56)
(314.27, 185.79, 177.56)
(314.47, 184.80, 177.98)
(314.47, 184.80, 177.98)
(314.47, 184.80, 177.98)
(314.47, 184.80, 177.98)
(314.47, 184.80, 177.98)
(314.47, 184.80, 177.98)
(314.47, 184.80, 177.98)
(314.47, 184.80, 177.98)
(314.47, 184.80, 177.98)
(314.47, 184.80, 177.98)
(314.47, 184.80, 177.98)
(314.47, 184.80, 177.98)
(314.47, 184.80, 177.98)
(314.47, 184.80, 177.98)
(314.47, 184.80, 177.98)
(314.47, 184.80, 177.98)
(314.47, 184.80, 177.98)
(317.67, 174.95, 181.96)
(317.67, 174.95, 181.96)
(317.67, 174.95, 181.96)
(317.67, 174.95, 181.96)
(317.67, 174.95, 181.96)
(318.77, 168.50, 184.34)
(318.77, 168.50, 184.34)
(318.77, 168.50, 184.34)
(318.77, 168.50, 184.34)
(318.77, 168.50, 184.34)
(318.77, 168.50, 184.34)
(319.42, 157.75, 188.32)
(319.42, 157.75, 188.32)
(316.69, 164.93, 186.01)
(316.69, 164.93, 186.01)
(316.69, 164.93, 186.01)
(316.69, 164.93, 186.01)
(316.69, 164.93, 186.01)
(316.69, 164.93, 186.01)
(318.28, 167.68, 184.71)
(318.28, 167.68, 184.71)
(318.28, 167.68, 184.71)
(318.28, 167.68, 184.71)
(318.28, 167.68, 184.71)
(318.46, 166.08, 185.30)
(318.46, 166.08, 185.30)
(318.46, 166.08, 185.30)
(316.32, 163.90, 186.49)
(316.32, 163.90, 186.49)
(316.32, 163.90, 186.49)
(316.32, 163.90, 186.49)
(316.32, 163.90, 186.49)
(316.32, 163.90, 186.49)
(316.68, 166.56, 185.36)
(316.68, 166.56, 185.36)
(316.68, 166.56, 185.36)
(316.68, 166.56, 185.36)
(316.68, 166.56, 185.36)
(321.25, 174.43, 181.96)
(321.25, 174.43, 181.96)
(321.25, 174.43, 181.96)
(322.54, 154.04, 188.94)
(322.54, 154.04, 188.94)
(322.54, 154.04, 188.94)
(322.54, 154.04, 188.94)
(322.54, 154.04, 188.94)
(322.54, 154.04, 188.94)
(313.41, 154.45, 191.15)
(313.41, 154.45, 191.15)
(313.41, 154.45, 191.15)
(313.41, 154.45, 191.15)
(313.41, 154.45, 191.15)
(308.23, 166.47, 186.59)
(308.23, 166.47, 186.59)
(308.23, 166.47, 186.59)
(317.36, 168.94, 184.33)
(317.36, 168.94, 184.33)
(317.36, 168.94, 184.33)
(317.36, 168.94, 184.33)
(317.36, 168.94, 184.33)
(317.36, 168.94, 184.33)
(317.36, 168.94, 184.33)
(317.36, 168.94, 184.33)
(317.36, 168.94, 184.33)
(317.36, 168.94, 184.33)
(317.36, 168.94, 184.33)
(317.36, 168.94, 184.33)
(317.36, 168.94, 184.33)
(317.36, 168.94, 184.33)
(317.36, 168.94, 184.33)
(317.36, 168.94, 184.33)
(317.36, 168.94, 184.33)
(308.34, 165.30, 187.15)
(308.34, 165.30, 187.15)
(307.11, 176.53, 181.73)
(307.11, 176.53, 181.73)
(307.11, 176.53, 181.73)
(307.11, 176.53, 181.73)
(307.11, 176.53, 181.73)
(307.11, 176.53, 181.73)
(303.45, 163.00, 189.19)
(303.45, 163.00, 189.19)
(303.45, 163.00, 189.19)
(298.04, 182.22, 178.67)
(298.04, 182.22, 178.67)
(298.04, 182.22, 178.67)
(298.04, 182.22, 178.67)
(298.04, 182.22, 178.67)
(295.83, 186.01, 176.23)
(295.83, 186.01, 176.23)
(295.83, 186.01, 176.23)
(295.83, 186.01, 176.23)
(295.83, 186.01, 176.23)
(295.83, 186.01, 176.23)
(290.53, 175.49, 183.13)
(290.53, 175.49, 183.13)
(290.53, 175.49, 183.13)
(284.60, 166.15, 190.73)
(284.60, 166.15, 190.73)
(284.60, 166.15, 190.73)
(284.60, 166.15, 190.73)
(284.60, 166.15, 190.73)
(284.70, 169.13, 188.40)
(284.70, 169.13, 188.40)
(284.70, 169.13, 188.40)
(284.70, 169.13, 188.40)
(284.70, 169.13, 188.40)
(284.70, 169.13, 188.40)
(281.59, 169.79, 188.34)
(281.59, 169.79, 188.34)
(281.59, 169.79, 188.34)
(284.20, 184.49, 176.50)
(284.20, 184.49, 176.50)
(284.20, 184.49, 176.50)
(284.20, 184.49, 176.50)
(288.15, 167.03, 189.42)
(288.15, 167.03, 189.42)
(288.15, 167.03, 189.42)
(288.15, 167.03, 189.42)
(288.15, 167.03, 189.42)
(288.15, 167.03, 189.42)
(280.72, 237.30, 131.30)
(280.72, 237.30, 131.30)
(280.72, 237.30, 131.30)
(281.60, 235.23, 133.78)
(281.60, 235.23, 133.78)
(281.60, 235.23, 133.78)
(281.60, 235.23, 133.78)
(281.60, 235.23, 133.78)
(281.60, 235.23, 133.78)
(281.60, 235.23, 133.78)
(281.60, 235.23, 133.78)
(281.60, 235.23, 133.78)
(281.60, 235.23, 133.78)
(281.60, 235.23, 133.78)
(281.60, 235.23, 133.78)
(281.60, 235.23, 133.78)
(281.60, 235.23, 133.78)
(281.60, 235.23, 133.78)
(281.60, 235.23, 133.78)
(281.60, 235.23, 133.78)
(281.60, 235.23, 133.78)
(281.60, 235.23, 133.78)
(279.37, 235.67, 131.74)
(279.37, 235.67, 131.74)
(279.37, 235.67, 131.74)
(279.37, 235.67, 131.74)
(279.37, 235.67, 131.74)
(283.18, 242.68, 128.45)
(283.18, 242.68, 128.45)
(283.18, 242.68, 128.45)
(284.66, 253.47, 120.09)
(284.66, 253.47, 120.09)
(284.66, 253.47, 120.09)
(284.66, 253.47, 120.09)
(284.66, 253.47, 120.09)
(284.66, 253.47, 120.09)
(289.16, 263.24, 115.43)
(289.16, 263.24, 115.43)
(289.16, 263.24, 115.43)
(289.16, 263.24, 115.43)
(289.16, 263.24, 115.43)
(289.16, 263.24, 115.43)
(284.11, 258.92, 114.61)
(284.11, 258.92, 114.61)
(281.49, 247.16, 123.04)
(281.49, 247.16, 123.04)
(281.49, 247.16, 123.04)
(281.49, 247.16, 123.04)
(281.49, 247.16, 123.04)
(281.49, 247.16, 123.04)
(283.89, 252.44, 120.35)
(283.89, 252.44, 120.35)
(283.89, 252.44, 120.35)
(283.89, 252.44, 120.35)
(283.89, 252.44, 120.35)
(283.89, 252.44, 120.35)
(281.87, 249.05, 121.65)
(281.87, 249.05, 121.65)
(281.87, 249.05, 121.65)
(281.87, 249.05, 121.65)
(281.87, 249.05, 121.65)
(276.40, 251.10, 114.84)
(276.40, 251.10, 114.84)
(276.40, 251.10, 114.84)
(276.29, 232.55, 132.29)
(276.29, 232.55, 132.29)
(276.29, 232.55, 132.29)
(276.29, 232.55, 132.29)
(276.29, 232.55, 132.29)
(276.29, 232.55, 132.29)
(278.47, 233.36, 133.15)
(278.47, 233.36, 133.15)
(278.47, 233.36, 133.15)
(278.47, 233.36, 133.15)
(278.47, 233.36, 133.15)
(278.45, 241.76, 125.44)
(278.45, 241.76, 125.44)
(278.45, 241.76, 125.44)
(276.57, 232.25, 132.77)
(276.57, 232.25, 132.77)
(276.57, 232.25, 132.77)
(276.57, 232.25, 132.77)
(276.57, 232.25, 132.77)
(276.57, 232.25, 132.77)
(276.57, 232.25, 132.77)
(276.57, 232.25, 132.77)
(276.57, 232.25, 132.77)
(276.57, 232.25, 132.77)
(276.57, 232.25, 132.77)
(276.57, 232.25, 132.77)
(276.57, 232.25, 132.77)
(276.57, 232.25, 132.77)
(276.57, 232.25, 132.77)
(276.57, 232.25, 132.77)
(273.73, 254.84, 108.73)
(273.73, 254.84, 108.73)
(273.73, 254.84, 108.73)
(270.18, 274.41, 85.77)
(270.18, 274.41, 85.77)
(270.18, 274.41, 85.77)
(270.18, 274.41, 85.77)
(270.18, 274.41, 85.77)
(274.57, 15.17, 343.58)
(274.57, 15.17, 343.58)
(274.57, 15.17, 343.58)
(274.04, 291.57, 72.23)
(274.04, 291.57, 72.23)
(274.04, 291.57, 72.23)
(274.04, 291.57, 72.23)
(274.04, 291.57, 72.23)
(274.04, 291.57, 72.23)
(273.77, 274.09, 89.69)
(273.77, 274.09, 89.69)
(273.77, 274.09, 89.69)
(273.77, 274.09, 89.69)
(273.77, 274.09, 89.69)
(272.21, 285.87, 76.27)
(272.21, 285.87, 76.27)
(272.21, 285.87, 76.27)
(273.08, 301.56, 61.10)
(273.08, 301.56, 61.10)
(273.08, 301.56, 61.10)
(273.08, 301.56, 61.10)
(273.08, 301.56, 61.10)
(273.08, 301.56, 61.10)
(273.08, 298.10, 64.65)
(273.08, 298.10, 64.65)
(274.98, 243.88, 120.50)
(274.98, 243.88, 120.50)
(274.98, 243.88, 120.50)
(274.98, 243.88, 120.50)
(274.98, 243.88, 120.50)
(278.07, 122.96, 230.52)
(278.07, 122.96, 230.52)
(278.07, 122.96, 230.52)
(278.07, 122.96, 230.52)
(278.07, 122.96, 230.52)
(278.07, 122.96, 230.52)
(271.16, 24.29, 335.22)
(271.16, 24.29, 335.22)
(271.16, 24.29, 335.22)
(271.16, 24.29, 335.22)
(271.16, 24.29, 335.22)
(270.58, 202.79, 157.43)
(270.58, 202.79, 157.43)
(270.58, 202.79, 157.43)
(270.69, 215.20, 145.20)
(270.69, 215.20, 145.20)
(270.69, 215.20, 145.20)
(270.69, 215.20, 145.20)
(270.69, 215.20, 145.20)
(270.60, 211.04, 149.26)
(270.60, 211.04, 149.26)
(270.60, 211.04, 149.26)
(270.60, 211.04, 149.26)
(270.60, 211.04, 149.26)
(270.60, 211.04, 149.26)
(270.60, 211.04, 149.26)
(270.60, 211.04, 149.26)
(270.60, 211.04, 149.26)
(270.60, 211.04, 149.26)
(270.60, 211.04, 149.26)
(270.60, 211.04, 149.26)
(270.60, 211.04, 149.26)
(270.60, 211.04, 149.26)
(270.65, 206.30, 153.98)
(270.65, 206.30, 153.98)
(270.65, 206.30, 153.98)
(270.60, 211.62, 148.70)
(270.60, 211.62, 148.70)
(270.60, 211.62, 148.70)
(270.60, 211.62, 148.70)
(270.60, 211.62, 148.70)
(270.59, 204.69, 155.56)
(270.59, 204.69, 155.56)
(270.59, 204.69, 155.56)
(270.59, 204.69, 155.56)
(270.59, 204.69, 155.56)
(270.59, 204.69, 155.56)
(270.67, 202.83, 157.43)
(270.67, 202.83, 157.43)
(270.67, 202.83, 157.43)
(270.54, 206.15, 154.09)
(270.54, 206.15, 154.09)
(270.54, 206.15, 154.09)
(270.54, 206.15, 154.09)
(270.54, 206.15, 154.09)
(270.62, 204.22, 156.04)
(270.62, 204.22, 156.04)
(270.62, 204.22, 156.04)
(270.62, 204.22, 156.04)
(270.62, 204.22, 156.04)
(270.62, 204.22, 156.04)
(270.58, 204.97, 155.27)
(270.58, 204.97, 155.27)
(270.58, 204.97, 155.27)
(270.58, 204.97, 155.27)
(270.58, 204.97, 155.27)
(270.62, 206.55, 153.73)
(270.62, 206.55, 153.73)
(270.62, 206.55, 153.73)
(270.60, 204.75, 155.50)
(270.60, 204.75, 155.50)
(270.60, 204.75, 155.50)
(270.60, 204.75, 155.50)
(270.60, 204.75, 155.50)
(270.62, 201.31, 158.92)
(270.62, 201.31, 158.92)
(270.62, 201.31, 158.92)
(270.52, 200.74, 159.44)
(270.52, 200.74, 159.44)
(270.52, 200.74, 159.44)
(270.52, 200.74, 159.44)
(270.52, 200.74, 159.44)
(270.87, 206.95, 153.44)
(270.87, 206.95, 153.44)
(270.87, 206.95, 153.44)
(270.87, 206.95, 153.44)
(270.87, 206.95, 153.44)
(270.87, 206.95, 153.44)
(270.46, 196.92, 163.22)
(270.46, 196.92, 163.22)
(270.46, 196.92, 163.22)
(270.46, 196.92, 163.22)
(270.46, 196.92, 163.22)
(270.46, 196.92, 163.22)
(270.46, 196.92, 163.22)
(270.46, 196.92, 163.22)
(270.46, 196.92, 163.22)
(270.46, 196.92, 163.22)
(270.46, 196.92, 163.22)
(270.46, 196.92, 163.22)
(270.46, 196.92, 163.22)
(270.46, 196.92, 163.22)
(270.46, 196.92, 163.22)
(270.46, 196.92, 163.22)
(270.46, 196.92, 163.22)
(270.63, 200.25, 159.96)
(270.63, 200.25, 159.96)
(270.63, 200.25, 159.96)
(270.63, 200.25, 159.96)
(270.63, 200.25, 159.96)
(270.71, 208.68, 151.66)
(270.71, 208.68, 151.66)
(270.71, 208.68, 151.66)
(270.71, 208.68, 151.66)
(270.71, 208.68, 151.66)
(270.71, 208.68, 151.66)
(270.46, 194.15, 165.96)
(270.46, 194.15, 165.96)
(270.46, 194.15, 165.96)
(270.74, 202.99, 157.30)
(270.74, 202.99, 157.30)
(270.74, 202.99, 157.30)
(270.74, 202.99, 157.30)
(270.74, 202.99, 157.30)
(270.80, 208.96, 151.43)
(270.80, 208.96, 151.43)
(270.80, 208.96, 151.43)
(270.80, 208.96, 151.43)
(270.80, 208.96, 151.43)
(270.80, 208.96, 151.43)
(270.52, 197.37, 162.78)
(270.52, 197.37, 162.78)
(270.75, 209.79, 150.58)
(270.75, 209.79, 150.58)
(270.75, 209.79, 150.58)
(270.75, 209.79, 150.58)
(270.75, 209.79, 150.58)
(270.70, 208.95, 151.39)
(270.70, 208.95, 151.39)
(270.70, 208.95, 151.39)
(270.70, 208.95, 151.39)
(270.70, 208.95, 151.39)
(270.70, 208.95, 151.39)
(270.45, 188.07, 172.00)
(270.45, 188.07, 172.00)
(270.45, 188.07, 172.00)
(270.69, 204.01, 156.27)
(270.69, 204.01, 156.27)
(270.69, 204.01, 156.27)
(270.69, 204.01, 156.27)
(270.69, 204.01, 156.27)
(270.67, 209.56, 150.77)
(270.67, 209.56, 150.77)
(270.67, 209.56, 150.77)
(270.67, 209.56, 150.77)
(270.67, 209.56, 150.77)
(270.67, 209.56, 150.77)
(270.57, 193.49, 166.64)
(270.57, 193.49, 166.64)
(270.57, 193.49, 166.64)
(270.57, 193.49, 166.64)
(270.57, 193.49, 166.64)
(270.75, 200.38, 159.88)
(270.75, 200.38, 159.88)
(270.75, 200.38, 159.88)
(270.75, 200.38, 159.88)
(270.75, 200.38, 159.88)
(270.75, 200.38, 159.88)
(270.75, 200.38, 159.88)
(270.75, 200.38, 159.88)
(270.75, 200.38, 159.88)
(270.75, 200.38, 159.88)
(270.75, 200.38, 159.88)
(270.75, 200.38, 159.88)
(270.75, 200.38, 159.88)
(270.75, 200.38, 159.88)
(270.67, 205.78, 154.51)
(270.67, 205.78, 154.51)
(270.53, 206.47, 153.77)
(270.53, 206.47, 153.77)
(270.53, 206.47, 153.77)
(270.53, 206.47, 153.77)
(270.53, 206.47, 153.77)
(270.57, 195.72, 164.44)
(270.57, 195.72, 164.44)
(270.57, 195.72, 164.44)
(270.60, 207.44, 152.83)
(270.60, 207.44, 152.83)
(270.60, 207.44, 152.83)
(270.60, 207.44, 152.83)
(270.60, 207.44, 152.83)
(270.53, 195.46, 164.68)
(270.53, 195.46, 164.68)
(270.53, 195.46, 164.68)
(270.53, 195.46, 164.68)
(270.53, 195.46, 164.68)
(270.63, 197.62, 162.57)
(270.63, 197.62, 162.57)
(270.63, 197.62, 162.57)
(270.63, 197.62, 162.57)
(270.63, 197.62, 162.57)
(270.59, 205.31, 154.94)
(270.59, 205.31, 154.94)
(270.56, 200.67, 159.53)
(270.56, 200.67, 159.53)
(270.56, 200.67, 159.53)
(270.56, 200.67, 159.53)
(270.56, 200.67, 159.53)
(270.59, 198.62, 161.57)
(270.59, 198.62, 161.57)
(270.59, 198.62, 161.57)
(270.59, 198.62, 161.57)
(270.59, 198.62, 161.57)
(270.56, 207.46, 152.80)
(270.56, 207.46, 152.80)
(270.56, 207.46, 152.80)
(270.67, 201.50, 158.75)
(270.67, 201.50, 158.75)
(270.67, 201.50, 158.75)
(270.67, 201.50, 158.75)
(270.67, 201.50, 158.75)
(270.57, 200.84, 159.36)
(270.57, 200.84, 159.36)
(270.57, 200.84, 159.36)
(270.57, 200.84, 159.36)
(270.57, 200.84, 159.36)
(270.61, 203.01, 157.23)
(270.61, 203.01, 157.23)
(270.61, 203.01, 157.23)
(270.61, 203.01, 157.23)
(270.61, 203.01, 157.23)
(270.61, 203.01, 157.23)
(270.61, 203.01, 157.23)
(270.61, 203.01, 157.23)
(270.61, 203.01, 157.23)
(270.61, 203.01, 157.23)
(270.61, 203.01, 157.23)
(270.61, 203.01, 157.23)
(270.61, 203.01, 157.23)
(270.61, 203.01, 157.23)
(270.61, 203.01, 157.23)
(270.61, 203.01, 157.23)
(270.61, 203.01, 157.23)
(270.61, 201.78, 158.44)
(270.61, 201.78, 158.44)
(270.61, 201.78, 158.44)
(270.61, 201.78, 158.44)
(270.61, 201.78, 158.44)
(270.61, 201.78, 158.44)
(270.64, 203.21, 157.05)
(270.64, 203.21, 157.05)
(270.64, 203.21, 157.05)
(270.64, 203.21, 157.05)
(270.64, 203.21, 157.05)
(270.59, 204.06, 156.18)
(270.59, 204.06, 156.18)
(270.59, 204.06, 156.18)
(270.59, 195.17, 164.98)
(270.59, 195.17, 164.98)
(270.59, 195.17, 164.98)
(270.59, 195.17, 164.98)
(270.59, 195.17, 164.98)
(270.59, 195.17, 164.98)
(270.63, 199.65, 160.56)
(270.63, 199.65, 160.56)
(270.63, 199.65, 160.56)
(270.63, 199.65, 160.56)
(270.63, 199.65, 160.56)
(270.61, 206.55, 153.73)
(270.62, 206.55, 153.73)
(270.62, 206.55, 153.73)
(270.62, 206.55, 153.73)
(270.62, 199.86, 160.35)
(270.62, 199.86, 160.35)
(270.59, 200.13, 160.07)
(270.59, 200.13, 160.07)
(270.59, 200.13, 160.07)
(270.59, 200.13, 160.07)
(270.59, 200.13, 160.07)
(270.59, 200.13, 160.07)
(270.64, 204.61, 155.66)
(270.64, 204.61, 155.66)
(270.64, 204.61, 155.66)
(270.62, 197.81, 162.38)
(270.62, 197.81, 162.38)
(270.62, 197.81, 162.38)
(270.62, 197.81, 162.38)
(270.62, 197.81, 162.38)
(270.61, 203.61, 156.63)
(270.61, 203.61, 156.63)
(270.61, 203.61, 156.63)
(270.59, 204.06, 156.18)
(270.59, 204.06, 156.18)
(270.59, 204.06, 156.18)
(270.59, 204.06, 156.18)
(270.59, 204.06, 156.18)
(270.61, 197.38, 162.80)
(270.61, 197.38, 162.80)
(270.61, 197.38, 162.80)
(270.61, 197.38, 162.80)
(270.61, 197.38, 162.80)
(270.61, 197.38, 162.80)
(270.61, 197.38, 162.80)
(270.61, 197.38, 162.80)
(270.61, 197.38, 162.80)
(270.61, 197.38, 162.80)
(270.61, 197.38, 162.80)
(270.61, 197.38, 162.80)
(270.61, 197.38, 162.80)
(270.61, 197.38, 162.80)
(270.61, 197.38, 162.80)
(270.61, 197.38, 162.80)
(270.61, 197.38, 162.80)
(270.59, 197.33, 162.85)
(270.59, 197.33, 162.85)
(270.58, 196.87, 163.30)
(270.58, 196.87, 163.30)
(270.58, 196.87, 163.30)
(270.58, 196.87, 163.30)
(270.58, 196.87, 163.30)
(270.58, 196.87, 163.30)
(270.60, 200.53, 159.68)
(270.60, 200.53, 159.68)
(270.63, 203.11, 157.14)
(270.63, 203.11, 157.14)
(270.63, 203.11, 157.14)
(270.63, 203.11, 157.14)
(270.63, 203.11, 157.14)
(270.63, 203.11, 157.14)
(270.64, 203.45, 156.80)
(270.64, 203.45, 156.80)
(270.64, 203.45, 156.80)
(270.64, 203.45, 156.80)
(270.64, 203.45, 156.80)
(270.61, 203.26, 156.97)
(270.61, 203.26, 156.97)
(270.61, 203.26, 156.97)
(270.57, 197.07, 163.10)
(270.57, 197.07, 163.10)
(270.57, 197.07, 163.10)
(270.57, 197.07, 163.10)
(270.57, 197.07, 163.10)
(270.57, 197.07, 163.10)
(270.63, 207.13, 153.15)
(270.63, 207.13, 153.15)
(270.63, 207.13, 153.15)
(270.63, 207.13, 153.15)
(270.63, 207.13, 153.15)
(270.61, 203.26, 156.97)
(270.61, 203.26, 156.97)
(270.61, 203.26, 156.97)
(270.62, 200.47, 159.74)
(270.62, 200.47, 159.74)
(270.62, 200.47, 159.74)
(270.62, 200.47, 159.74)
(270.62, 200.47, 159.74)
(270.62, 200.47, 159.74)
(270.63, 201.68, 158.55)
(270.63, 201.68, 158.55)
(270.63, 201.68, 158.55)
(270.65, 203.54, 156.72)
(270.65, 203.54, 156.72)
(270.65, 203.54, 156.72)
(270.65, 203.54, 156.72)
(270.65, 203.54, 156.72)
(270.57, 197.27, 162.90)
(270.57, 197.27, 162.90)
(270.57, 197.27, 162.90)
(270.57, 197.27, 162.90)
(270.57, 197.27, 162.90)
(270.57, 197.27, 162.90)
(270.57, 197.27, 162.90)
(270.57, 197.27, 162.90)
(270.57, 197.27, 162.90)
(270.57, 197.27, 162.90)
(270.57, 197.27, 162.90)
(270.57, 197.27, 162.90)
(270.57, 197.27, 162.90)
(270.57, 197.27, 162.90)
(270.57, 197.27, 162.90)
(270.57, 197.27, 162.90)
(270.57, 197.27, 162.90)
(270.57, 197.27, 162.90)
(270.57, 197.27, 162.90)
(270.59, 209.28, 151.01)
(270.59, 209.28, 151.01)
(270.59, 209.28, 151.01)
(270.59, 209.28, 151.01)
(270.59, 209.28, 151.01)
(270.63, 199.65, 160.56)
(270.63, 199.65, 160.56)
(270.63, 199.65, 160.56)
(270.61, 200.31, 159.91)
(270.61, 200.31, 159.91)
(270.61, 200.31, 159.91)
(270.61, 200.31, 159.91)
(270.61, 200.31, 159.91)
(270.62, 203.36, 156.89)
(270.62, 203.36, 156.89)
(270.62, 203.36, 156.89)
(270.62, 203.36, 156.89)
(270.62, 203.36, 156.89)
(270.62, 203.36, 156.89)
(270.61, 205.95, 154.31)
(270.61, 205.95, 154.31)
(270.64, 207.97, 152