(275.07, 245.27, 119.25)
(275.07, 245.27, 119.25)
(275.07, 245.27, 119.25)
(275.07, 245.27, 119.25)
(274.67, 238.81, 125.11)
(274.67, 238.81, 125.11)
(274.67, 238.81, 125.11)
(274.67, 238.81, 125.11)
(274.67, 238.81, 125.11)
(274.89, 246.24, 118.17)
(274.89, 246.24, 118.17)
(274.89, 246.24, 118.17)
(274.89, 246.24, 118.17)
(274.89, 246.24, 118.17)
(274.89, 246.24, 118.17)
(275.11, 249.71, 115.01)
(275.11, 249.71, 115.01)
(275.11, 249.71, 115.01)
(275.39, 243.58, 121.15)
(275.39, 243.58, 121.15)
(275.39, 243.58, 121.15)
(275.39, 243.58, 121.15)
(275.39, 243.58, 121.15)
(275.39, 243.58, 121.15)
(275.39, 243.58, 121.15)
(275.39, 243.58, 121.15)
(275.39, 243.58, 121.15)
(274.64, 234.85, 128.86)
(274.29, 240.95, 122.73)
(274.29, 240.95, 122.73)
(274.29, 240.95, 122.73)
(274.35, 240.63, 123.09)
(274.35, 240.63, 123.09)
(274.35, 240.63, 123.09)
(274.35, 240.63, 123.09)
(274.35, 240.63, 123.09)
(274.35, 240.63, 123.09)
(274.35, 240.63, 123.09)
(274.35, 240.63, 123.09)
(274.28, 239.13, 124.48)
(274.28, 239.13, 124.48)
(274.28, 239.13, 124.48)
(274.81, 240.25, 123.84)
(274.81, 240.25, 123.84)
(274.81, 240.25, 123.84)
(274.38, 231.01, 132.31)
(274.38, 231.01, 132.31)
(274.38, 231.01, 132.31)
(274.38, 231.01, 132.31)
(274.38, 231.01, 132.31)
(274.38, 231.01, 132.31)
(274.38, 231.01, 132.31)
(274.38, 231.01, 132.31)
(274.38, 231.01, 132.31)
(274.38, 231.01, 132.31)
(274.38, 231.01, 132.31)
(274.38, 231.01, 132.31)
(274.38, 231.01, 132.31)
(274.38, 231.01, 132.31)
(275.34, 241.04, 123.53)
(275.34, 241.04, 123.53)
(275.34, 241.04, 123.53)
(275.34, 241.04, 123.53)
(275.34, 241.04, 123.53)
(274.87, 242.63, 121.61)
(274.87, 242.63, 121.61)
(274.87, 242.63, 121.61)
(274.87, 242.63, 121.61)
(274.87, 242.63, 121.61)
(274.87, 242.63, 121.61)
(274.11, 232.99, 130.22)
(274.11, 232.99, 130.22)
(274.19, 229.54, 133.57)
(274.19, 229.54, 133.57)
(274.19, 229.54, 133.57)
(274.19, 229.54, 133.57)
(274.19, 229.54, 133.57)
(274.41, 236.49, 127.11)
(274.41, 236.49, 127.11)
(274.41, 236.49, 127.11)
(274.41, 236.49, 127.11)
(274.41, 236.49, 127.11)
(274.41, 236.49, 127.11)
(274.41, 236.49, 127.11)
(274.41, 236.49, 127.11)
(274.20, 231.50, 131.72)
(274.20, 231.50, 131.72)
(274.20, 231.50, 131.72)
(274.45, 229.91, 133.41)
(274.45, 229.91, 133.41)
(274.59, 232.35, 131.20)
(274.59, 232.35, 131.20)
(274.59, 232.35, 131.20)
(274.59, 232.35, 131.20)
(274.59, 232.35, 131.20)
(274.59, 232.35, 131.20)
(274.74, 236.67, 127.20)
(274.74, 236.67, 127.20)
(274.74, 236.67, 127.20)
(274.74, 236.67, 127.20)
(274.74, 236.67, 127.20)
(274.74, 236.67, 127.20)
(274.73, 240.47, 123.56)
(274.73, 240.47, 123.56)
(274.73, 240.47, 123.56)
(274.73, 240.47, 123.56)
(274.73, 240.47, 123.56)
(274.41, 239.00, 124.70)
(274.41, 239.00, 124.70)
(274.43, 238.28, 125.41)
(274.43, 238.28, 125.41)
(274.43, 238.28, 125.41)
(274.43, 238.28, 125.41)
(274.43, 238.28, 125.41)
(274.43, 238.28, 125.41)
(274.59, 238.52, 125.31)
(274.59, 238.52, 125.31)
(274.59, 238.52, 125.31)
(274.59, 238.52, 125.31)
(274.59, 238.52, 125.31)
(274.59, 238.52, 125.31)
(274.86, 243.65, 120.62)
(274.86, 243.65, 120.62)
(274.86, 243.65, 120.62)
(274.74, 242.76, 121.37)
(274.74, 242.76, 121.37)
(274.74, 242.76, 121.37)
(274.74, 242.76, 121.37)
(274.45, 243.76, 120.16)
(274.45, 243.76, 120.16)
(274.45, 243.76, 120.16)
(274.45, 243.76, 120.16)
(274.45, 243.76, 120.16)
(274.45, 243.76, 120.16)
(274.40, 241.66, 122.14)
(274.40, 241.66, 122.14)
(274.54, 236.23, 127.47)
(274.54, 236.23, 127.47)
(274.54, 236.23, 127.47)
(274.54, 236.23, 127.47)
(274.54, 236.23, 127.47)
(274.54, 236.23, 127.47)
(275.18, 240.03, 124.36)
(275.18, 240.03, 124.36)
(275.18, 240.03, 124.36)
(275.18, 240.03, 124.36)
(275.18, 240.03, 124.36)
(275.18, 240.03, 124.36)
(273.88, 229.88, 133.03)
(273.88, 229.88, 133.03)
(273.79, 236.02, 127.07)
(273.79, 236.02, 127.07)
(273.79, 236.02, 127.07)
(273.79, 236.02, 127.07)
(273.79, 236.02, 127.07)
(274.85, 243.84, 120.43)
(274.85, 243.84, 120.43)
(274.85, 243.84, 120.43)
(274.85, 243.84, 120.43)
(274.85, 243.84, 120.43)
(274.85, 243.84, 120.43)
(275.58, 240.90, 123.86)
(275.58, 240.90, 123.86)
(274.78, 241.73, 122.40)
(274.78, 241.73, 122.40)
(274.78, 241.73, 122.40)
(274.78, 241.73, 122.40)
(274.78, 241.73, 122.40)
(274.30, 240.21, 123.45)
(274.30, 240.21, 123.45)
(274.30, 240.21, 123.45)
(274.30, 240.21, 123.45)
(274.30, 240.21, 123.45)
(274.30, 240.21, 123.45)
(274.59, 234.78, 128.88)
(274.59, 234.78, 128.88)
(274.59, 234.78, 128.88)
(274.82, 232.98, 130.77)
(274.82, 232.98, 130.77)
(274.82, 232.98, 130.77)
(274.82, 232.98, 130.77)
(274.82, 232.98, 130.77)
(274.82, 232.98, 130.77)
(274.82, 232.98, 130.77)
(274.00, 232.19, 130.90)
(274.00, 232.19, 130.90)
(274.00, 232.19, 130.90)
(274.00, 232.19, 130.90)
(274.94, 241.62, 122.64)
(274.94, 241.62, 122.64)
(275.02, 232.37, 131.50)
(275.02, 232.37, 131.50)
(275.02, 232.37, 131.50)
(275.02, 232.37, 131.50)
(275.02, 232.37, 131.50)
(274.92, 233.35, 130.50)
(274.92, 233.35, 130.50)
(274.92, 233.35, 130.50)
(274.92, 233.35, 130.50)
(274.92, 233.35, 130.50)
(274.38, 233.65, 129.80)
(274.38, 233.65, 129.80)
(274.38, 233.65, 129.80)
(274.38, 233.65, 129.80)
(274.38, 233.65, 129.80)
(274.38, 233.65, 129.80)
(274.31, 234.96, 128.49)
(274.31, 234.96, 128.49)
(274.53, 233.75, 129.82)
(274.53, 233.75, 129.82)
(274.53, 233.75, 129.82)
(274.53, 233.75, 129.82)
(274.53, 233.75, 129.82)
(274.53, 233.75, 129.82)
(274.90, 238.01, 126.05)
(274.90, 238.01, 126.05)
(275.18, 235.75, 128.42)
(275.18, 235.75, 128.42)
(275.18, 235.75, 128.42)
(275.18, 235.75, 128.42)
(275.18, 235.75, 128.42)
(275.18, 235.75, 128.42)
(275.18, 235.75, 128.42)
(275.05, 235.68, 128.39)
(275.05, 235.68, 128.39)
(275.05, 235.68, 128.39)
(275.05, 235.68, 128.39)
(274.58, 230.61, 132.84)
(274.58, 230.61, 132.84)
(274.58, 230.61, 132.84)
(274.58, 230.61, 132.84)
(274.58, 230.61, 132.84)
(274.50, 231.27, 132.16)
(274.50, 231.27, 132.16)
(274.50, 231.27, 132.16)
(274.63, 234.11, 129.56)
(274.63, 234.11, 129.56)
(274.63, 234.11, 129.56)
(274.63, 234.11, 129.56)
(274.63, 234.11, 129.56)
(274.65, 232.72, 130.89)
(274.65, 232.72, 130.89)
(274.65, 232.72, 130.89)
(274.65, 232.72, 130.89)
(274.65, 232.72, 130.89)
(275.59, 232.95, 131.39)
(275.59, 232.95, 131.39)
(275.59, 232.95, 131.39)
(275.59, 232.95, 131.39)
(275.59, 232.95, 131.39)
(275.59, 232.95, 131.39)
(275.59, 232.95, 131.39)
(275.59, 232.95, 131.39)
(274.35, 228.89, 134.31)
(274.35, 228.89, 134.31)
(274.35, 228.89, 134.31)
(274.35, 228.89, 134.31)
(274.35, 228.89, 134.31)
(274.35, 228.89, 134.31)
(275.55, 232.14, 132.12)
(275.55, 232.14, 132.12)
(275.55, 232.14, 132.12)
(275.55, 232.14, 132.12)
(275.55, 232.14, 132.12)
(275.81, 237.46, 127.31)
(275.81, 237.46, 127.31)
(275.81, 237.46, 127.31)
(275.90, 244.31, 120.89)
(275.90, 244.31, 120.89)
(275.90, 244.31, 120.89)
(275.90, 244.31, 120.89)
(275.90, 244.31, 120.89)
(274.18, 224.98, 137.90)
(274.18, 224.98, 137.90)
(274.75, 226.46, 136.89)
(274.75, 226.46, 136.89)
(274.75, 226.46, 136.89)
(274.75, 226.46, 136.89)
(274.75, 226.46, 136.89)
(274.75, 226.46, 136.89)
(274.75, 226.46, 136.89)
(274.75, 226.46, 136.89)
(274.75, 226.46, 136.89)
(274.96, 225.18, 138.23)
(274.96, 225.18, 138.23)
(274.96, 225.18, 138.23)
(274.96, 230.52, 133.21)
(274.96, 230.52, 133.21)
(274.96, 230.52, 133.21)
(274.96, 230.52, 133.21)
(274.96, 230.52, 133.21)
(275.11, 232.76, 131.20)
(275.11, 232.76, 131.20)
(275.11, 232.76, 131.20)
(275.28, 232.03, 132.02)
(275.28, 232.03, 132.02)
(275.28, 232.03, 132.02)
(275.28, 232.03, 132.02)
(275.28, 232.03, 132.02)
(275.28, 232.03, 132.02)
(275.28, 232.03, 132.02)
(275.28, 232.03, 132.02)
(275.28, 232.03, 132.02)
(274.90, 238.40, 125.69)
(274.90, 238.40, 125.69)
(274.90, 238.40, 125.69)
(274.90, 238.40, 125.69)
(274.87, 231.99, 131.74)
(274.87, 231.99, 131.74)
(274.87, 231.99, 131.74)
(274.87, 231.99, 131.74)
(274.87, 231.99, 131.74)
(275.32, 228.04, 135.80)
(275.32, 228.04, 135.80)
(275.32, 228.04, 135.80)
(275.32, 228.04, 135.80)
(275.32, 228.04, 135.80)
(275.42, 237.82, 126.66)
(275.42, 237.82, 126.66)
(275.42, 237.82, 126.66)
(275.42, 237.82, 126.66)
(274.94, 234.96, 128.99)
(274.94, 234.96, 128.99)
(274.94, 234.96, 128.99)
(274.94, 234.96, 128.99)
(274.94, 234.96, 128.99)
(275.02, 233.91, 130.05)
(275.02, 233.91, 130.05)
(275.02, 233.91, 130.05)
(275.02, 233.91, 130.05)
(275.02, 233.91, 130.05)
(275.02, 233.91, 130.05)
(275.02, 233.91, 130.05)
(275.02, 233.91, 130.05)
(274.83, 236.06, 127.86)
(274.83, 236.06, 127.86)
(274.83, 236.06, 127.86)
(274.83, 236.06, 127.86)
(274.83, 236.06, 127.86)
(274.59, 232.74, 130.83)
(274.59, 232.74, 130.83)
(274.59, 232.74, 130.83)
(274.59, 232.74, 130.83)
(274.59, 232.74, 130.83)
(275.80, 235.99, 128.69)
(275.80, 235.99, 128.69)
(275.80, 235.99, 128.69)
(275.80, 235.99, 128.69)
(275.51, 233.71, 130.61)
(275.51, 233.71, 130.61)
(275.51, 233.71, 130.61)
(275.51, 233.71, 130.61)
(275.51, 233.71, 130.61)
(274.16, 232.78, 130.47)
(274.16, 232.78, 130.47)
(274.16, 232.78, 130.47)
(274.16, 232.78, 130.47)
(274.86, 231.44, 132.27)
(274.86, 231.44, 132.27)
(274.86, 231.44, 132.27)
(274.86, 231.44, 132.27)
(274.86, 231.44, 132.27)
(274.86, 231.44, 132.27)
(275.36, 236.09, 128.24)
(275.36, 236.09, 128.24)
(275.30, 237.44, 126.92)
(275.30, 237.44, 126.92)
(275.30, 237.44, 126.92)
(275.30, 237.44, 126.92)
(275.30, 237.44, 126.92)
(275.30, 237.44, 126.92)
(275.30, 237.44, 126.92)
(275.30, 237.44, 126.92)
(275.30, 237.44, 126.92)
(274.69, 232.45, 131.18)
(274.69, 232.45, 131.18)
(274.69, 232.45, 131.18)
(274.69, 231.31, 132.27)
(274.69, 231.31, 132.27)
(274.91, 233.45, 130.39)
(274.91, 233.45, 130.39)
(274.91, 233.45, 130.39)
(274.91, 233.45, 130.39)
(274.69, 235.37, 128.40)
(274.69, 235.37, 128.40)
(274.69, 235.37, 128.40)
(274.69, 235.37, 128.40)
(274.69, 235.37, 128.40)
(274.69, 235.37, 128.40)
(274.69, 235.37, 128.40)
(274.69, 235.37, 128.40)
(274.69, 235.37, 128.40)
(274.88, 237.35, 126.66)
(274.95, 237.03, 127.02)
(274.95, 237.03, 127.02)
(274.95, 237.03, 127.02)
(274.95, 237.03, 127.02)
(274.95, 237.03, 127.02)
(274.87, 234.76, 129.13)
(274.87, 234.76, 129.13)
(274.94, 234.89, 129.05)
(274.94, 234.89, 129.05)
(274.94, 234.89, 129.05)
(274.94, 234.89, 129.05)
(274.98, 239.15, 125.03)
(274.98, 239.15, 125.03)
(274.98, 239.15, 125.03)
(274.78, 237.14, 126.80)
(274.78, 237.14, 126.80)
(274.99, 239.48, 124.73)
(274.99, 239.48, 124.73)
(274.86, 239.04, 125.04)
(274.86, 239.04, 125.04)
(274.86, 239.04, 125.04)
(274.86, 239.04, 125.04)
(274.86, 239.04, 125.04)
(274.80, 240.77, 123.33)
(274.80, 240.77, 123.33)
(274.80, 240.77, 123.33)
(274.77, 243.58, 120.62)
(274.77, 243.58, 120.62)
(274.77, 243.58, 120.62)
(274.77, 243.58, 120.62)
(274.77, 243.58, 120.62)
(274.48, 238.80, 124.95)
(274.48, 238.80, 124.95)
(274.48, 238.80, 124.95)
(274.82, 238.93, 125.11)
(274.82, 238.93, 125.11)
(274.77, 238.19, 125.77)
(274.77, 238.19, 125.77)
(274.77, 238.19, 125.77)
(274.51, 235.27, 128.36)
(274.51, 235.27, 128.36)
(274.68, 232.35, 131.26)
(274.68, 232.35, 131.26)
(274.68, 232.35, 131.26)
(274.68, 232.35, 131.26)
(274.68, 232.35, 131.26)
(274.15, 240.20, 123.34)
(274.15, 240.20, 123.34)
(274.15, 240.20, 123.34)
(274.49, 240.87, 122.98)
(274.49, 240.87, 122.98)
(274.49, 240.87, 122.98)
(275.61, 241.77, 123.06)
(275.61, 241.77, 123.06)
(275.69, 243.32, 121.65)
(275.69, 243.32, 121.65)
(275.69, 243.32, 121.65)
(275.69, 243.32, 121.65)
(274.29, 236.46, 127.05)
(274.29, 236.46, 127.05)
(274.29, 236.46, 127.05)
(274.29, 236.46, 127.05)
(273.80, 232.32, 130.63)
(273.80, 232.32, 130.63)
(274.05, 230.82, 132.25)
(274.05, 230.82, 132.25)
(274.05, 230.82, 132.25)
(274.05, 230.82, 132.25)
(274.15, 227.50, 135.48)
(274.15, 227.50, 135.48)
(274.30, 237.75, 125.82)
(274.30, 237.75, 125.82)
(274.30, 237.75, 125.82)
(274.66, 238.50, 125.40)
(274.66, 238.50, 125.40)
(274.66, 238.50, 125.40)
(274.59, 240.71, 123.22)
(274.59, 240.71, 123.22)
(274.59, 240.71, 123.22)
(274.59, 240.71, 123.22)
(274.23, 237.27, 126.22)
(274.23, 237.27, 126.22)
(274.23, 237.27, 126.22)
(274.24, 238.54, 125.01)
(274.24, 238.54, 125.01)
(274.24, 238.54, 125.01)
(274.24, 238.54, 125.01)
(274.24, 238.54, 125.01)
(274.24, 238.54, 125.01)
(274.42, 240.94, 122.85)
(274.42, 240.94, 122.85)
(274.42, 240.94, 122.85)
(274.42, 240.94, 122.85)
(274.42, 240.94, 122.85)
(274.42, 240.94, 122.85)
(274.78, 242.21, 121.94)
(274.78, 242.21, 121.94)
(274.78, 242.21, 121.94)
(275.20, 243.47, 121.10)
(275.20, 243.47, 121.10)
(275.20, 243.47, 121.10)
(275.20, 243.47, 121.10)
(275.20, 243.47, 121.10)
(275.20, 243.47, 121.10)
(275.20, 243.47, 121.10)
(275.20, 243.47, 121.10)
(275.20, 243.47, 121.10)
(275.20, 243.47, 121.10)
(275.20, 243.47, 121.10)
(275.20, 243.47, 121.10)
(275.20, 243.47, 121.10)
(275.20, 243.47, 121.10)
(274.24, 239.62, 123.97)
(274.24, 239.62, 123.97)
(274.24, 239.62, 123.97)
(274.24, 239.62, 123.97)
(274.24, 239.62, 123.97)
(274.24, 239.62, 123.97)
(274.24, 239.62, 123.97)
(274.24, 239.62, 123.97)
(274.24, 239.62, 123.97)
(274.24, 239.62, 123.97)
(274.39, 240.51, 123.24)
(274.39, 240.51, 123.24)
(274.39, 240.51, 123.24)
(274.39, 240.51, 123.24)
(274.39, 240.51, 123.24)
(274.39, 240.51, 123.24)
(274.60, 241.94, 122.05)
(274.39, 238.39, 125.28)
(274.39, 238.39, 125.28)
(274.39, 238.39, 125.28)
(274.39, 238.39, 125.28)
(274.39, 238.39, 125.28)
(274.39, 238.39, 125.28)
(274.39, 238.39, 125.28)
(273.68, 231.08, 131.73)
(273.68, 231.08, 131.73)
(273.68, 231.08, 131.73)
(274.44, 248.46, 115.60)
(274.44, 248.46, 115.60)
(274.44, 248.46, 115.60)
(274.44, 248.46, 115.60)
(275.30, 243.85, 120.81)
(275.30, 243.85, 120.81)
(275.30, 243.85, 120.81)
(275.30, 243.85, 120.81)
(275.30, 243.85, 120.81)
(275.30, 243.85, 120.81)
(275.04, 248.27, 116.34)
(275.04, 248.27, 116.34)
(275.04, 248.27, 116.34)
(274.36, 237.41, 126.19)
(274.36, 237.41, 126.19)
(274.36, 237.41, 126.19)
(274.15, 238.20, 125.27)
(274.15, 238.20, 125.27)
(274.15, 238.20, 125.27)
(274.15, 238.20, 125.27)
(274.15, 238.20, 125.27)
(274.15, 238.20, 125.27)
(274.15, 238.20, 125.27)
(274.15, 238.20, 125.27)
(274.15, 238.20, 125.27)
(274.15, 238.20, 125.27)
(273.79, 231.90, 131.02)
(273.79, 231.90, 131.02)
(273.79, 231.90, 131.02)
(273.79, 231.90, 131.02)
(273.79, 231.90, 131.02)
(274.67, 245.72, 118.46)
(274.67, 245.72, 118.46)
(274.67, 245.72, 118.46)
(274.67, 245.72, 118.46)
(274.67, 245.72, 118.46)
(274.67, 245.72, 118.46)
(274.75, 241.83, 122.28)
(274.75, 241.83, 122.28)
(274.75, 241.83, 122.28)
(274.75, 241.83, 122.28)
(274.75, 241.83, 122.28)
(274.52, 241.43, 122.46)
(274.52, 241.43, 122.46)
(274.31, 243.00, 120.77)
(274.31, 243.00, 120.77)
(274.31, 243.00, 120.77)
(274.31, 243.00, 120.77)
(274.31, 243.00, 120.77)
(274.31, 243.00, 120.77)
(274.48, 242.07, 121.82)
(274.48, 242.07, 121.82)
(274.48, 242.07, 121.82)
(274.48, 242.07, 121.82)
(274.48, 242.07, 121.82)
(274.48, 242.07, 121.82)
(274.48, 242.07, 121.82)
(274.48, 242.07, 121.82)
(274.48, 242.07, 121.82)
(274.48, 242.07, 121.82)
(274.93, 243.68, 120.65)
(274.93, 243.68, 120.65)
(274.93, 243.68, 120.65)
(274.93, 243.68, 120.65)
(275.13, 246.46, 118.16)
(275.13, 246.46, 118.16)
(275.13, 246.46, 118.16)
(275.13, 246.46, 118.16)
(275.13, 246.46, 118.16)
(275.13, 246.46, 118.16)
(275.13, 246.46, 118.16)
(275.13, 246.46, 118.16)
(275.13, 246.46, 118.16)
(274.25, 242.02, 121.67)
(274.25, 242.02, 121.67)
(274.25, 242.02, 121.67)
(274.25, 242.02, 121.67)
(274.62, 243.73, 120.34)
(274.62, 243.73, 120.34)
(274.62, 243.73, 120.34)
(274.62, 243.73, 120.34)
(274.62, 243.73, 120.34)
(274.62, 243.73, 120.34)
(274.62, 243.73, 120.34)
(274.62, 243.73, 120.34)
(274.62, 243.73, 120.34)
(274.62, 243.73, 120.34)
(274.62, 243.73, 120.34)
(275.19, 249.27, 115.51)
(275.19, 249.27, 115.51)
(274.45, 243.77, 120.16)
(274.45, 243.77, 120.16)
(274.45, 243.77, 120.16)
(274.45, 243.77, 120.16)
(274.45, 243.77, 120.16)
(274.45, 243.77, 120.16)
(274.69, 242.99, 121.11)
(274.69, 242.99, 121.11)
(274.69, 242.99, 121.11)
(274.69, 242.99, 121.11)
(274.69, 242.99, 121.11)
(274.69, 242.99, 121.11)
(274.69, 242.99, 121.11)
(274.69, 242.99, 121.11)
(273.52, 241.10, 121.94)
(273.52, 241.10, 121.94)
(273.52, 241.10, 121.94)
(273.52, 241.10, 121.94)
(273.52, 241.10, 121.94)
(275.00, 245.95, 118.54)
(275.00, 245.95, 118.54)
(275.00, 245.95, 118.54)
(275.00, 245.95, 118.54)
(275.00, 245.95, 118.54)
(275.00, 245.95, 118.54)
(275.00, 245.95, 118.54)
(275.00, 245.95, 118.54)
(275.00, 245.95, 118.54)
(275.00, 245.95, 118.54)
(275.00, 245.95, 118.54)
(276.11, 248.49, 117.09)
(276.11, 248.49, 117.09)
(276.11, 248.49, 117.09)
(275.22, 250.31, 114.53)
(275.22, 250.31, 114.53)
(275.22, 250.31, 114.53)
(275.22, 250.31, 114.53)
(274.20, 233.45, 129.85)
(274.20, 233.45, 129.85)
(274.20, 233.45, 129.85)
(274.20, 233.45, 129.85)
(274.20, 233.45, 129.85)
(274.20, 233.45, 129.85)
(274.52, 227.83, 135.43)
(274.52, 227.83, 135.43)
(274.52, 227.83, 135.43)
(274.51, 228.60, 134.70)
(274.51, 228.60, 134.70)
(274.51, 228.60, 134.70)
(274.51, 228.60, 134.70)
(274.51, 228.60, 134.70)
(274.83, 244.96, 119.34)
(274.83, 244.96, 119.34)
(274.83, 244.96, 119.34)
(274.83, 244.96, 119.34)
(274.83, 244.96, 119.34)
(274.83, 244.96, 119.34)
(274.67, 237.48, 126.38)
(274.67, 237.48, 126.38)
(274.67, 237.48, 126.38)
(274.67, 237.48, 126.38)
(274.67, 237.48, 126.38)
(275.99, 243.44, 121.80)
(275.99, 243.44, 121.80)
(277.41, 250.01, 116.80)
(277.41, 250.01, 116.80)
(277.41, 250.01, 116.80)
(277.41, 250.01, 116.80)
(277.41, 250.01, 116.80)
(277.41, 250.01, 116.80)
(277.41, 250.01, 116.80)
(277.41, 250.01, 116.80)
(274.82, 209.86, 152.46)
(274.82, 209.86, 152.46)
(274.82, 209.86, 152.46)
(274.82, 209.86, 152.46)
(274.82, 209.86, 152.46)
(274.82, 209.86, 152.46)
(274.82, 209.86, 152.46)
(274.82, 209.86, 152.46)
(278.43, 211.21, 152.90)
(278.43, 211.21, 152.90)
(278.43, 211.21, 152.90)
(283.71, 214.27, 152.77)
(283.71, 214.27, 152.77)
(283.71, 214.27, 152.77)
(283.71, 214.27, 152.77)
(283.71, 214.27, 152.77)
(286.61, 214.14, 154.22)
(286.61, 214.14, 154.22)
(286.61, 214.14, 154.22)
(287.84, 211.03, 157.13)
(287.84, 211.03, 157.13)
(287.84, 211.03, 157.13)
(287.84, 211.03, 157.13)
(287.84, 211.03, 157.13)
(287.84, 211.03, 157.13)
(287.84, 211.03, 157.13)
(287.84, 211.03, 157.13)
(294.90, 199.71, 167.34)
(294.90, 199.71, 167.34)
(294.90, 199.71, 167.34)
(294.90, 199.71, 167.34)
(294.90, 199.71, 167.34)
(294.90, 199.71, 167.34)
(294.90, 199.71, 167.34)
(294.90, 199.71, 167.34)
(300.96, 193.42, 172.38)
(300.96, 193.42, 172.38)
(300.96, 193.42, 172.38)
(304.67, 206.31, 166.03)
(304.67, 206.31, 166.03)
(304.67, 206.31, 166.03)
(304.67, 206.31, 166.03)
(304.67, 206.31, 166.03)
(304.44, 201.16, 168.76)
(304.44, 201.16, 168.76)
(304.44, 201.16, 168.76)
(304.44, 201.16, 168.76)
(311.12, 210.10, 166.07)
(311.12, 210.10, 166.07)
(311.12, 210.10, 166.07)
(311.12, 210.10, 166.07)
(309.63, 209.13, 166.07)
(309.63, 209.13, 166.07)
(309.63, 209.13, 166.07)
(309.63, 209.13, 166.07)
(309.63, 209.13, 166.07)
(309.63, 209.13, 166.07)
(309.63, 209.13, 166.07)
(309.63, 209.13, 166.07)
(309.63, 209.13, 166.07)
(309.63, 209.13, 166.07)
(309.63, 209.13, 166.07)
(316.99, 199.14, 172.40)
(316.99, 199.14, 172.40)
(316.99, 199.14, 172.40)
(322.96, 216.87, 167.26)
(322.96, 216.87, 167.26)
(322.96, 216.87, 167.26)
(322.96, 216.87, 167.26)
(322.96, 216.87, 167.26)
(318.86, 206.96, 169.72)
(318.86, 206.96, 169.72)
(318.86, 206.96, 169.72)
(318.86, 206.96, 169.72)
(322.52, 204.28, 171.65)
(322.52, 204.28, 171.65)
(322.52, 204.28, 171.65)
(322.52, 204.28, 171.65)
(324.62, 204.18, 172.18)
(324.62, 204.18, 172.18)
(324.62, 204.18, 172.18)
(324.62, 204.18, 172.18)
(324.62, 204.18, 172.18)
(325.88, 205.08, 172.19)
(325.88, 205.08, 172.19)
(325.88, 205.08, 172.19)
(325.88, 205.08, 172.19)
(325.88, 205.08, 172.19)
(325.88, 205.08, 172.19)
(329.72, 210.00, 171.71)
(329.72, 210.00, 171.71)
(329.72, 210.00, 171.71)
(329.72, 210.00, 171.71)
(329.72, 210.00, 171.71)
(331.19, 221.81, 168.80)
(331.19, 221.81, 168.80)
(333.80, 212.83, 172.16)
(333.80, 212.83, 172.16)
(333.80, 212.83, 172.16)
(333.80, 212.83, 172.16)
(333.80, 212.83, 172.16)
(336.61, 218.85, 171.65)
(336.61, 218.85, 171.65)
(336.61, 218.85, 171.65)
(336.61, 218.85, 171.65)
(333.63, 223.04, 169.44)
(333.63, 223.04, 169.44)
(333.63, 223.04, 169.44)
(333.63, 223.04, 169.44)
(333.63, 223.04, 169.44)
(338.77, 237.53, 168.25)
(338.77, 237.53, 168.25)
(338.77, 237.53, 168.25)
(338.77, 237.53, 168.25)
(338.77, 237.53, 168.25)
(339.90, 251.42, 165.48)
(339.90, 251.42, 165.48)
(339.90, 251.42, 165.48)
(338.81, 244.29, 166.59)
(338.81, 244.29, 166.59)
(338.81, 244.29, 166.59)
(338.81, 244.29, 166.59)
(338.81, 244.29, 166.59)
(340.32, 237.11, 169.21)
(340.32, 237.11, 169.21)
(340.32, 237.11, 169.21)
(340.32, 237.11, 169.21)
(340.32, 237.11, 169.21)
(340.32, 237.11, 169.21)
(344.25, 252.19, 168.48)
(344.25, 252.19, 168.48)
(348.84, 264.93, 169.79)
(348.84, 264.93, 169.79)
(348.84, 264.93, 169.79)
(348.84, 264.93, 169.79)
(348.84, 264.93, 169.79)
(353.15, 278.24, 172.09)
(353.15, 278.24, 172.09)
(353.15, 278.24, 172.09)
(353.15, 278.24, 172.09)
(353.15, 278.24, 172.09)
(353.15, 278.24, 172.09)
(352.47, 257.34, 173.97)
(352.47, 257.34, 173.97)
(352.47, 257.34, 173.97)
(358.68, 340.58, 172.28)
(358.68, 340.58, 172.28)
(358.68, 340.58, 172.28)
(358.68, 340.58, 172.28)
(358.68, 340.58, 172.28)
(4.84, 79.63, 174.20)
(4.84, 79.63, 174.20)
(4.84, 79.63, 174.20)
(4.84, 79.63, 174.20)
(4.84, 79.63, 174.20)
(4.84, 79.63, 174.20)
(7.68, 69.92, 169.03)
(4.53, 38.97, 167.25)
(4.53, 38.97, 167.25)
(4.53, 38.97, 167.25)
(4.53, 38.97, 167.25)
(4.53, 38.97, 167.25)
(4.53, 38.97, 167.25)
(4.53, 38.97, 167.25)
(4.53, 38.97, 167.25)
(4.53, 38.97, 167.25)
(4.53, 38.97, 167.25)
(4.53, 38.97, 167.25)
(4.53, 38.97, 167.25)
(16.09, 134.17, 173.16)
(16.09, 134.17, 173.16)
(16.09, 134.17, 173.16)
(14.55, 114.05, 170.53)
(14.55, 114.05, 170.53)
(14.55, 114.05, 170.53)
(14.55, 114.05, 170.53)
(14.55, 114.05, 170.53)
(14.55, 114.05, 170.53)
(14.55, 114.05, 170.53)
(14.55, 114.05, 170.53)
(13.72, 134.78, 174.26)
(20.18, 149.61, 174.47)
(20.18, 149.61, 174.47)
(20.18, 149.61, 174.47)
(20.18, 149.61, 174.47)
(20.18, 149.61, 174.47)
(26.58, 133.62, 168.44)
(26.58, 133.62, 168.44)
(26.58, 133.62, 168.44)
(26.58, 133.62, 168.44)
(26.58, 133.62, 168.44)
(26.58, 133.62, 168.44)
(26.58, 133.62, 168.44)
(27.68, 133.90, 168.03)
(27.68, 133.90, 168.03)
(27.68, 133.90, 168.03)
(27.68, 133.90, 168.03)
(27.68, 133.90, 168.03)
(24.17, 121.50, 166.32)
(24.17, 121.50, 166.32)
(24.17, 121.50, 166.32)
(25.57, 124.90, 166.50)
(25.57, 124.90, 166.50)
(25.57, 124.90, 166.50)
(25.57, 124.90, 166.50)
(25.57, 124.90, 166.50)
(28.32, 136.40, 168.48)
(28.32, 136.40, 168.48)
(28.32, 136.40, 168.48)
(31.98, 149.07, 170.93)
(31.98, 149.07, 170.93)
(31.98, 149.07, 170.93)
(31.98, 149.07, 170.93)
(31.98, 149.07, 170.93)
(31.47, 150.78, 171.60)
(31.47, 150.78, 171.60)
(31.47, 150.78, 171.60)
(31.47, 150.78, 171.60)
(31.47, 150.78, 171.60)
(31.47, 150.78, 171.60)
(32.34, 147.67, 170.39)
(32.34, 147.67, 170.39)
(36.35, 156.09, 172.05)
(36.35, 156.09, 172.05)
(36.35, 156.09, 172.05)
(36.35, 156.09, 172.05)
(36.35, 156.09, 172.05)
(36.35, 156.09, 172.05)
(35.70, 146.63, 168.97)
(35.70, 146.63, 168.97)
(35.70, 146.63, 168.97)
(35.70, 146.63, 168.97)
(35.70, 146.63, 168.97)
(35.18, 143.56, 168.09)
(35.18, 143.56, 168.09)
(35.18, 143.56, 168.09)
(33.99, 151.90, 171.25)
(33.99, 151.90, 171.25)
(33.99, 151.90, 171.25)
(33.99, 151.90, 171.25)
(33.99, 151.90, 171.25)
(36.99, 151.71, 170.36)
(36.99, 151.71, 170.36)
(36.99, 151.71, 170.36)
(36.99, 151.71, 170.36)
(36.99, 151.71, 170.36)
(36.99, 151.71, 170.36)
(37.75, 144.87, 167.65)
(37.75, 144.87, 167.65)
(37.75, 144.87, 167.65)
(37.75, 144.87, 167.65)
(37.75, 144.87, 167.65)
(36.83, 146.64, 168.60)
(36.83, 146.64, 168.60)
(36.83, 146.64, 168.60)
(36.83, 146.64, 168.60)
(36.83, 146.64, 168.60)
(34.73, 147.95, 169.74)
(34.73, 147.95, 169.74)
(34.73, 147.95, 169.74)
(38.46, 148.77, 168.87)
(38.46, 148.77, 168.87)
(38.46, 148.77, 168.87)
(38.46, 148.77, 168.87)
(38.46, 148.77, 168.87)
(38.46, 148.77, 168.87)
(39.29, 151.97, 169.82)
(35.02, 156.21, 172.40)
(35.02, 156.21, 172.40)
(35.02, 156.21, 172.40)
(35.02, 156.21, 172.40)
(35.02, 156.21, 172.40)
(35.65, 152.91, 171.14)
(35.65, 152.91, 171.14)
(35.65, 152.91, 171.14)
(35.65, 152.91, 171.14)
(35.65, 152.91, 171.14)
(35.65, 152.91, 171.14)
(35.65, 152.91, 171.14)
(35.95, 147.16, 169.08)
(35.95, 147.16, 169.08)
(36.74, 146.30, 168.51)
(36.74, 146.30, 168.51)
(36.74, 146.30, 168.51)
(36.74, 146.30, 168.51)
(36.74, 146.30, 168.51)
(36.74, 146.30, 168.51)
(38.04, 152.89, 170.50)
(38.04, 152.89, 170.50)
(38.04, 152.89, 170.50)
(38.10, 152.62, 170.38)
(38.10, 152.62, 170.38)
(38.10, 152.62, 170.38)
(38.10, 152.62, 170.38)
(38.10, 152.62, 170.38)
(38.50, 143.34, 166.80)
(38.50, 143.34, 166.80)
(38.50, 143.34, 166.80)
(38.50, 143.34, 166.80)
(38.50, 143.34, 166.80)
(39.24, 148.41, 168.48)
(39.24, 148.41, 168.48)
(39.24, 148.41, 168.48)
(39.24, 148.41, 168.48)
(39.24, 148.41, 168.48)
(37.69, 156.70, 171.95)
(37.69, 156.70, 171.95)
(37.69, 156.70, 171.95)
(36.58, 153.58, 171.13)
(36.58, 153.58, 171.13)
(36.58, 153.58, 171.13)
(36.58, 153.58, 171.13)
(37.84, 154.47, 171.12)
(37.84, 154.47, 171.12)
(37.84, 154.47, 171.12)
(37.84, 154.47, 171.12)
(37.84, 154.47, 171.12)
(37.84, 154.47, 171.12)
(37.84, 154.47, 171.12)
(38.23, 149.34, 169.14)
(38.23, 149.34, 169.14)
(36.17, 142.50, 167.35)
(36.17, 142.50, 167.35)
(36.17, 142.50, 167.35)
(36.17, 142.50, 167.35)
(36.17, 142.50, 167.35)
(38.17, 150.26, 169.50)
(38.17, 150.26, 169.50)
(38.17, 150.26, 169.50)
(38.17, 150.26, 169.50)
(38.17, 150.26, 169.50)
(38.17, 150.26, 169.50)
(39.06, 151.49, 169.70)
(39.06, 151.49, 169.70)
(39.06, 151.49, 169.70)
(39.06, 151.49, 169.70)
(39.06, 151.49, 169.70)
(39.73, 159.18, 172.41)
(39.73, 159.18, 172.41)
(39.73, 159.18, 172.41)
(37.49, 156.98, 172.10)
(37.49, 156.98, 172.10)
(37.49, 156.98, 172.10)
(37.49, 156.98, 172.10)
(37.49, 156.98, 172.10)
(36.41, 147.54, 169.06)
(36.41, 147.54, 169.06)
(36.41, 147.54, 169.06)
(36.41, 147.54, 169.06)
(36.41, 147.54, 169.06)
(38.39, 140.47, 165.74)
(38.39, 140.47, 165.74)
(38.88, 142.12, 166.19)
(38.88, 142.12, 166.19)
(38.88, 142.12, 166.19)
(38.88, 142.12, 166.19)
(38.88, 142.12, 166.19)
(38.88, 142.12, 166.19)
(37.48, 153.77, 170.96)
(37.48, 153.77, 170.96)
(37.48, 153.77, 170.96)
(37.48, 153.77, 170.96)
(37.48, 153.77, 170.96)
(37.48, 153.77, 170.96)
(37.48, 153.77, 170.96)
(37.48, 153.77, 170.96)
(36.59, 158.26, 172.73)
(36.59, 158.26, 172.73)
(36.59, 158.26, 172.73)
(39.28, 153.88, 170.54)
(39.28, 153.88, 170.54)
(39.28, 153.88, 170.54)
(39.61, 151.71, 169.63)
(39.61, 151.71, 169.63)
(39.61, 151.71, 169.63)
(39.61, 151.71, 169.63)
(39.61, 151.71, 169.63)
(39.05, 152.82, 170.20)
(39.05, 152.82, 170.20)
(39.05, 152.82, 170.20)
(39.05, 152.82, 170.20)
(36.90, 149.16, 169.48)
(36.90, 149.16, 169.48)
(36.90, 149.16, 169.48)
(36.90, 149.16, 169.48)
(36.52, 144.61, 167.98)
(36.52, 144.61, 167.98)
(36.52, 144.61, 167.98)
(36.52, 144.61, 167.98)
(36.52, 144.61, 167.98)
(36.52, 146.56, 168.68)
(36.52, 146.56, 168.68)
(36.52, 146.56, 168.68)
(36.52, 146.56, 168.68)
(36.52, 146.56, 168.68)
(36.52, 146.56, 168.68)
(36.90, 153.46, 171.00)
(36.90, 153.46, 171.00)
(37.25, 150.30, 169.79)
(37.25, 150.30, 169.79)
(37.25, 150.30, 169.79)
(37.25, 150.30, 169.79)
(37.25, 150.30, 169.79)
(37.87, 152.74, 170.49)
(37.87, 152.74, 170.49)
(37.87, 152.74, 170.49)
(37.87, 152.74, 170.49)
(37.87, 152.74, 170.49)
(37.87, 152.74, 170.49)
(37.74, 151.98, 170.25)
(37.74, 151.98, 170.25)
(37.74, 151.98, 170.25)
(37.50, 149.37, 169.38)
(37.50, 149.37, 169.38)
(37.50, 149.37, 169.38)
(37.50, 149.37, 169.38)
(37.50, 149.37, 169.38)
(37.50, 149.37, 169.38)
(37.50, 149.37, 169.38)
(37.50, 149.37, 169.38)
(36.60, 148.40, 169.31)
(36.60, 148.40, 169.31)
(36.60, 148.40, 169.31)
(36.60, 148.40, 169.31)
(36.60, 148.40, 169.31)
(36.93, 154.11, 171.22)
(36.93, 154.11, 171.22)
(36.93, 154.11, 171.22)
(36.93, 154.11, 171.22)
(36.93, 154.11, 171.22)
(37.89, 156.48, 171.83)
(37.89, 156.48, 171.83)
(37.89, 156.48, 171.83)
(37.89, 156.48, 171.83)
(37.89, 156.48, 171.83)
(37.89, 156.48, 171.83)
(36.27, 147.70, 169.17)
(36.27, 147.70, 169.17)
(36.27, 147.70, 169.17)
(35.76, 145.38, 168.52)
(35.76, 145.38, 168.52)
(35.76, 145.38, 168.52)
(35.76, 145.38, 168.52)
(35.76, 145.38, 168.52)
(35.76, 145.38, 168.52)
(35.76, 145.38, 168.52)
(35.76, 145.38, 168.52)
(36.00, 149.65, 169.93)
(37.31, 153.00, 170.73)
(37.31, 153.00, 170.73)
(37.31, 153.00, 170.73)
(37.31, 153.00, 170.73)
(37.26, 153.14, 170.79)
(37.26, 153.14, 170.79)
(37.26, 153.14, 170.79)
(37.26, 153.14, 170.79)
(37.26, 153.14, 170.79)
(37.26, 153.14, 170.79)
(37.26, 153.14, 170.79)
(37.01, 149.90, 169.72)
(37.01, 149.90, 169.72)
(37.01, 149.90, 169.72)
(37.01, 149.90, 169.72)
(36.91, 151.03, 170.14)
(36.91, 151.03, 170.14)
(36.91, 151.03, 170.14)
(36.91, 151.03, 170.14)
(36.91, 151.03, 170.14)
(36.93, 151.53, 170.32)
(36.93, 151.53, 170.32)
(37.51, 151.88, 170.28)
(37.51, 151.88, 170.28)
(37.51, 151.88, 170.28)
(37.51, 151.88, 170.28)
(37.51, 151.88, 170.28)
(37.51, 151.88, 170.28)
(37.51, 151.88, 170.28)
(37.51, 151.88, 170.28)
(37.51, 151.88, 170.28)
(37.51, 151.88, 170.28)
(37.51, 151.88, 170.28)
(36.23, 145.99, 168.58)
(36.23, 145.99, 168.58)
(36.23, 145.99, 168.58)
(37.30, 150.54, 169.86)
(37.30, 150.54, 169.86)
(37.30, 150.54, 169.86)
(37.30, 150.54, 169.86)
(37.30, 150.54, 169.86)
(37.73, 149.57, 169.38)
(37.73, 149.57, 169.38)
(37.73, 149.57, 169.38)
(36.59, 154.86, 171.57)
(36.59, 154.86, 171.57)
(36.59, 154.86, 171.57)
(36.59, 154.86, 171.57)
(36.59, 154.86, 171.57)
(36.59, 154.86, 171.57)
(36.59, 154.86, 171.57)
(36.59, 154.86, 171.57)
(37.06, 152.86, 170.75)
(37.06, 152.86, 170.75)
(37.06, 152.86, 170.75)
(37.06, 152.86, 170.75)
(37.06, 152.86, 170.75)
(37.06, 152.86, 170.75)
(36.23, 151.36, 170.45)
(36.23, 151.36, 170.45)
(36.23, 151.36, 170.45)
(36.23, 151.36, 170.45)
(36.23, 151.36, 170.45)
(36.38, 150.36, 170.06)
(36.38, 150.36, 170.06)
(36.38, 150.36, 170.06)
(36.38, 150.36, 170.06)
(37.16, 151.19, 170.13)
(37.16, 151.19, 170.13)
(37.16, 151.19, 170.13)
(37.16, 151.19, 170.13)
(37.16, 151.19, 170.13)
(37.16, 151.19, 170.13)
(37.16, 151.19, 170.13)
(37.64, 150.40, 169.71)
(37.64, 150.40, 169.71)
(37.64, 150.40, 169.71)
(37.64, 150.40, 169.71)
(37.64, 150.40, 169.71)
(36.42, 152.28, 170.72)
(36.42, 152.28, 170.72)
(36.42, 152.28, 170.72)
(37.34, 153.86, 171.03)
(37.34, 153.86, 171.03)
(37.34, 153.86, 171.03)
(37.34, 153.86, 171.03)
(37.34, 153.86, 171.03)
(37.34, 153.86, 171.03)
(37.34, 153.86, 171.03)
(39.25, 152.85, 170.16)
(39.25, 152.85, 170.16)
(39.25, 152.85, 170.16)
(36.23, 145.67, 168.46)
(36.23, 145.67, 168.46)
(36.23, 145.67, 168.46)
(35.02, 152.75, 171.25)
(35.02, 152.75, 171.25)
(35.02, 152.75, 171.25)
(35.02, 152.75, 171.25)
(35.02, 152.75, 171.25)
(35.97, 153.96, 171.41)
(35.97, 153.96, 171.41)
(35.97, 153.96, 171.41)
(35.97, 153.96, 171.41)
(35.97, 153.96, 171.41)
(35.97, 153.96, 171.41)
(34.88, 149.33, 170.16)
(34.88, 149.33, 170.16)
(34.88, 149.33, 170.16)
(36.86, 148.54, 169.28)
(36.86, 148.54, 169.28)
(36.86, 148.54, 169.28)
(36.86, 148.54, 169.28)
(36.86, 148.54, 169.28)
(40.20, 156.62, 171.34)
(40.20, 156.62, 171.34)
(40.20, 156.62, 171.34)
(40.20, 156.62, 171.34)
(40.20, 156.62, 171.34)
(40.25, 155.92, 171.06)
(40.25, 155.92, 171.06)
(40.25, 155.92, 171.06)
(40.25, 155.92, 171.06)
(40.25, 155.92, 171.06)
(40.70, 146.92, 167.43)
(40.70, 146.92, 167.43)
(40.70, 146.92, 167.43)
(39.73, 149.09, 168.59)
(39.73, 149.09, 168.59)
(39.73, 149.09, 168.59)
(39.73, 149.09, 168.59)
(39.73, 149.09, 168.59)
(39.73, 149.09, 168.59)
(39.73, 149.09, 168.59)
(39.73, 149.09, 168.59)
(30.15, 161.68, 175.03)
(30.15, 161.68, 175.03)
(30.15, 161.68, 175.03)
(30.15, 161.68, 175.03)
(30.15, 161.68, 175.03)
(27.06, 165.57, 176.51)
(27.06, 165.57, 176.51)
(27.06, 165.57, 176.51)
(27.06, 165.57, 176.51)
(27.06, 165.57, 176.51)
(27.06, 165.57, 176.51)
(27.06, 165.57, 176.51)
(27.06, 165.57, 176.51)
(26.92, 175.87, 179.01)
(26.92, 175.87, 179.01)
(26.92, 175.87, 179.01)
(28.97, 161.69, 175.23)
(28.97, 161.69, 175.23)
(28.77, 160.54, 174.97)
(28.77, 160.54, 174.97)
(28.77, 160.54, 174.97)
(28.77, 160.54, 174.97)
(28.77, 160.54, 174.97)
(28.77, 160.54, 174.97)
(23.53, 151.37, 173.91)
(23.53, 151.37, 173.91)
(23.53, 151.37, 173.91)
(23.53, 151.37, 173.91)
(23.53, 151.37, 173.91)
(23.42, 153.80, 174.48)
(23.42, 153.80, 174.48)
(23.42, 153.80, 174.48)
(23.11, 148.55, 173.41)
(23.11, 148.55, 173.41)
(23.11, 148.55, 173.41)
(23.11, 148.55, 173.41)
(23.11, 148.55, 173.41)
(21.83, 149.18, 173.91)
(21.83, 149.18, 173.91)
(21.83, 149.18, 173.91)
(21.83, 149.18, 173.91)
(21.83, 149.18, 173.91)
(21.83, 149.18, 173.91)
(19.44, 146.26, 174.05)
(19.44, 146.26, 174.05)
(17.77, 156.81, 176.32)
(17.77, 156.81, 176.32)
(17.77, 156.81, 176.32)
(17.77, 156.81, 176.32)
(17.77, 156.81, 176.32)
(17.77, 156.81, 176.32)
(18.98, 134.28, 171.94)
(18.98, 134.28, 171.94)
(18.98, 134.28, 171.94)
(18.98, 134.28, 171.94)
(18.98, 134.28, 171.94)
(14.08, 130.56, 173.49)
(14.08, 130.56, 173.49)
(14.08, 130.56, 173.49)
(9.60, 114.14, 173.78)
(9.60, 114.14, 173.78)
(9.60, 114.14, 173.78)
(9.60, 114.14, 173.78)
(9.60, 114.14, 173.78)
(7.86, 115.87, 175.07)
(7.86, 115.87, 175.07)
(7.86, 115.87, 175.07)
(7.86, 115.87, 175.07)
(7.86, 115.87, 175.07)
(7.86, 115.87, 175.07)
(7.86, 115.87, 175.07)
(7.86, 115.87, 175.07)
(0.26, 2.66, 168.79)
(0.26, 2.66, 168.79)
(0.26, 2.66, 168.79)
(0.26, 2.66, 168.79)
(0.26, 2.66, 168.79)
(358.18, 336.72, 171.19)
(358.18, 336.72, 171.19)
(358.18, 336.72, 171.19)
(358.18, 336.72, 171.19)
(358.18, 336.72, 171.19)
(358.18, 336.72, 171.19)
(356.14, 310.01, 171.73)
(356.14, 310.01, 171.73)
(356.14, 310.01, 171.73)
(356.14, 310.01, 171.73)
(356.14, 310.01, 171.73)
(353.84, 264.64, 174.39)
(353.84, 264.64, 174.39)
(353.84, 264.64, 174.39)
(348.63, 251.23, 171.84)
(348.63, 251.23, 171.84)
(348.63, 251.23, 171.84)
(348.63, 251.23, 171.84)
(348.63, 251.23, 171.84)
(348.63, 251.23, 171.84)
(348.63, 251.23, 171.84)
(348.63, 251.23, 171.84)
(350.42, 260.27, 171.92)
(350.42, 260.27, 171.92)
(350.42, 260.27, 171.92)
(350.42, 260.27, 171.92)
(350.42, 260.27, 171.92)
(350.42, 260.27, 171.92)
(348.96, 267.24, 169.48)
(348.96, 267.24, 169.48)
(348.96, 267.24, 169.48)
(348.96, 267.24, 169.48)
(348.96, 267.24, 169.48)
(346.41, 253.55, 169.82)
(346.41, 253.55, 169.82)
(346.41, 253.55, 169.82)
(340.94, 236.10, 169.78)
(340.94, 236.10, 169.78)
(340.94, 236.10, 169.78)
(340.94, 236.10, 169.78)
(340.94, 236.10, 169.78)
(339.82, 241.77, 167.85)
(339.82, 241.77, 167.85)
(339.82, 241.77, 167.85)
(339.82, 241.77, 167.85)
(339.82, 241.77, 167.85)
(338.57, 238.89, 167.80)
(338.57, 238.89, 167.80)
(338.57, 238.89, 167.80)
(335.34, 210.91, 173.08)
(335.34, 210.91, 173.08)
(335.34, 210.91, 173.08)
(335.34, 210.91, 173.08)
(335.34, 210.91, 173.08)
(335.34, 210.91, 173.08)
(331.29, 219.41, 169.53)
(331.29, 219.41, 169.53)
(331.29, 219.41, 169.53)
(331.29, 219.41, 169.53)
(331.29, 219.41, 169.53)
(331.29, 219.41, 169.53)
(331.29, 219.41, 169.53)
(331.29, 219.41, 169.53)
(331.29, 219.41, 169.53)
(331.29, 219.41, 169.53)
(328.53, 210.30, 171.28)
(328.53, 210.30, 171.28)
(328.53, 210.30, 171.28)
(328.53, 210.30, 171.28)
(328.53, 210.30, 171.28)
(330.22, 223.00, 168.04)
(330.22, 223.00, 168.04)
(330.22, 223.00, 168.04)
(325.37, 232.85, 162.39)
(325.37, 232.85, 162.39)
(325.37, 232.85, 162.39)
(321.67, 230.18, 161.51)
(321.67, 230.18, 161.51)
(321.67, 230.18, 161.51)
(321.67, 230.18, 161.51)
(321.67, 230.18, 161.51)
(319.95, 224.97, 162.84)
(319.95, 224.97, 162.84)
(319.95, 224.97, 162.84)
(319.95, 224.97, 162.84)
(319.95, 224.97, 162.84)
(319.95, 224.97, 162.84)
(325.50, 224.72, 165.44)
(325.50, 224.72, 165.44)
(325.50, 224.72, 165.44)
(318.43, 223.22, 162.90)
(318.43, 223.22, 162.90)
(318.43, 223.22, 162.90)
(318.43, 223.22, 162.90)
(318.43, 223.22, 162.90)
(313.56, 219.10, 162.67)
(313.56, 219.10, 162.67)
(313.56, 219.10, 162.67)
(313.56, 219.10, 162.67)
(313.56, 219.10, 162.67)
(313.56, 219.10, 162.67)
(313.56, 219.10, 162.67)
(313.56, 219.10, 162.67)
(313.56, 219.10, 162.67)
(313.56, 219.10, 162.67)
(313.66, 214.15, 165.02)
(313.66, 214.15, 165.02)
(313.66, 214.15, 165.02)
(313.66, 214.15, 165.02)
(308.59, 223.65, 158.18)
(308.59, 223.65, 158.18)
(308.59, 223.65, 158.18)
(308.59, 223.65, 158.18)
(308.59, 223.65, 158.18)
(310.55, 236.94, 151.96)
(310.55, 236.94, 151.96)
(310.55, 236.94, 151.96)
(304.81, 218.16, 159.50)
(304.81, 218.16, 159.50)
(304.81, 218.16, 159.50)
(304.81, 218.16, 159.50)
(304.81, 218.16, 159.50)
(299.77, 221.08, 155.47)
(299.77, 221.08, 155.47)
(299.77, 221.08, 155.47)
(299.77, 221.08, 155.47)
(299.77, 221.08, 155.47)
(305.12, 231.48, 151.89)
(305.12, 231.48, 151.89)
(305.12, 231.48, 151.89)
(303.96, 226.89, 154.01)
(303.96, 226.89, 154.01)
(303.96, 226.89, 154.01)
(303.96, 226.89, 154.01)
(303.96, 226.89, 154.01)
(303.96, 226.89, 154.01)
(297.24, 221.15, 154.21)
(297.24, 221.15, 154.21)
(297.24, 221.15, 154.21)
(297.24, 221.15, 154.21)
(297.24, 221.15, 154.21)
(300.79, 232.66, 148.59)
(300.79, 232.66, 148.59)
(300.79, 232.66, 148.59)
(300.79, 232.66, 148.59)
(300.79, 232.66, 148.59)
(305.42, 230.35, 152.73)
(305.42, 230.35, 152.73)
(305.42, 230.35, 152.73)
(296.16, 240.76, 139.88)
(296.16, 240.76, 139.88)
(296.16, 240.76, 139.88)
(294.39, 241.81, 137.80)
(294.39, 241.81, 137.80)
(294.39, 241.81, 137.80)
(294.39, 241.81, 137.80)
(294.39, 241.81, 137.80)
(294.39, 241.81, 137.80)
(294.39, 241.81, 137.80)
(294.39, 241.81, 137.80)
(300.64, 242.94, 141.54)
(300.64, 242.94, 141.54)
(300.64, 242.94, 141.54)
(300.23, 246.63, 138.62)
(300.23, 246.63, 138.62)
(300.23, 246.63, 138.62)
(300.23, 246.63, 138.62)
(300.23, 246.63, 138.62)
(300.23, 246.63, 138.62)
(300.23, 246.63, 138.62)
(300.23, 246.63, 138.62)
(300.23, 246.63, 138.62)
(300.23, 246.63, 138.62)
(300.23, 246.63, 138.62)
(300.23, 246.63, 138.62)
(300.23, 246.63, 138.62)
(300.23, 246.63, 138.62)
(300.23, 246.63, 138.62)
(300.23, 246.63, 138.62)
(300.23, 246.63, 138.62)
(300.23, 246.63, 138.62)
(292.48, 255.36, 125.38)
(292.48, 255.36, 125.38)
(292.48, 255.36, 125.38)
(292.48, 255.36, 125.38)
(292.48, 255.36, 125.38)
(286.32, 261.43, 114.37)
(286.32, 261.43, 114.37)
(286.32, 261.43, 114.37)
(286.32, 261.43, 114.37)
(286.32, 261.43, 114.37)
(286.32, 261.43, 114.37)
(285.83, 254.50, 120.22)
(285.83, 254.50, 120.22)
(285.83, 254.50, 120.22)
(291.25, 258.52, 121.58)
(291.25, 258.52, 121.58)
(291.25, 258.52, 121.58)
(291.25, 258.52, 121.58)
(288.25, 261.56, 116.08)
(288.25, 261.56, 116.08)
(288.25, 261.56, 116.08)
(288.25, 261.56, 116.08)
(288.25, 261.56, 116.08)
(288.25, 261.56, 116.08)
(288.25, 261.56, 116.08)
(287.89, 258.06, 118.90)
(287.89, 258.06, 118.90)
(287.89, 258.06, 118.90)
(287.89, 258.06, 118.90)
(291.29, 260.46, 119.92)
(291.29, 260.46, 119.92)
(291.29, 260.46, 119.92)
(297.86, 260.78, 125.72)
(297.86, 260.78, 125.72)
(297.86, 260.78, 125.72)
(297.86, 260.78, 125.72)
(297.86, 260.78, 125.72)
(297.86, 260.78, 125.72)
(297.86, 260.78, 125.72)
(287.68, 250.25, 125.58)
(287.68, 250.25, 125.58)
(287.38, 255.60, 120.63)
(287.38, 255.60, 120.63)
(287.38, 255.60, 120.63)
(287.38, 255.60, 120.63)
(287.38, 255.60, 120.63)
(289.62, 254.81, 123.33)
(289.62, 254.81, 123.33)
(289.62, 254.81, 123.33)
(289.62, 254.81, 123.33)
(289.62, 254.81, 123.33)
(289.62, 254.81, 123.33)
(287.79, 252.37, 123.84)
(287.79, 252.37, 123.84)
(287.79, 252.37, 123.84)
(287.79, 252.37, 123.84)
(287.79, 252.37, 123.84)
(287.79, 252.37, 123.84)
(287.79, 252.37, 123.84)
(287.72, 257.09, 119.62)
(287.72, 257.09, 119.62)
(287.72, 257.09, 119.62)
(287.72, 257.09, 119.62)
(287.72, 257.09, 119.62)
(287.72, 257.09, 119.62)
(285.53, 257.23, 117.48)
(285.53, 257.23, 117.48)
(285.53, 257.23, 117.48)
(282.89, 257.63, 114.67)
(282.89, 257.63, 114.67)
(282.89, 257.63, 114.67)
(282.89, 257.63, 114.67)
(282.89, 257.63, 114.67)
(284.91, 259.51, 114.82)
(284.91, 259.51, 114.82)
(284.91, 259.51, 114.82)
(284.91, 259.51, 114.82)
(284.91, 259.51, 114.82)
(284.91, 259.51, 114.82)
(284.91, 259.51, 114.82)
(284.91, 259.51, 114.82)
(284.91, 259.51, 114.82)
(284.69, 264.13, 110.29)
(284.69, 264.13, 110.29)
(284.69, 264.13, 110.29)
(284.69, 264.13, 110.29)
(284.69, 264.13, 110.29)
(284.69, 264.13, 110.29)
(284.69, 264.13, 110.29)
(284.69, 264.13, 110.29)
(283.72, 263.88, 109.59)
(283.72, 263.88, 109.59)
(283.72, 263.88, 109.59)
(285.68, 267.87, 107.72)
(285.68, 267.87, 107.72)
(285.89, 264.27, 111.32)
(285.89, 264.27, 111.32)
(285.89, 264.27, 111.32)
(285.89, 264.27, 111.32)
(285.89, 264.27, 111.32)
(284.04, 272.15, 101.94)
(284.04, 272.15, 101.94)
(284.04, 272.15, 101.94)
(284.04, 272.15, 101.94)
(284.04, 272.15, 101.94)
(284.04, 272.15, 101.94)
(283.65, 269.34, 104.29)
(283.65, 269.34, 104.29)
(283.65, 269.34, 104.29)
(283.65, 269.34, 104.29)
(283.65, 269.34, 104.29)
(283.69, 266.05, 107.50)
(283.69, 266.05, 107.50)
(284.48, 269.76, 104.71)
(284.48, 269.76, 104.71)
(284.48, 269.76, 104.71)
(284.48, 269.76, 104.71)
(284.48, 269.76, 104.71)
(284.48, 269.76, 104.71)
(284.48, 269.76, 104.71)
(283.56, 275.21, 98.44)
(283.56, 275.21, 98.44)
(283.56, 275.21, 98.44)
(283.56, 275.21, 98.44)
(283.56, 275.21, 98.44)
(282.24, 257.66, 114.03)
(282.24, 257.66, 114.03)
(284.19, 263.32, 110.58)
(284.19, 263.32, 110.58)
(284.19, 263.32, 110.58)
(284.19, 263.32, 110.58)
(284.19, 263.32, 110.58)
(284.19, 263.32, 110.58)
(283.77, 270.59, 103.20)
(283.77, 270.59, 103.20)
(283.77, 270.59, 103.20)
(283.77, 270.59, 103.20)
(283.77, 270.59, 103.20)
(283.77, 270.59, 103.20)
(283.77, 270.59, 103.20)
(283.77, 270.59, 103.20)
(280.83, 266.73, 104.02)
(280.83, 266.73, 104.02)
(280.83, 266.73, 104.02)
(280.83, 266.73, 104.02)
(280.83, 266.73, 104.02)
(280.83, 266.73, 104.02)
(282.14, 259.35, 112.35)
(282.14, 259.35, 112.35)
(282.14, 259.35, 112.35)
(282.14, 259.35, 112.35)
(282.14, 259.35, 112.35)
(282.84, 280.15, 92.75)
(282.84, 280.15, 92.75)
(282.84, 280.15, 92.75)
(282.84, 280.15, 92.75)
(282.84, 280.15, 92.75)
(282.84, 280.15, 92.75)
(281.07, 277.76, 93.35)
(281.07, 277.76, 93.35)
(281.14, 273.32, 97.87)
(281.14, 273.32, 97.87)
(281.14, 273.32, 97.87)
(281.14, 273.32, 97.87)
(281.14, 273.32, 97.87)
(278.41, 257.47, 110.62)
(278.41, 257.47, 110.62)
(278.41, 257.47, 110.62)
(278.41, 257.47, 110.62)
(278.41, 257.47, 110.62)
(278.41, 257.47, 110.62)
(278.62, 273.08, 95.57)
(278.62, 273.08, 95.57)
(278.62, 273.08, 95.57)
(281.42, 289.02, 82.14)
(281.42, 289.02, 82.14)
(281.42, 289.02, 82.14)
(281.42, 289.02, 82.14)
(281.42, 289.02, 82.14)
(278.75, 272.03, 96.74)
(278.75, 272.03, 96.74)
(278.75, 272.03, 96.74)
(278.75, 272.03, 96.74)
(278.75, 272.03, 96.74)
(278.75, 272.03, 96.74)
(275.33, 286.74, 78.43)
(275.33, 286.74, 78.43)
(275.33, 286.74, 78.43)
(275.33, 286.74, 78.43)
(275.33, 286.74, 78.43)
(274.98, 289.63, 75.13)
(274.98, 289.63, 75.13)
(273.14, 275.11, 88.03)
(273.14, 275.11, 88.03)
(273.14, 275.11, 88.03)
(273.14, 275.11, 88.03)
(273.14, 275.11, 88.03)
(273.14, 275.11, 88.03)
(273.14, 275.11, 88.03)
(273.14, 275.11, 88.03)
(273.14, 275.11, 88.03)
(272.33, 283.85, 78.42)
(272.33, 283.85, 78.42)
(272.33, 283.85, 78.42)
(272.33, 283.85, 78.42)
(272.33, 283.85, 78.42)
(277.33, 283.62, 83.61)
(277.33, 283.62, 83.61)
(277.33, 283.62, 83.61)
(277.33, 283.62, 83.61)
(277.33, 283.62, 83.61)
(277.33, 283.62, 83.61)
(275.76, 273.28, 92.49)
(275.76, 273.28, 92.49)
(275.76, 273.28, 92.49)
(275.76, 273.28, 92.49)
(275.76, 273.28, 92.49)
(273.10, 283.29, 79.75)
(273.10, 283.29, 79.75)
(273.10, 283.29, 79.75)
(276.10, 278.27, 87.81)
(276.10, 278.27, 87.81)
(276.10, 278.27, 87.81)
(276.10, 278.27, 87.81)
(276.10, 278.27, 87.81)
(276.10, 278.27, 87.81)
(276.10, 278.27, 87.81)
(276.10, 278.27, 87.81)
(274.78, 274.74, 90.04)
(274.78, 274.74, 90.04)
(274.78, 274.74, 90.04)
(274.78, 274.74, 90.04)
(274.78, 274.74, 90.04)
(273.28, 287.45, 75.71)
(272.22, 258.71, 103.47)
(272.22, 258.71, 103.47)
(272.22, 258.71, 103.47)
(272.22, 258.71, 103.47)
(272.22, 258.71, 103.47)
(272.22, 258.71, 103.47)
(274.11, 275.56, 88.54)
(274.11, 275.56, 88.54)
(274.11, 275.56, 88.54)
(274.11, 275.56, 88.54)
(274.11, 275.56, 88.54)
(274.11, 275.56, 88.54)
(273.41, 272.22, 91.20)
(273.41, 272.22, 91.20)
(275.37, 276.65, 88.71)
(275.37, 276.65, 88.71)
(275.37, 276.65, 88.71)
(275.37, 276.65, 88.71)
(275.37, 276.65, 88.71)
(275.37, 276.65, 88.71)
(273.70, 280.26, 83.40)
(273.70, 280.26, 83.40)
(271.45, 321.88, 39.03)
(271.45, 321.88, 39.03)
(271.45, 321.88, 39.03)
(271.45, 321.88, 39.03)
(271.45, 321.88, 39.03)
(271.45, 321.88, 39.03)
(271.37, 131.10, 227.87)
(271.37, 131.10, 227.87)
(271.37, 131.10, 227.87)
(271.37, 131.10, 227.87)
(271.37, 131.10, 227.87)
(271.45, 250.50, 110.86)
(271.45, 250.50, 110.86)
(271.45, 250.50, 110.86)
(272.31, 274.52, 87.79)
(272.31, 274.52, 87.79)
(272.31, 274.52, 87.79)
(272.31, 274.52, 87.79)
(272.31, 274.52, 87.79)
(272.31, 274.52, 87.79)
(272.31, 274.52, 87.79)
(271.83, 242.53, 119.08)
(271.83, 242.53, 119.08)
(271.83, 242.53, 119.08)
(271.83, 242.53, 119.08)
(275.69, 256.00, 109.46)
(275.69, 256.00, 109.46)
(274.89, 247.91, 116.55)
(274.89, 247.91, 116.55)
(274.89, 247.91, 116.55)
(274.89, 247.91, 116.55)
(274.89, 247.91, 116.55)
(274.89, 247.91, 116.55)
(275.06, 260.56, 104.39)
(275.06, 260.56, 104.39)
(275.06, 260.56, 104.39)
(275.06, 260.56, 104.39)
(275.06, 260.56, 104.39)
(274.29, 241.91, 121.81)
(274.29, 241.91, 121.81)
(274.29, 241.91, 121.81)
(274.29, 241.91, 121.81)
(274.29, 241.91, 121.81)
(274.29, 241.91, 121.81)
(273.64, 230.02, 132.71)
(273.64, 230.02, 132.71)
(275.33, 243.31, 121.36)
(275.33, 243.31, 121.36)
(275.33, 243.31, 121.36)
(275.33, 243.31, 121.36)
(275.33, 243.31, 121.36)
(275.68, 231.56, 132.76)
(275.68, 231.56, 132.76)
(275.68, 231.56, 132.76)
(275.68, 231.56, 132.76)
(275.68, 231.56, 132.76)
(275.97, 246.65, 118.72)
(275.97, 246.65, 118.72)
(275.97, 246.65, 118.72)
(275.97, 246.65, 118.72)
(273.97, 238.23, 125.08)
(273.97, 238.23, 125.08)
(273.97, 238.23, 125.08)
(273.97, 238.23, 125.08)
(273.97, 238.23, 125.08)
(275.03, 251.47, 113.23)
(275.03, 251.47, 113.23)
(275.03, 251.47, 113.23)
(275.03, 251.47, 113.23)
(275.03, 251.47, 113.23)
(275.03, 251.47, 113.23)
(275.14, 262.15, 102.91)
(275.14, 262.15, 102.91)
(273.86, 256.31, 107.41)
(273.86, 256.31, 107.41)
(273.86, 256.31, 107.41)
(273.86, 256.31, 107.41)
(273.86, 256.31, 107.41)
(273.86, 256.31, 107.41)
(273.86, 256.31, 107.41)
(273.86, 256.31, 107.41)
(273.86, 256.31, 107.41)
(273.86, 256.31, 107.41)
(273.86, 256.31, 107.41)
(273.86, 256.31, 107.41)
(273.86, 256.31, 107.41)
(273.86, 256.31, 107.41)
(272.89, 243.35, 119.20)
(272.89, 243.35, 119.20)
(272.89, 243.35, 119.20)
(275.42, 263.59, 101.77)
(275.42, 263.59, 101.77)
(275.42, 263.59, 101.77)
(275.42, 263.59, 101.77)
(275.42, 263.59, 101.77)
(274.08, 257.36, 106.60)
(274.08, 257.36, 106.60)
(274.08, 257.36, 106.60)
(274.10, 239.43, 124.04)
(274.10, 239.43, 124.04)
(274.10, 239.43, 124.04)
(275.17, 259.43, 105.61)
(275.17, 259.43, 105.61)
(275.17, 259.43, 105.61)
(275.17, 259.43, 105.61)
(275.17, 259.43, 105.61)
(273.94, 262.76, 101.14)
(273.94, 262.76, 101.14)
(273.94, 262.76, 101.14)
(273.94, 262.76, 101.14)
(273.94, 262.76, 101.14)
(273.94, 262.76, 101.14)
(273.94, 262.76, 101.14)
(273.94, 262.76, 101.14)
(273.94, 258.47, 105.37)
(273.94, 258.47, 105.37)
(273.80, 262.74, 101.01)
(273.80, 262.74, 101.01)
(273.80, 262.74, 101.01)
(273.06, 249.08, 113.75)
(273.06, 249.08, 113.75)
(273.06, 249.08, 113.75)
(273.06, 249.08, 113.75)
(273.06, 249.08, 113.75)
(275.30, 268.34, 96.96)
(275.30, 268.34, 96.96)
(275.30, 268.34, 96.96)
(275.30, 268.34, 96.96)
(275.30, 268.34, 96.96)
(275.30, 268.34, 96.96)
(273.73, 259.54, 104.10)
(273.73, 259.54, 104.10)
(273.76, 255.45, 108.16)
(273.76, 255.45, 108.16)
(273.76, 255.45, 108.16)
(273.76, 255.45, 108.16)
(273.76, 255.45, 108.16)
(273.76, 255.45, 108.16)
(273.76, 255.45, 108.16)
(273.76, 255.45, 108.16)
(273.76, 255.45, 108.16)
(273.23, 258.03, 105.12)
(273.23, 258.03, 105.12)
(273.33, 258.67, 104.57)
(273.33, 258.67, 104.57)
(273.33, 258.67, 104.57)
(273.33, 257.18, 106.05)
(273.33, 257.18, 106.05)
(273.33, 257.18, 106.05)
(273.33, 257.18, 106.05)
(273.33, 257.18, 106.05)
(273.03, 246.92, 115.84)
(273.03, 246.92, 115.84)
(273.03, 246.92, 115.84)
(273.03, 246.92, 115.84)
(273.03, 246.92, 115.84)
(273.03, 246.92, 115.84)
(273.03, 246.92, 115.84)
(273.03, 246.92, 115.84)
(274.15, 257.33, 106.69)
(274.15, 257.33, 106.69)
(274.15, 257.33, 106.69)
(274.15, 257.33, 106.69)
(274.15, 257.33, 106.69)
(274.71, 271.51, 93.21)
(274.71, 271.51, 93.21)
(274.71, 271.51, 93.21)
(274.71, 271.51, 93.21)
(274.71, 271.51, 93.21)
(274.71, 271.51, 93.21)
(274.71, 271.51, 93.21)
(274.71, 271.51, 93.21)
(274.71, 271.51, 93.21)
(273.43, 267.86, 95.57)
(273.43, 267.86, 95.57)
(273.43, 267.86, 95.57)
(273.43, 267.86, 95.57)
(273.61, 266.50, 97.10)
(273.61, 266.50, 97.10)
(273.61, 266.50, 97.10)
(273.61, 266.50, 97.10)
(273.61, 266.50, 97.10)
(273.61, 266.50, 97.10)
(274.81, 267.26, 97.53)
(274.81, 267.26, 97.53)
(274.81, 267.26, 97.53)
(274.81, 267.26, 97.53)
(274.81, 267.26, 97.53)
(274.37, 263.70, 100.63)
(274.37, 263.70, 100.63)
(274.47, 267.46, 97.00)
(274.47, 267.46, 97.00)
(274.47, 267.46, 97.00)
(274.47, 267.46, 97.00)
(274.47, 267.46, 97.00)
(274.47, 267.46, 97.00)
(274.47, 267.46, 97.00)
(274.11, 261.35, 102.70)
(274.11, 261.35, 102.70)
(274.11, 261.35, 102.70)
(274.11, 261.35, 102.70)
(274.11, 261.35, 102.70)
(274.51, 262.67, 101.78)
(274.51, 262.67, 101.78)
(274.51, 262.67, 101.78)
(273.90, 256.45, 107.31)
(273.90, 256.45, 107.31)
(273.90, 256.45, 107.31)
(273.90, 256.45, 107.31)
(273.90, 256.45, 107.31)
(273.56, 256.93, 106.51)
(273.56, 256.93, 106.51)
(273.56, 256.93, 106.51)
(273.56, 256.93, 106.51)
(273.56, 256.93, 106.51)
(273.56, 256.93, 106.51)
(273.56, 256.93, 106.51)
(274.18, 264.06, 100.09)
(274.18, 264.06, 100.09)
(274.18, 264.06, 100.09)
(274.18, 264.06, 100.09)
(274.52, 265.42, 99.08)
(274.52, 265.42, 99.08)
(273.78, 259.60, 104.10)
(273.78, 259.60, 104.10)
(273.78, 259.60, 104.10)
(273.78, 259.60, 104.10)
(273.78, 259.60, 104.10)
(273.78, 259.60, 104.10)
(273.78, 259.60, 104.10)
(273.78, 259.60, 104.10)
(273.89, 262.55, 101.29)
(273.89, 262.55, 101.29)
(273.89, 262.55, 101.29)
(273.80, 258.33, 105.38)
(273.80, 258.33, 105.38)
(273.80, 258.33, 105.38)
(273.80, 258.33, 105.38)
(273.80, 258.33, 105.38)
(274.88, 264.43, 100.41)
(274.88, 264.43, 100.41)
(274.12, 260.56, 103.48)
(274.12, 260.56, 103.48)
(274.12, 260.56, 103.48)
(274.12, 260.56, 103.48)
(274.12, 260.56, 103.48)
(274.12, 260.56, 103.48)
(274.12, 260.56, 103.48)
(274.42, 256.35, 107.91)
(274.42, 256.35, 107.91)
(274.09, 259.33, 104.66)
(274.09, 259.33, 104.66)
(274.09, 259.33, 104.66)
(274.09, 259.33, 104.66)
(274.09, 259.33, 104.66)
(272.80, 251.96, 110.68)
(272.80, 251.96, 110.68)
(272.80, 251.96, 110.68)
(272.80, 251.96, 110.68)
(272.80, 251.96, 110.68)
(272.80, 251.96, 110.68)
(274.03, 260.63, 103.32)
(274.03, 260.63, 103.32)
(274.03, 260.63, 103.32)
(274.22, 256.56, 107.51)
(274.22, 256.56, 107.51)
(274.22, 256.56, 107.51)
(274.22, 256.56, 107.51)
(273.26, 244.94, 117.98)
(273.26, 244.94, 117.98)
(273.26, 244.94, 117.98)
(273.26, 244.94, 117.98)
(273.26, 244.94, 117.98)
(273.26, 244.94, 117.98)
(273.26, 244.94, 117.98)
(273.26, 244.94, 117.98)
(273.26, 244.94, 117.98)
(274.14, 256.75, 107.25)
(274.14, 256.75, 107.25)
(274.14, 256.75, 107.25)
(274.14, 256.75, 107.25)
(274.14, 256.75, 107.25)
(275.05, 261.30, 103.66)
(275.05, 261.30, 103.66)
(275.05, 261.30, 103.66)
(275.05, 261.30, 103.66)
(275.05, 261.30, 103.66)
(275.05, 261.30, 103.66)
(274.47, 257.87, 106.46)
(274.47, 257.87, 106.46)
(274.47, 257.87, 106.46)
(274.47, 257.87, 106.46)
(274.47, 257.87, 106.46)
(274.38, 257.87, 106.37)
(274.38, 257.87, 106.37)
(273.54, 250.76, 112.55)
(273.54, 250.76, 112.55)
(273.54, 250.76, 112.55)
(273.54, 250.76, 112.55)
(273.54, 250.76, 112.55)
(273.54, 250.76, 112.55)
(273.54, 250.76, 112.55)
(273.54, 250.76, 112.55)
(273.54, 250.76, 112.55)
(273.54, 250.76, 112.55)
(273.54, 250.76, 112.55)
(275.40, 261.18, 104.12)
(275.40, 261.18, 104.12)
(275.40, 261.18, 104.12)
(275.40, 261.18, 104.12)
(275.40, 261.18, 104.12)
(274.65, 256.92, 107.57)
(274.65, 256.92, 107.57)
(274.65, 256.92, 107.57)
(274.41, 256.86, 107.40)
(274.41, 256.86, 107.40)
(274.41, 256.86, 107.40)
(274.41, 256.86, 107.40)
(274.41, 256.86, 107.40)
(274.41, 256.86, 107.40)
(274.32, 259.24, 104.98)
(274.32, 259.24, 104.98)
(274.32, 259.24, 104.98)
(274.32, 259.24, 104.98)
(274.28, 247.00, 116.88)
(274.63, 250.64, 113.67)
(274.63, 250.64, 113.67)
(274.63, 250.64, 113.67)
(274.63, 250.64, 113.67)
(274.63, 250.64, 113.67)
(274.63, 250.64, 113.67)
(274.63, 250.64, 113.67)
(275.31, 256.04, 109.05)
(275.31, 256.04, 109.05)
(275.31, 256.04, 109.05)
(275.31, 256.04, 109.05)
(275.31, 256.04, 109.05)
(275.31, 256.04, 109.05)
(274.80, 244.04, 120.19)
(274.80, 244.04, 120.19)
(274.80, 244.04, 120.19)
(275.72, 257.25, 108.27)
(275.72, 257.25, 108.27)
(275.72, 257.25, 108.27)
(275.72, 257.25, 108.27)
(275.72, 257.25, 108.27)
(274.01, 232.29, 130.82)
(274.01, 232.29, 130.82)
(274.01, 235.86, 127.39)
(274.01, 235.86, 127.39)
(274.01, 235.86, 127.39)
(274.01, 235.86, 127.39)
(273.17, 228.35, 133.97)
(273.17, 228.35, 133.97)
(273.17, 228.35, 133.97)
(273.17, 228.35, 133.97)
(273.39, 227.66, 134.80)
(273.39, 227.66, 134.80)
(273.39, 227.66, 134.80)
(273.39, 227.66, 134.80)
(273.39, 227.66, 134.80)
(273.39, 227.66, 134.80)
(273.39, 227.66, 134.80)
(275.66, 224.66, 139.18)
(275.66, 224.66, 139.18)
(275.66, 224.66, 139.18)
(275.78, 226.10, 137.93)
(275.78, 226.10, 137.93)
(275.78, 226.10, 137.93)
(275.78, 226.10, 137.93)
(275.78, 226.10, 137.93)
(276.55, 222.91, 141.38)
(276.55, 222.91, 141.38)
(276.55, 222.91, 141.38)
(276.55, 222.91, 141.38)
(276.55, 222.91, 141.38)
(276.55, 222.91, 141.38)
(276.55, 222.91, 141.38)
(278.42, 187.89, 173.19)
(278.42, 187.89, 173.19)
(278.42, 187.89, 173.19)
(278.42, 187.89, 173.19)
(278.42, 187.89, 173.19)
(278.42, 187.89, 173.19)
(279.72, 184.57, 176.15)
(279.72, 184.57, 176.15)
(279.72, 184.57, 176.15)
(279.72, 184.57, 176.15)
(279.72, 184.57, 176.15)
(279.72, 184.57, 176.15)
(282.80, 199.29, 164.55)
(282.80, 199.29, 164.55)
(282.80, 199.29, 164.55)
(285.36, 190.98, 171.62)
(285.36, 190.98, 171.62)
(285.36, 190.98, 171.62)
(285.36, 190.98, 171.62)
(285.36, 190.98, 171.62)
(290.48, 188.36, 174.19)
(290.48, 188.36, 174.19)
(290.48, 188.36, 174.19)
(290.48, 188.36, 174.19)
(290.48, 188.36, 174.19)
(290.48, 188.36, 174.19)
(293.50, 193.87, 170.88)
(293.50, 193.87, 170.88)
(302.94, 196.14, 171.18)
(302.94, 196.14, 171.18)
(302.94, 196.14, 171.18)
(302.94, 196.14, 171.18)
(302.94, 196.14, 171.18)
(302.94, 196.14, 171.18)
(302.94, 196.14, 171.18)
(305.48, 190.07, 174.80)
(305.48, 190.07, 174.80)
(305.48, 190.07, 174.80)
(307.32, 188.46, 175.81)
(307.32, 188.46, 175.81)
(307.32, 188.46, 175.81)
(307.32, 188.46, 175.81)
(307.32, 188.46, 175.81)
(307.32, 188.46, 175.81)
(312.86, 195.99, 172.99)
(312.86, 195.99, 172.99)
(321.20, 196.52, 174.15)
(321.20, 196.52, 174.15)
(321.20, 196.52, 174.15)
(321.20, 196.52, 174.15)
(321.20, 196.52, 174.15)
(321.20, 196.52, 174.15)
(321.20, 196.52, 174.15)
(321.20, 196.52, 174.15)
(326.81, 208.80, 171.25)
(326.81, 208.80, 171.25)
(330.56, 197.21, 175.45)
(330.56, 197.21, 175.45)
(330.56, 197.21, 175.45)
(330.56, 197.21, 175.45)
(330.56, 197.21, 175.45)
(330.56, 197.21, 175.45)
(330.56, 197.21, 175.45)
(330.56, 197.21, 175.45)
(330.56, 197.21, 175.45)
(330.56, 197.21, 175.45)
(330.56, 197.21, 175.45)
(333.16, 202.35, 174.60)
(333.16, 202.35, 174.60)
(333.16, 202.35, 174.60)
(341.30, 234.99, 170.20)
(341.30, 234.99, 170.20)
(341.30, 234.99, 170.20)
(346.76, 249.65, 170.77)
(346.76, 249.65, 170.77)
(346.76, 249.65, 170.77)
(346.76, 249.65, 170.77)
(340.15, 208.05, 175.00)
(340.15, 208.05, 175.00)
(340.15, 208.05, 175.00)
(340.15, 208.05, 175.00)
(340.15, 208.05, 175.00)
(340.15, 208.05, 175.00)
(350.66, 262.93, 171.74)
(350.66, 262.93, 171.74)
(350.66, 262.93, 171.74)
(350.66, 262.93, 171.74)
(350.66, 262.93, 171.74)
(356.05, 311.90, 171.17)
(356.05, 311.90, 171.17)
(356.05, 311.90, 171.17)
(356.05, 311.90, 171.17)
(356.05, 311.90, 171.17)
(356.05, 311.90, 171.17)
(1.78, 17.86, 168.71)
(1.78, 17.86, 168.71)
(1.78, 17.86, 168.71)
(358.14, 336.85, 170.92)
(358.14, 336.85, 170.92)
(358.14, 336.85, 170.92)
(358.14, 336.85, 170.92)
(358.14, 336.85, 170.92)
(357.67, 331.76, 170.77)
(357.67, 331.76, 170.77)
(10.45, 100.33, 171.27)
(10.45, 100.33, 171.27)
(10.45, 100.33, 171.27)
(10.45, 100.33, 171.27)
(10.45, 100.33, 171.27)
(10.45, 100.33, 171.27)
(10.45, 100.33, 171.27)
(10.45, 100.33, 171.27)
(10.45, 100.33, 171.27)
(10.45, 100.33, 171.27)
(10.45, 100.33, 171.27)
(20.38, 110.78, 165.86)
(20.38, 110.78, 165.86)
(20.38, 110.78, 165.86)
(20.38, 110.78, 165.86)
(20.38, 110.78, 165.86)
(20.38, 110.78, 165.86)
(19.26, 104.57, 165.05)
(19.26, 104.57, 165.05)
(19.26, 104.57, 165.05)
(19.26, 104.57, 165.05)
(19.26, 104.57, 165.05)
(22.05, 106.04, 163.31)
(22.05, 106.04, 163.31)
(23.36, 117.37, 165.66)
(23.36, 117.37, 165.66)
(23.36, 117.37, 165.66)
(23.36, 117.37, 165.66)
(23.36, 117.37, 165.66)
(23.36, 117.37, 165.66)
(24.32, 134.97, 169.79)
(24.32, 134.97, 169.79)
(24.32, 134.97, 169.79)
(27.62, 125.61, 165.61)
(27.62, 125.61, 165.61)
(27.62, 125.61, 165.61)
(27.62, 125.61, 165.61)
(27.62, 125.61, 165.61)
(27.62, 125.61, 165.61)
(27.62, 125.61, 165.61)
(20.33, 94.42, 161.15)
(20.33, 94.42, 161.15)
(20.33, 94.42, 161.15)
(17.11, 102.33, 166.19)
(17.11, 102.33, 166.19)
(17.11, 102.33, 166.19)
(17.11, 102.33, 166.19)
(17.11, 102.33, 166.19)
(17.11, 102.33, 166.19)
(17.24, 107.80, 167.39)
(17.24, 107.80, 167.39)
(19.53, 111.74, 166.69)
(19.53, 111.74, 166.69)
(19.53, 111.74, 166.69)
(19.53, 111.74, 166.69)
(19.53, 111.74, 166.69)
(19.53, 111.74, 166.69)
(23.15, 113.29, 164.65)
(23.15, 113.29, 164.65)
(23.15, 113.29, 164.65)
(23.15, 113.29, 164.65)
(27.77, 127.17, 166.00)
(27.77, 127.17, 166.00)
(27.77, 127.17, 166.00)
(27.77, 127.17, 166.00)
(27.77, 127.17, 166.00)
(26.16, 122.13, 165.36)
(26.16, 122.13, 165.36)
(26.16, 122.13, 165.36)
(22.55, 112.15, 164.72)
(22.55, 112.15, 164.72)
(22.55, 112.15, 164.72)
(22.55, 112.15, 164.72)
(22.55, 112.15, 164.72)
(22.55, 112.15, 164.72)
(20.12, 116.43, 167.45)
(20.12, 116.43, 167.45)
(21.97, 108.80, 164.18)
(21.97, 108.80, 164.18)
(21.97, 108.80, 164.18)
(21.97, 108.80, 164.18)
(21.97, 108.80, 164.18)
(21.97, 108.80, 164.18)
(21.97, 108.80, 164.18)
(21.97, 108.80, 164.18)
(21.97, 108.80, 164.18)
(25.55, 114.89, 163.53)
(25.55, 114.89, 163.53)
(27.54, 124.75, 165.38)
(27.54, 124.75, 165.38)
(27.54, 124.75, 165.38)
(27.54, 124.75, 165.38)
(26.37, 128.75, 167.18)
(26.37, 128.75, 167.18)
(26.37, 128.75, 167.18)
(26.37, 128.75, 167.18)
(26.37, 128.75, 167.18)
(26.37, 128.75, 167.18)
(26.37, 128.75, 167.18)
(26.17, 129.00, 167.35)
(26.17, 129.00, 167.35)
(24.86, 121.58, 165.95)
(24.86, 121.58, 165.95)
(24.86, 121.58, 165.95)
(24.86, 121.58, 165.95)
(24.86, 121.58, 165.95)
(24.86, 121.58, 165.95)
(23.33, 110.15, 163.60)
(23.33, 110.15, 163.60)
(22.76, 106.87, 163.02)
(22.76, 106.87, 163.02)
(22.76, 106.87, 163.02)
(22.76, 106.87, 163.02)
(22.76, 106.87, 163.02)
(22.76, 106.87, 163.02)
(23.70, 116.52, 165.21)
(23.70, 116.52, 165.21)
(25.54, 125.54, 166.70)
(25.54, 125.54, 166.70)
(25.54, 125.54, 166.70)
(25.54, 125.54, 166.70)
(25.54, 125.54, 166.70)
(25.54, 125.54, 166.70)
(27.28, 127.74, 166.42)
(27.28, 127.74, 166.42)
(27.28, 127.74, 166.42)
(27.28, 127.74, 166.42)
(27.28, 127.74, 166.42)
(25.42, 118.38, 164.68)
(25.42, 118.38, 164.68)
(25.42, 118.38, 164.68)
(25.42, 118.38, 164.68)
(22.43, 112.54, 164.92)
(22.43, 112.54, 164.92)
(22.43, 112.54, 164.92)
(22.43, 112.54, 164.92)
(22.43, 112.54, 164.92)
(22.43, 112.54, 164.92)
(22.43, 112.54, 164.92)
(19.53, 113.31, 167.08)
(19.53, 113.31, 167.08)
(25.04, 131.58, 168.60)
(25.04, 131.58, 168.60)
(25.04, 131.58, 168.60)
(25.04, 131.58, 168.60)
(28.13, 134.22, 167.92)
(28.13, 134.22, 167.92)
(28.13, 134.22, 167.92)
(28.13, 134.22, 167.92)
(28.13, 134.22, 167.92)
(28.13, 134.22, 167.92)
(28.13, 134.22, 167.92)
(27.66, 127.94, 166.29)
(27.66, 127.94, 166.29)
(27.66, 127.94, 166.29)
(27.66, 127.94, 166.29)
(27.66, 127.94, 166.29)
(23.18, 109.84, 163.61)
(23.18, 109.84, 163.61)
(23.18, 109.84, 163.61)
(22.18, 110.05, 164.38)
(22.18, 110.05, 164.38)
(22.18, 110.05, 164.38)
(22.18, 110.05, 164.38)
(22.18, 110.05, 164.38)
(22.25, 113.73, 165.37)
(22.25, 113.73, 165.37)
(22.25, 113.73, 165.37)
(23.61, 122.27, 166.86)
(23.61, 122.27, 166.86)
(23.61, 122.27, 166.86)
(23.61, 122.27, 166.86)
(23.52, 119.83, 166.25)
(23.52, 119.83, 166.25)
(23.52, 119.83, 166.25)
(23.52, 119.83, 166.25)
(24.97, 124.28, 166.65)
(24.97, 124.28, 166.65)
(24.97, 124.28, 166.65)
(24.97, 124.28, 166.65)
(24.97, 124.28, 166.65)
(24.97, 124.28, 166.65)
(24.97, 124.28, 166.65)
(23.52, 114.70, 164.80)
(23.52, 114.70, 164.80)
(23.52, 114.70, 164.80)
(23.52, 114.70, 164.80)
(24.49, 114.32, 164.06)
(24.49, 114.32, 164.06)
(24.49, 114.32, 164.06)
(24.49, 114.32, 164.06)
(24.49, 114.32, 164.06)
(21.90, 107.91, 163.98)
(21.90, 107.91, 163.98)
(21.90, 107.91, 163.98)
(21.90, 107.91, 163.98)
(21.90, 107.91, 163.98)
(21.87, 109.45, 164.43)
(21.87, 109.45, 164.43)
(21.87, 109.45, 164.43)
(21.87, 109.45, 164.43)
(21.87, 109.45, 164.43)
(21.87, 109.45, 164.43)
(22.49, 113.18, 165.06)
(22.49, 113.18, 165.06)
(22.49, 113.18, 165.06)
(22.49, 113.18, 165.06)
(22.49, 113.18, 165.06)
(22.49, 113.18, 165.06)
(22.49, 113.18, 165.06)
(22.49, 113.18, 165.06)
(22.49, 113.18, 165.06)
(22.49, 113.18, 165.06)
(22.68, 113.73, 165.08)
(22.68, 113.73, 165.08)
(22.68, 113.73, 165.08)
(22.68, 113.73, 165.08)
(22.68, 113.73, 165.08)
(22.68, 113.73, 165.08)
(18.78, 97.57, 163.52)
(18.78, 97.57, 163.52)
(18.78, 97.57, 163.52)
(18.78, 97.57, 163.52)
(18.78, 97.57, 163.52)
(23.48, 118.09, 165.79)
(23.48, 118.09, 165.79)
(25.16, 123.50, 166.32)
(25.16, 123.50, 166.32)
(25.16, 123.50, 166.32)
(25.16, 123.50, 166.32)
(25.16, 123.50, 166.32)
(25.16, 123.50, 166.32)
(24.58, 120.68, 165.86)
(24.58, 120.68, 165.86)
(24.58, 120.68, 165.86)
(24.58, 120.68, 165.86)
(24.58, 120.68, 165.86)
(24.58, 120.68, 165.86)
(24.58, 120.68, 165.86)
(24.58, 120.68, 165.86)
(24.37, 119.36, 165.61)
(24.37, 119.36, 165.61)
(24.37, 119.36, 165.61)
(24.09, 117.24, 165.17)
(24.09, 117.24, 165.17)
(24.09, 117.24, 165.17)
(23.46, 113.35, 164.45)
(23.46, 113.35, 164.45)
(23.46, 113.35, 164.45)
(23.46, 113.35, 164.45)
(22.21, 113.07, 165.21)
(22.21, 113.07, 165.21)
(22.21, 113.07, 165.21)
(22.21, 113.07, 165.21)
(22.21, 113.07, 165.21)
(22.72, 113.54, 165.01)
(22.72, 113.54, 165.01)
(22.72, 113.54, 165.01)
(22.72, 113.54, 165.01)
(23.22, 110.62, 163.81)
(23.22, 110.62, 163.81)
(23.22, 110.62, 163.81)
(23.22, 110.62, 163.81)
(23.22, 110.62, 163.81)
(24.68, 117.97, 165.01)
(24.68, 117.97, 165.01)
(24.68, 117.97, 165.01)
(24.68, 117.97, 165.01)
(24.68, 117.97, 165.01)
(24.68, 117.97, 165.01)
(24.68, 117.97, 165.01)
(24.68, 117.97, 165.01)
(25.44, 131.30, 168.33)
(25.44, 131.30, 168.33)
(25.44, 131.30, 168.33)
(25.44, 131.30, 168.33)
(25.44, 131.30, 168.33)
(20.05, 112.93, 166.64)
(20.05, 112.93, 166.64)
(20.05, 112.93, 166.64)
(20.05, 112.93, 166.64)
(20.05, 112.93, 166.64)
(22.56, 105.08, 162.62)
(22.56, 105.08, 162.62)
(22.56, 105.08, 162.62)
(22.56, 105.08, 162.62)
(22.87, 103.67, 161.94)
(22.87, 103.67, 161.94)
(22.87, 103.67, 161.94)
(22.87, 103.67, 161.94)
(22.87, 103.67, 161.94)
(23.68, 109.57, 163.16)
(23.68, 109.57, 163.16)
(23.68, 109.57, 163.16)
(23.68, 109.57, 163.16)
(23.68, 109.57, 163.16)
(23.68, 109.57, 163.16)
