(280.53, 238.33, 130.23)
(280.53, 238.33, 130.23)
(280.53, 238.33, 130.23)
(280.15, 235.42, 132.54)
(280.15, 235.42, 132.54)
(279.99, 236.52, 131.43)
(279.99, 236.52, 131.43)
(279.99, 236.52, 131.43)
(279.96, 234.29, 133.42)
(279.96, 234.29, 133.42)
(279.96, 234.29, 133.42)
(279.96, 234.29, 133.42)
(279.96, 234.29, 133.42)
(279.96, 234.29, 133.42)
(279.96, 234.29, 133.42)
(279.96, 234.29, 133.42)
(279.96, 234.29, 133.42)
(280.06, 233.46, 134.23)
(280.06, 233.46, 134.23)
(280.06, 233.46, 134.23)
(280.71, 241.21, 127.78)
(280.71, 241.21, 127.78)
(280.71, 241.21, 127.78)
(280.26, 237.20, 131.03)
(280.26, 237.20, 131.03)
(280.26, 237.20, 131.03)
(280.26, 237.20, 131.03)
(280.26, 237.20, 131.03)
(280.26, 237.20, 131.03)
(280.05, 233.06, 134.58)
(280.05, 233.06, 134.58)
(280.05, 233.06, 134.58)
(280.05, 233.06, 134.58)
(280.05, 233.06, 134.58)
(280.05, 233.06, 134.58)
(280.05, 233.06, 134.58)
(280.37, 236.22, 132.00)
(280.37, 236.22, 132.00)
(280.37, 236.22, 132.00)
(280.37, 236.22, 132.00)
(280.37, 236.22, 132.00)
(280.37, 236.22, 132.00)
(280.75, 239.22, 129.59)
(280.75, 239.22, 129.59)
(280.75, 239.22, 129.59)
(280.75, 239.22, 129.59)
(280.75, 239.22, 129.59)
(280.43, 234.43, 133.64)
(280.43, 234.43, 133.64)
(280.43, 234.43, 133.64)
(280.40, 233.72, 134.25)
(280.40, 233.72, 134.25)
(280.40, 233.72, 134.25)
(280.40, 233.72, 134.25)
(280.40, 233.72, 134.25)
(280.44, 237.48, 130.92)
(280.44, 237.48, 130.92)
(280.44, 237.48, 130.92)
(280.44, 237.48, 130.92)
(280.47, 236.09, 132.18)
(280.47, 236.09, 132.18)
(280.47, 236.09, 132.18)
(280.47, 236.09, 132.18)
(280.47, 236.09, 132.18)
(280.47, 236.09, 132.18)
(280.47, 236.09, 132.18)
(280.63, 228.09, 139.38)
(280.63, 228.09, 139.38)
(281.46, 234.80, 134.06)
(281.46, 234.80, 134.06)
(281.46, 234.80, 134.06)
(281.46, 234.80, 134.06)
(281.46, 234.80, 134.06)
(281.00, 239.12, 129.88)
(281.00, 239.12, 129.88)
(281.00, 239.12, 129.88)
(281.00, 239.12, 129.88)
(280.29, 239.12, 129.33)
(280.29, 239.12, 129.33)
(280.29, 239.12, 129.33)
(280.29, 239.12, 129.33)
(280.29, 239.12, 129.33)
(280.29, 239.12, 129.33)
(280.29, 239.12, 129.33)
(279.99, 227.99, 139.03)
(279.99, 227.99, 139.03)
(279.99, 227.99, 139.03)
(280.45, 227.72, 139.58)
(280.45, 227.72, 139.58)
(280.45, 227.72, 139.58)
(280.45, 227.72, 139.58)
(280.81, 232.93, 135.24)
(280.81, 232.93, 135.24)
(280.81, 232.93, 135.24)
(280.81, 232.93, 135.24)
(281.11, 237.72, 131.23)
(281.11, 237.72, 131.23)
(281.11, 237.72, 131.23)
(281.11, 237.72, 131.23)
(281.11, 237.72, 131.23)
(281.03, 238.02, 130.89)
(281.03, 238.02, 130.89)
(281.03, 238.02, 130.89)
(281.03, 238.02, 130.89)
(281.03, 238.02, 130.89)
(281.03, 238.02, 130.89)
(280.60, 234.77, 133.46)
(280.60, 234.77, 133.46)
(280.87, 235.69, 132.85)
(280.87, 235.69, 132.85)
(280.87, 235.69, 132.85)
(280.87, 235.69, 132.85)
(280.87, 235.69, 132.85)
(280.94, 235.42, 133.14)
(280.94, 235.42, 133.14)
(280.94, 235.42, 133.14)
(280.94, 235.42, 133.14)
(280.94, 235.42, 133.14)
(280.94, 235.42, 133.14)
(281.08, 237.21, 131.65)
(281.08, 237.21, 131.65)
(281.08, 237.21, 131.65)
(280.78, 234.05, 134.23)
(280.78, 234.05, 134.23)
(280.78, 234.05, 134.23)
(280.78, 234.05, 134.23)
(281.32, 235.55, 133.30)
(281.32, 235.55, 133.30)
(281.32, 235.55, 133.30)
(281.32, 235.55, 133.30)
(281.32, 235.55, 133.30)
(281.32, 235.55, 133.30)
(281.18, 233.06, 135.39)
(281.18, 233.06, 135.39)
(281.18, 233.06, 135.39)
(280.52, 233.54, 134.49)
(280.52, 233.54, 134.49)
(280.52, 233.54, 134.49)
(280.52, 233.54, 134.49)
(280.52, 233.54, 134.49)
(280.95, 236.42, 132.26)
(280.95, 236.42, 132.26)
(280.95, 236.42, 132.26)
(280.95, 236.42, 132.26)
(280.95, 236.42, 132.26)
(281.12, 232.49, 135.85)
(281.12, 232.49, 135.85)
(281.12, 232.49, 135.85)
(281.61, 234.92, 134.07)
(281.61, 234.92, 134.07)
(281.61, 234.92, 134.07)
(281.61, 234.92, 134.07)
(281.61, 234.92, 134.07)
(281.24, 239.74, 129.51)
(281.24, 239.74, 129.51)
(281.24, 239.74, 129.51)
(281.24, 239.74, 129.51)
(281.24, 239.74, 129.51)
(281.24, 239.74, 129.51)
(280.72, 235.97, 132.48)
(280.72, 235.97, 132.48)
(280.72, 235.97, 132.48)
(280.72, 235.97, 132.48)
(280.72, 235.97, 132.48)
(281.19, 236.52, 132.35)
(281.19, 236.52, 132.35)
(281.19, 236.52, 132.35)
(281.19, 236.52, 132.35)
(281.47, 235.65, 133.32)
(281.47, 235.65, 133.32)
(281.47, 235.65, 133.32)
(281.47, 235.65, 133.32)
(281.22, 236.63, 132.27)
(281.22, 236.63, 132.27)
(281.22, 236.63, 132.27)
(281.22, 236.63, 132.27)
(281.22, 236.63, 132.27)
(281.52, 234.62, 134.27)
(281.52, 234.62, 134.27)
(281.26, 233.83, 134.77)
(281.26, 233.83, 134.77)
(281.26, 233.83, 134.77)
(281.26, 233.83, 134.77)
(281.26, 233.83, 134.77)
(281.26, 233.83, 134.77)
(282.26, 240.54, 129.61)
(282.26, 240.54, 129.61)
(282.26, 240.54, 129.61)
(282.26, 240.54, 129.61)
(282.26, 240.54, 129.61)
(281.07, 237.86, 131.06)
(281.07, 237.86, 131.06)
(280.66, 238.81, 129.90)
(280.66, 238.81, 129.90)
(280.66, 238.81, 129.90)
(280.66, 238.81, 129.90)
(280.66, 238.81, 129.90)
(281.15, 243.80, 125.80)
(281.15, 243.80, 125.80)
(281.15, 243.80, 125.80)
(281.15, 243.80, 125.80)
(281.15, 243.80, 125.80)
(281.15, 243.80, 125.80)
(282.16, 243.33, 127.05)
(282.16, 243.33, 127.05)
(282.16, 243.33, 127.05)
(283.29, 237.53, 133.03)
(283.29, 237.53, 133.03)
(283.29, 237.53, 133.03)
(283.29, 237.53, 133.03)
(283.29, 237.53, 133.03)
(283.29, 237.53, 133.03)
(282.86, 233.73, 136.01)
(282.86, 233.73, 136.01)
(282.86, 233.73, 136.01)
(282.86, 233.73, 136.01)
(282.86, 233.73, 136.01)
(282.73, 218.25, 149.02)
(282.73, 218.25, 149.02)
(282.73, 218.25, 149.02)
(282.73, 218.25, 149.02)
(282.73, 218.25, 149.02)
(285.63, 195.61, 168.12)
(285.63, 195.61, 168.12)
(285.63, 195.61, 168.12)
(298.44, 261.31, 125.82)
(298.44, 261.31, 125.82)
(298.44, 261.31, 125.82)
(298.44, 261.31, 125.82)
(298.44, 261.31, 125.82)
(298.44, 261.31, 125.82)
(298.44, 261.31, 125.82)
(298.44, 261.31, 125.82)
(286.70, 160.59, 194.50)
(286.70, 160.59, 194.50)
(286.70, 160.59, 194.50)
(286.70, 160.59, 194.50)
(286.70, 160.59, 194.50)
(285.42, 184.60, 176.50)
(285.42, 184.60, 176.50)
(285.42, 184.60, 176.50)
(285.42, 184.60, 176.50)
(285.42, 184.60, 176.50)
(287.30, 201.47, 164.12)
(287.30, 201.47, 164.12)
(287.30, 201.47, 164.12)
(287.30, 201.47, 164.12)
(287.30, 201.47, 164.12)
(289.70, 198.18, 167.14)
(289.70, 198.18, 167.14)
(289.70, 198.18, 167.14)
(289.76, 197.69, 167.51)
(289.76, 197.69, 167.51)
(289.76, 197.69, 167.51)
(289.76, 197.69, 167.51)
(289.76, 197.69, 167.51)
(289.76, 197.69, 167.51)
(289.76, 197.69, 167.51)
(289.76, 197.69, 167.51)
(289.76, 197.69, 167.51)
(289.76, 197.69, 167.51)
(289.76, 197.69, 167.51)
(296.90, 195.93, 170.18)
(296.90, 195.93, 170.18)
(296.90, 195.93, 170.18)
(296.90, 195.93, 170.18)
(296.90, 195.93, 170.18)
(295.91, 189.90, 173.79)
(295.91, 189.90, 173.79)
(295.91, 189.90, 173.79)
(295.91, 189.90, 173.79)
(295.91, 189.90, 173.79)
(295.91, 189.90, 173.79)
(299.60, 185.18, 176.98)
(299.60, 185.18, 176.98)
(305.21, 186.17, 176.80)
(305.21, 186.17, 176.80)
(305.21, 186.17, 176.80)
(305.02, 192.89, 173.27)
(305.02, 192.89, 173.27)
(305.02, 192.89, 173.27)
(305.02, 192.89, 173.27)
(304.88, 196.81, 171.18)
(304.88, 196.81, 171.18)
(304.88, 196.81, 171.18)
(304.88, 196.81, 171.18)
(304.88, 196.81, 171.18)
(304.88, 196.81, 171.18)
(304.88, 196.81, 171.18)
(309.18, 190.97, 174.78)
(309.18, 190.97, 174.78)
(308.50, 193.32, 173.56)
(308.50, 193.32, 173.56)
(308.50, 193.32, 173.56)
(308.50, 193.32, 173.56)
(308.50, 193.32, 173.56)
(309.09, 187.39, 176.48)
(309.09, 187.39, 176.48)
(309.09, 187.39, 176.48)
(309.09, 187.39, 176.48)
(309.09, 187.39, 176.48)
(309.09, 187.39, 176.48)
(319.45, 173.27, 182.49)
(319.45, 173.27, 182.49)
(319.45, 173.27, 182.49)
(319.45, 173.27, 182.49)
(319.45, 173.27, 182.49)
(319.45, 173.27, 182.49)
(319.45, 173.27, 182.49)
(329.20, 200.31, 174.35)
(329.20, 200.31, 174.35)
(329.20, 200.31, 174.35)
(329.20, 200.31, 174.35)
(333.71, 188.54, 178.00)
(333.71, 188.54, 178.00)
(333.71, 188.54, 178.00)
(337.92, 173.20, 181.33)
(337.92, 173.20, 181.33)
(337.92, 173.20, 181.33)
(337.92, 173.20, 181.33)
(337.92, 173.20, 181.33)
(338.82, 211.41, 173.98)
(338.82, 211.41, 173.98)
(342.30, 203.57, 176.28)
(342.30, 203.57, 176.28)
(342.30, 203.57, 176.28)
(342.30, 203.57, 176.28)
(342.30, 203.57, 176.28)
(342.30, 203.57, 176.28)
(342.30, 203.57, 176.28)
(342.30, 203.57, 176.28)
(342.30, 203.57, 176.28)
(353.25, 294.37, 169.55)
(353.25, 294.37, 169.55)
(353.25, 294.37, 169.55)
(353.25, 294.37, 169.55)
(353.25, 294.37, 169.55)
(353.25, 294.37, 169.55)
(353.25, 294.37, 169.55)
(353.25, 294.37, 169.55)
(353.94, 298.53, 169.83)
(353.94, 298.53, 169.83)
(353.94, 298.53, 169.83)
(352.88, 158.29, 181.37)
(352.88, 158.29, 181.37)
(352.88, 158.29, 181.37)
(352.88, 158.29, 181.37)
(352.88, 158.29, 181.37)
(345.81, 226.84, 173.83)
(345.81, 226.84, 173.83)
(345.81, 226.84, 173.83)
(345.81, 226.84, 173.83)
(345.81, 226.84, 173.83)
(348.23, 232.20, 174.22)
(348.23, 232.20, 174.22)
(348.23, 232.20, 174.22)
(350.24, 253.33, 172.73)
(350.24, 253.33, 172.73)
(350.24, 253.33, 172.73)
(350.24, 253.33, 172.73)
(350.93, 253.08, 173.27)
(350.93, 253.08, 173.27)
(357.89, 312.57, 175.19)
(357.89, 312.57, 175.19)
(357.89, 312.57, 175.19)
(357.89, 312.57, 175.19)
(357.89, 312.57, 175.19)
(357.89, 312.57, 175.19)
(357.89, 312.57, 175.19)
(357.89, 312.57, 175.19)
(357.89, 312.57, 175.19)
(357.89, 312.57, 175.19)
(2.95, 54.76, 174.32)
(2.95, 54.76, 174.32)
(2.95, 54.76, 174.32)
(359.77, 356.00, 173.33)
(359.77, 356.00, 173.33)
(359.77, 356.00, 173.33)
(359.77, 356.00, 173.33)
(359.77, 356.00, 173.33)
(0.07, 1.41, 174.24)
(0.07, 1.41, 174.24)
(0.07, 1.41, 174.24)
(0.07, 1.41, 174.24)
(0.07, 1.41, 174.24)
(0.07, 1.41, 174.24)
(7.55, 103.19, 174.01)
(7.55, 103.19, 174.01)
(13.52, 139.51, 174.99)
(13.52, 139.51, 174.99)
(13.52, 139.51, 174.99)
(13.52, 139.51, 174.99)
(20.61, 150.02, 174.43)
(20.61, 150.02, 174.43)
(20.61, 150.02, 174.43)
(20.61, 150.02, 174.43)
(20.61, 150.02, 174.43)
(20.61, 150.02, 174.43)
(20.61, 150.02, 174.43)
(19.50, 138.46, 172.54)
(19.50, 138.46, 172.54)
(16.95, 130.89, 172.21)
(16.95, 130.89, 172.21)
(16.95, 130.89, 172.21)
(16.95, 130.89, 172.21)
(16.95, 130.89, 172.21)
(16.95, 130.89, 172.21)
(16.44, 127.64, 171.87)
(16.44, 127.64, 171.87)
(16.44, 127.64, 171.87)
(17.82, 141.39, 173.71)
(17.82, 141.39, 173.71)
(17.82, 141.39, 173.71)
(17.82, 141.39, 173.71)
(17.82, 141.39, 173.71)
(15.52, 130.22, 172.76)
(15.52, 130.22, 172.76)
(15.52, 130.22, 172.76)
(15.52, 130.22, 172.76)
(15.52, 130.22, 172.76)
(16.91, 139.96, 173.80)
(16.91, 139.96, 173.80)
(16.91, 139.96, 173.80)
(17.35, 148.63, 175.09)
(17.35, 148.63, 175.09)
(17.35, 148.63, 175.09)
(17.35, 148.63, 175.09)
(17.35, 148.63, 175.09)
(17.35, 148.63, 175.09)
(17.35, 148.63, 175.09)
(18.32, 146.52, 174.44)
(18.32, 146.52, 174.44)
(18.32, 146.52, 174.44)
(18.16, 137.28, 172.85)
(18.16, 137.28, 172.85)
(18.16, 137.28, 172.85)
(18.16, 137.28, 172.85)
(18.16, 137.28, 172.85)
(18.16, 137.28, 172.85)
(17.41, 132.55, 172.30)
(17.41, 132.55, 172.30)
(16.72, 124.93, 171.24)
(16.72, 124.93, 171.24)
(16.72, 124.93, 171.24)
(16.72, 124.93, 171.24)
(16.72, 124.93, 171.24)
(16.72, 124.93, 171.24)
(16.72, 124.93, 171.24)
(16.72, 124.93, 171.24)
(18.64, 138.76, 172.93)
(18.64, 138.76, 172.93)
(18.64, 138.76, 172.93)
(18.49, 137.50, 172.75)
(18.49, 137.50, 172.75)
(18.49, 137.50, 172.75)
(18.49, 137.50, 172.75)
(18.49, 137.50, 172.75)
(18.49, 137.50, 172.75)
(18.49, 137.50, 172.75)
(18.76, 140.48, 173.21)
(18.76, 140.48, 173.21)
(18.76, 140.48, 173.21)
(18.76, 140.48, 173.21)
(19.00, 145.80, 174.11)
(19.00, 145.80, 174.11)
(19.00, 145.80, 174.11)
(19.00, 145.80, 174.11)
(19.00, 145.80, 174.11)
(18.44, 134.13, 172.14)
(18.44, 134.13, 172.14)
(18.44, 134.13, 172.14)
(18.44, 134.13, 172.14)
(18.44, 134.13, 172.14)
(17.38, 133.14, 172.42)
(17.38, 133.14, 172.42)
(17.38, 133.14, 172.42)
(17.38, 133.14, 172.42)
(17.38, 133.14, 172.42)
(17.38, 133.14, 172.42)
(19.25, 141.07, 173.14)
(19.25, 141.07, 173.14)
(19.25, 141.07, 173.14)
(19.25, 141.07, 173.14)
(20.11, 137.79, 172.17)
(20.11, 137.79, 172.17)
(20.11, 137.79, 172.17)
(20.11, 137.79, 172.17)
(20.38, 146.49, 173.80)
(20.38, 146.49, 173.80)
(20.38, 146.49, 173.80)
(20.48, 142.47, 172.98)
(20.48, 142.47, 172.98)
(20.48, 142.47, 172.98)
(20.59, 141.74, 172.79)
(20.59, 141.74, 172.79)
(20.59, 141.74, 172.79)
(20.59, 141.74, 172.79)
(21.67, 138.83, 171.78)
(21.67, 138.83, 171.78)
(21.67, 138.83, 171.78)
(21.67, 138.83, 171.78)
(21.67, 138.83, 171.78)
(21.67, 138.83, 171.78)
(21.67, 138.83, 171.78)
(21.67, 138.83, 171.78)
(21.67, 138.83, 171.78)
(22.59, 140.27, 171.75)
(22.59, 140.27, 171.75)
(22.59, 140.27, 171.75)
(21.13, 142.03, 172.66)
(21.13, 142.03, 172.66)
(21.13, 142.03, 172.66)
(21.03, 137.33, 171.71)
(21.03, 137.33, 171.71)
(21.03, 137.33, 171.71)
(21.03, 137.33, 171.71)
(21.03, 137.33, 171.71)
(21.00, 133.02, 170.79)
(21.00, 133.02, 170.79)
(21.00, 133.02, 170.79)
(21.11, 140.75, 172.40)
(21.11, 140.75, 172.40)
(21.11, 140.75, 172.40)
(21.11, 140.75, 172.40)
(21.11, 140.75, 172.40)
(20.99, 142.97, 172.90)
(20.99, 142.97, 172.90)
(20.99, 142.97, 172.90)
(20.99, 142.97, 172.90)
(20.99, 142.97, 172.90)
(20.99, 142.97, 172.90)
(21.34, 141.26, 172.42)
(21.34, 141.26, 172.42)
(21.34, 141.26, 172.42)
(21.34, 141.26, 172.42)
(21.34, 141.26, 172.42)
(21.34, 141.26, 172.42)
(21.34, 141.26, 172.42)
(21.34, 141.26, 172.42)
(21.34, 141.26, 172.42)
(21.34, 141.26, 172.42)
(21.34, 141.26, 172.42)
(20.48, 133.40, 171.10)
(20.48, 133.40, 171.10)
(19.92, 133.06, 171.28)
(19.92, 133.06, 171.28)
(19.92, 133.06, 171.28)
(19.92, 133.06, 171.28)
(19.92, 133.06, 171.28)
(19.92, 133.06, 171.28)
(19.92, 133.06, 171.28)
(19.92, 133.06, 171.28)
(22.14, 141.89, 172.27)
(22.14, 141.89, 172.27)
(22.14, 141.89, 172.27)
(22.14, 141.89, 172.27)
(22.14, 141.89, 172.27)
(22.14, 141.89, 172.27)
(22.32, 145.56, 173.00)
(22.32, 145.56, 173.00)
(22.32, 145.56, 173.00)
(22.32, 145.56, 173.00)
(22.32, 145.56, 173.00)
(22.32, 145.56, 173.00)
(22.32, 145.56, 173.00)
(22.32, 145.56, 173.00)
(22.32, 145.56, 173.00)
(22.32, 145.56, 173.00)
(22.32, 145.56, 173.00)
(22.32, 145.56, 173.00)
(22.32, 145.56, 173.00)
(23.28, 140.23, 171.48)
(23.28, 140.23, 171.48)
(23.28, 140.23, 171.48)
(20.27, 133.29, 171.17)
(20.27, 133.29, 171.17)
(19.07, 131.93, 171.43)
(19.07, 131.93, 171.43)
(19.07, 131.93, 171.43)
(19.07, 131.93, 171.43)
(19.07, 131.93, 171.43)
(19.07, 131.93, 171.43)
(19.07, 131.93, 171.43)
(19.07, 131.93, 171.43)
(19.07, 131.93, 171.43)
(19.70, 138.67, 172.51)
(19.70, 138.67, 172.51)
(19.70, 138.67, 172.51)
(19.70, 138.67, 172.51)
(21.87, 141.77, 172.34)
(21.87, 141.77, 172.34)
(21.87, 141.77, 172.34)
(21.87, 141.77, 172.34)
(21.87, 141.77, 172.34)
(21.87, 141.77, 172.34)
(21.87, 141.77, 172.34)
(21.87, 141.77, 172.34)
(21.87, 141.77, 172.34)
(21.98, 149.28, 173.89)
(21.98, 149.28, 173.89)
(21.98, 149.28, 173.89)
(22.57, 150.66, 174.02)
(22.57, 150.66, 174.02)
(22.57, 150.66, 174.02)
(22.57, 150.66, 174.02)
(22.57, 150.66, 174.02)
(21.46, 128.89, 169.65)
(21.46, 128.89, 169.65)
(18.97, 120.82, 169.16)
(18.97, 120.82, 169.16)
(18.97, 120.82, 169.16)
(19.80, 131.64, 171.04)
(19.80, 131.64, 171.04)
(19.80, 131.64, 171.04)
(19.80, 131.64, 171.04)
(19.80, 131.64, 171.04)
(20.74, 135.03, 171.34)
(20.74, 135.03, 171.34)
(20.74, 135.03, 171.34)
(20.74, 135.03, 171.34)
(20.74, 135.03, 171.34)
(20.74, 135.03, 171.34)
(21.89, 145.28, 173.08)
(21.89, 145.28, 173.08)
(21.89, 145.28, 173.08)
(21.89, 145.28, 173.08)
(21.89, 145.28, 173.08)
(21.89, 145.28, 173.08)
(21.89, 145.28, 173.08)
(21.89, 145.28, 173.08)
(21.59, 136.09, 171.21)
(21.59, 136.09, 171.21)
(21.59, 136.09, 171.21)
(21.59, 136.09, 171.21)
(21.59, 136.09, 171.21)
(21.01, 133.20, 170.82)
(21.01, 133.20, 170.82)
(21.01, 133.20, 170.82)
(19.71, 130.80, 170.91)
(19.71, 130.80, 170.91)
(19.71, 130.80, 170.91)
(19.71, 130.80, 170.91)
(19.71, 130.80, 170.91)
(19.71, 130.80, 170.91)
(19.71, 130.80, 170.91)
(19.71, 130.80, 170.91)
(21.32, 135.50, 171.19)
(21.32, 135.50, 171.19)
(21.32, 135.50, 171.19)
(21.46, 139.55, 172.01)
(21.46, 139.55, 172.01)
(21.46, 139.55, 172.01)
(21.46, 139.55, 172.01)
(21.46, 139.55, 172.01)
(21.46, 139.55, 172.01)
(21.46, 139.55, 172.01)
(20.71, 133.94, 171.12)
(20.71, 133.94, 171.12)
(20.71, 133.94, 171.12)
(20.71, 133.94, 171.12)
(20.71, 133.94, 171.12)
(20.71, 133.94, 171.12)
(21.04, 146.39, 173.58)
(21.04, 146.39, 173.58)
(21.04, 146.39, 173.58)
(21.04, 146.39, 173.58)
(21.04, 146.39, 173.58)
(21.26, 135.48, 171.21)
(21.26, 135.48, 171.21)
(21.26, 135.48, 171.21)
(21.26, 135.48, 171.21)
(21.26, 135.48, 171.21)
(21.26, 135.48, 171.21)
(20.50, 129.46, 170.24)
(20.50, 129.46, 170.24)
(20.50, 129.46, 170.24)
(20.93, 134.07, 171.05)
(20.93, 134.07, 171.05)
(20.93, 134.07, 171.05)
(20.93, 134.07, 171.05)
(20.93, 134.07, 171.05)
(20.58, 134.20, 171.23)
(20.58, 134.20, 171.23)
(20.58, 134.20, 171.23)
(20.58, 134.20, 171.23)
(20.58, 134.20, 171.23)
(20.58, 134.20, 171.23)
(20.58, 134.20, 171.23)
(20.58, 134.20, 171.23)
(20.31, 138.43, 172.22)
(20.31, 138.43, 172.22)
(20.37, 140.32, 172.58)
(20.37, 140.32, 172.58)
(21.37, 139.20, 171.97)
(21.37, 139.20, 171.97)
(21.37, 139.20, 171.97)
(21.37, 139.20, 171.97)
(21.37, 139.20, 171.97)
(21.37, 139.20, 171.97)
(21.17, 136.43, 171.46)
(21.17, 136.43, 171.46)
(21.17, 136.43, 171.46)
(21.17, 136.43, 171.46)
(21.17, 136.43, 171.46)
(21.17, 136.43, 171.46)
(21.65, 138.74, 171.77)
(21.65, 138.74, 171.77)
(21.01, 129.13, 169.92)
(21.01, 129.13, 169.92)
(21.01, 129.13, 169.92)
(21.01, 129.13, 169.92)
(21.01, 129.13, 169.92)
(21.01, 129.13, 169.92)
(20.73, 135.94, 171.53)
(20.73, 135.94, 171.53)
(20.73, 135.94, 171.53)
(20.73, 135.94, 171.53)
(20.73, 135.94, 171.53)
(19.92, 139.04, 172.49)
(19.92, 139.04, 172.49)
(20.12, 136.61, 171.93)
(20.12, 136.61, 171.93)
(20.12, 136.61, 171.93)
(20.12, 136.61, 171.93)
(20.12, 136.61, 171.93)
(20.12, 136.61, 171.93)
(20.72, 138.04, 171.98)
(20.72, 138.04, 171.98)
(20.72, 138.04, 171.98)
(20.72, 138.04, 171.98)
(20.72, 138.04, 171.98)
(21.76, 143.32, 172.71)
(21.76, 143.32, 172.71)
(21.76, 143.32, 172.71)
(21.07, 133.84, 170.94)
(21.07, 133.84, 170.94)
(21.07, 133.84, 170.94)
(21.07, 133.84, 170.94)
(21.07, 133.84, 170.94)
(21.07, 133.84, 170.94)
(20.65, 131.67, 170.66)
(20.65, 131.67, 170.66)
(20.65, 131.67, 170.66)
(20.65, 131.67, 170.66)
(20.65, 131.67, 170.66)
(20.69, 134.23, 171.19)
(20.69, 134.23, 171.19)
(20.96, 136.85, 171.64)
(20.96, 136.85, 171.64)
(20.96, 136.85, 171.64)
(20.96, 136.85, 171.64)
(20.96, 136.85, 171.64)
(20.96, 136.85, 171.64)
(21.71, 145.74, 173.24)
(21.71, 145.74, 173.24)
(21.71, 145.74, 173.24)
(21.85, 151.80, 174.45)
(21.85, 151.80, 174.45)
(21.85, 151.80, 174.45)
(21.85, 151.80, 174.45)
(21.85, 151.80, 174.45)
(21.85, 151.80, 174.45)
(21.85, 151.80, 174.45)
(21.25, 136.39, 171.42)
(21.25, 136.39, 171.42)
(21.25, 136.39, 171.42)
(19.37, 124.59, 169.76)
(19.37, 124.59, 169.76)
(19.37, 124.59, 169.76)
(19.37, 124.59, 169.76)
(19.37, 124.59, 169.76)
(19.37, 124.59, 169.76)
(20.08, 131.01, 170.78)
(20.08, 131.01, 170.78)
(20.53, 133.34, 171.07)
(20.53, 133.34, 171.07)
(20.53, 133.34, 171.07)
(20.53, 133.34, 171.07)
(20.53, 133.34, 171.07)
(20.53, 133.34, 171.07)
(21.53, 139.82, 172.05)
(21.53, 139.82, 172.05)
(21.53, 139.82, 172.05)
(21.49, 142.79, 172.69)
(21.49, 142.79, 172.69)
(21.49, 142.79, 172.69)
(21.49, 142.79, 172.69)
(21.49, 142.79, 172.69)
(21.49, 142.79, 172.69)
(21.49, 142.79, 172.69)
(21.49, 142.79, 172.69)
(21.49, 142.79, 172.69)
(21.49, 142.79, 172.69)
(22.02, 142.05, 172.34)
(22.02, 142.05, 172.34)
(22.02, 142.05, 172.34)
(22.02, 142.05, 172.34)
(22.02, 142.05, 172.34)
(22.02, 142.05, 172.34)
(20.77, 137.21, 171.79)
(20.77, 137.21, 171.79)
(21.24, 129.36, 169.86)
(21.24, 129.36, 169.86)
(21.24, 129.36, 169.86)
(21.24, 129.36, 169.86)
(21.24, 129.36, 169.86)
(21.24, 129.36, 169.86)
(21.24, 129.36, 169.86)
(21.24, 129.36, 169.86)
(21.22, 139.66, 172.13)
(21.22, 139.66, 172.13)
(20.54, 135.45, 171.51)
(20.54, 135.45, 171.51)
(20.54, 135.45, 171.51)
(20.54, 135.45, 171.51)
(20.54, 135.45, 171.51)
(20.54, 135.45, 171.51)
(20.53, 138.08, 172.06)
(20.53, 138.08, 172.06)
(20.74, 141.11, 172.61)
(20.74, 141.11, 172.61)
(20.74, 141.11, 172.61)
(20.74, 141.11, 172.61)
(20.74, 141.11, 172.61)
(20.74, 141.11, 172.61)
(22.80, 139.83, 171.57)
(22.80, 139.83, 171.57)
(22.80, 139.83, 171.57)
(22.80, 139.83, 171.57)
(25.76, 140.19, 170.53)
(25.76, 140.19, 170.53)
(25.76, 140.19, 170.53)
(25.76, 140.19, 170.53)
(21.53, 127.40, 169.26)
(21.53, 127.40, 169.26)
(21.53, 127.40, 169.26)
(21.53, 127.40, 169.26)
(21.53, 127.40, 169.26)
(19.53, 126.78, 170.15)
(19.53, 126.78, 170.15)
(19.53, 126.78, 170.15)
(19.53, 126.78, 170.15)
(19.53, 126.78, 170.15)
(18.50, 142.51, 173.67)
(18.50, 142.51, 173.67)
(18.50, 142.51, 173.67)
(18.50, 142.51, 173.67)
(18.50, 142.51, 173.67)
(18.50, 142.51, 173.67)
(18.31, 147.14, 174.56)
(18.31, 147.14, 174.56)
(18.31, 147.14, 174.56)
(16.00, 152.30, 176.03)
(16.00, 152.30, 176.03)
(16.00, 152.30, 176.03)
(16.00, 152.30, 176.03)
(16.15, 157.87, 176.82)
(16.15, 157.87, 176.82)
(16.15, 157.87, 176.82)
(16.15, 157.87, 176.82)
(16.15, 157.87, 176.82)
(16.15, 157.87, 176.82)
(16.15, 157.87, 176.82)
(17.42, 163.68, 177.48)
(17.42, 163.68, 177.48)
(17.42, 163.68, 177.48)
(17.42, 163.68, 177.48)
(17.42, 163.68, 177.48)
(16.09, 164.57, 177.81)
(16.09, 164.57, 177.81)
(13.73, 146.77, 175.89)
(13.73, 146.77, 175.89)
(13.73, 146.77, 175.89)
(13.49, 146.77, 175.89)
(13.49, 146.77, 175.89)
(13.49, 132.47, 174.04)
(13.49, 132.47, 174.04)
(13.49, 132.47, 174.04)
(13.49, 132.47, 174.04)
(11.10, 88.91, 168.69)
(11.10, 88.91, 168.69)
(11.10, 88.91, 168.69)
(11.10, 88.91, 168.69)
(9.18, 111.07, 173.69)
(9.18, 111.07, 173.69)
(9.18, 111.07, 173.69)
(9.18, 111.07, 173.69)
(9.18, 111.07, 173.69)
(9.18, 111.07, 173.69)
(1.96, 20.47, 169.15)
(1.96, 20.47, 169.15)
(1.96, 20.47, 169.15)
(359.20, 351.32, 169.47)
(359.20, 351.32, 169.47)
(359.20, 351.32, 169.47)
(359.20, 351.32, 169.47)
(359.20, 351.32, 169.47)
(359.20, 351.32, 169.47)
(359.20, 351.32, 169.47)
(359.20, 351.32, 169.47)
(352.92, 254.89, 174.57)
(352.92, 254.89, 174.57)
(352.92, 254.89, 174.57)
(343.11, 211.20, 175.25)
(343.11, 211.20, 175.25)
(328.91, 209.77, 171.54)
(328.91, 209.77, 171.54)
(328.91, 209.77, 171.54)
(328.91, 209.77, 171.54)
(328.91, 209.77, 171.54)
(320.02, 195.69, 174.26)
(320.02, 195.69, 174.26)
(320.02, 195.69, 174.26)
(320.02, 195.69, 174.26)
(320.02, 195.69, 174.26)
(320.02, 195.69, 174.26)
(318.08, 201.01, 171.87)
(318.08, 201.01, 171.87)
(318.08, 201.01, 171.87)
(318.08, 201.01, 171.87)
(318.08, 201.01, 171.87)
(312.55, 219.20, 162.21)
(312.55, 219.20, 162.21)
(302.35, 196.08, 171.11)
(302.35, 196.08, 171.11)
(302.35, 196.08, 171.11)
(302.35, 196.08, 171.11)
(302.35, 196.08, 171.11)
(302.35, 196.08, 171.11)
(303.31, 182.57, 178.61)
(303.31, 182.57, 178.61)
(303.31, 182.57, 178.61)
(307.79, 184.55, 177.77)
(307.79, 184.55, 177.77)
(307.79, 184.55, 177.77)
(307.79, 184.55, 177.77)
(307.79, 184.55, 177.77)
(307.79, 184.55, 177.77)
(307.79, 184.55, 177.77)
(301.49, 211.01, 162.33)
(301.49, 211.01, 162.33)
(301.49, 211.01, 162.33)
(301.49, 211.01, 162.33)
(295.23, 207.59, 162.30)
(295.23, 207.59, 162.30)
(295.23, 207.59, 162.30)
(295.23, 207.59, 162.30)
(295.23, 207.59, 162.30)
(299.99, 195.73, 170.88)
(299.99, 195.73, 170.88)
(299.99, 195.73, 170.88)
(294.42, 206.58, 162.70)
(294.42, 206.58, 162.70)
(294.42, 206.58, 162.70)
(294.42, 206.58, 162.70)
(294.42, 206.58, 162.70)
(294.42, 206.58, 162.70)
(294.42, 206.58, 162.70)
(294.42, 206.58, 162.70)
(292.40, 205.88, 162.51)
(292.40, 205.88, 162.51)
(292.84, 207.68, 161.42)
(292.84, 207.68, 161.42)
(292.84, 207.68, 161.42)
(293.75, 204.79, 163.68)
(293.75, 204.79, 163.68)
(293.75, 204.79, 163.68)
(293.75, 204.79, 163.68)
(293.75, 204.79, 163.68)
(293.75, 204.79, 163.68)
(293.75, 204.79, 163.68)
(293.75, 204.79, 163.68)
(289.67, 207.59, 160.37)
(289.67, 207.59, 160.37)
(288.59, 200.45, 165.23)
(288.59, 200.45, 165.23)
(288.59, 200.45, 165.23)
(288.59, 200.45, 165.23)
(288.59, 200.45, 165.23)
(288.59, 200.45, 165.23)
(289.45, 213.07, 156.28)
(289.45, 213.07, 156.28)
(289.45, 213.07, 156.28)
(285.38, 202.26, 162.94)
(285.38, 202.26, 162.94)
(285.38, 202.26, 162.94)
(285.38, 202.26, 162.94)
(285.38, 202.26, 162.94)
(285.38, 202.26, 162.94)
(285.38, 202.26, 162.94)
(285.38, 202.26, 162.94)
(281.91, 197.80, 165.52)
(281.91, 197.80, 165.52)
(282.59, 206.45, 158.67)
(282.59, 206.45, 158.67)
(283.51, 200.62, 163.68)
(283.51, 200.62, 163.68)
(283.51, 200.62, 163.68)
(283.51, 200.62, 163.68)
(283.51, 200.62, 163.68)
(283.51, 200.62, 163.68)
(281.70, 199.59, 164.00)
(281.70, 199.59, 164.00)
(281.70, 199.59, 164.00)
(281.70, 199.59, 164.00)
(281.70, 199.59, 164.00)
(281.70, 199.59, 164.00)
(280.69, 199.95, 163.41)
(280.69, 199.95, 163.41)
(280.69, 199.95, 163.41)
(280.13, 197.11, 165.65)
(280.13, 197.11, 165.65)
(280.13, 197.11, 165.65)
(280.13, 197.11, 165.65)
(280.13, 197.11, 165.65)
(280.13, 197.11, 165.65)
(280.13, 197.11, 165.65)
(280.13, 197.11, 165.65)
(279.85, 201.90, 161.51)
(279.85, 201.90, 161.51)
(279.70, 198.43, 164.42)
(279.70, 198.43, 164.42)
(279.70, 198.43, 164.42)
(279.70, 198.43, 164.42)
(279.70, 198.43, 164.42)
(278.93, 207.77, 156.13)
(278.93, 207.77, 156.13)
(278.93, 207.77, 156.13)
(278.43, 213.73, 150.69)
(278.43, 213.73, 150.69)
(278.43, 213.73, 150.69)
(278.43, 213.73, 150.69)
(278.43, 213.73, 150.69)
(276.31, 208.65, 154.24)
(276.31, 208.65, 154.24)
(276.31, 208.65, 154.24)
(276.31, 208.65, 154.24)
(276.31, 208.65, 154.24)
(276.31, 208.65, 154.24)
(276.47, 198.50, 163.45)
(276.47, 198.50, 163.45)
(276.64, 203.13, 159.34)
(276.64, 203.13, 159.34)
(276.64, 203.13, 159.34)
(276.64, 203.13, 159.34)
(276.64, 203.13, 159.34)
(276.64, 203.13, 159.34)
(276.64, 203.13, 159.34)
(276.64, 203.13, 159.34)
(276.95, 207.03, 155.97)
(276.95, 207.03, 155.97)
(276.49, 209.21, 153.81)
(276.49, 209.21, 153.81)
(276.49, 209.21, 153.81)
(275.94, 209.69, 153.12)
(275.94, 209.69, 153.12)
(275.94, 209.69, 153.12)
(275.94, 209.69, 153.12)
(275.94, 209.69, 153.12)
(275.94, 209.69, 153.12)
(275.90, 212.67, 150.39)
(275.90, 212.67, 150.39)
(275.90, 212.67, 150.39)
(275.11, 215.32, 147.54)
(275.11, 215.32, 147.54)
(275.11, 215.32, 147.54)
(275.11, 215.32, 147.54)
(275.11, 215.32, 147.54)
(273.98, 250.34, 113.36)
(273.98, 250.34, 113.36)
(273.98, 250.34, 113.36)
(273.98, 250.34, 113.36)
(273.98, 250.34, 113.36)
(273.98, 250.34, 113.36)
(272.73, 249.59, 112.94)
(272.73, 249.59, 112.94)
(272.73, 249.59, 112.94)
(272.73, 249.59, 112.94)
(272.73, 249.59, 112.94)
(273.65, 199.40, 161.78)
(273.65, 199.40, 161.78)
(273.65, 199.40, 161.78)
(273.65, 199.40, 161.78)
(273.65, 199.40, 161.78)
(273.94, 225.65, 137.11)
(273.94, 225.65, 137.11)
(273.94, 225.65, 137.11)
(274.63, 228.83, 134.56)
(274.63, 228.83, 134.56)
(274.63, 228.83, 134.56)
(274.63, 228.83, 134.56)
(274.63, 228.83, 134.56)
(275.04, 232.47, 131.42)
(275.04, 232.47, 131.42)
(275.04, 232.47, 131.42)
(275.04, 232.47, 131.42)
(275.04, 232.47, 131.42)
(275.04, 232.47, 131.42)
(275.04, 232.47, 131.42)
(275.04, 232.47, 131.42)
(273.36, 235.58, 127.15)
(273.36, 235.58, 127.15)
(273.36, 235.58, 127.15)
(273.36, 235.58, 127.15)
(273.36, 235.58, 127.15)
(274.19, 265.15, 99.01)
(274.19, 265.15, 99.01)
(274.19, 265.15, 99.01)
(274.19, 265.15, 99.01)
(274.19, 265.15, 99.01)
(272.08, 273.50, 88.58)
(272.08, 273.50, 88.58)
(272.08, 273.50, 88.58)
(272.08, 273.50, 88.58)
(272.07, 300.26, 61.54)
(272.07, 300.26, 61.54)
(272.07, 300.26, 61.54)
(272.07, 300.26, 61.54)
(272.07, 300.26, 61.54)
(271.76, 309.62, 51.74)
(271.76, 309.62, 51.74)
(271.76, 309.62, 51.74)
(271.76, 309.62, 51.74)
(271.76, 309.62, 51.74)
(271.76, 309.62, 51.74)
(271.76, 309.62, 51.74)
(271.76, 309.62, 51.74)
(271.71, 272.51, 89.20)
(271.71, 272.51, 89.20)
(271.71, 272.51, 89.20)
(272.92, 254.81, 107.99)
(272.92, 254.81, 107.99)
(274.43, 266.84, 97.57)
(274.43, 266.84, 97.57)
(274.43, 266.84, 97.57)
(274.43, 266.84, 97.57)
(274.43, 266.84, 97.57)
(274.43, 266.84, 97.57)
(273.74, 290.03, 73.53)
(273.74, 290.03, 73.53)
(273.74, 290.03, 73.53)
(273.74, 290.03, 73.53)
(273.74, 290.03, 73.53)
(273.74, 290.03, 73.53)
(273.74, 290.03, 73.53)
(273.74, 290.03, 73.53)
(272.98, 308.06, 54.32)
(272.98, 308.06, 54.32)
(272.98, 308.06, 54.32)
(272.98, 308.06, 54.32)
(272.98, 308.06, 54.32)
(272.42, 327.14, 34.19)
(272.42, 327.14, 34.19)
(272.42, 327.14, 34.19)
(272.42, 327.14, 34.19)
(272.42, 327.14, 34.19)
(272.42, 327.14, 34.19)
(272.39, 327.81, 33.49)
(272.39, 327.81, 33.49)
(271.64, 329.34, 31.50)
(271.64, 329.34, 31.50)
(271.64, 329.34, 31.50)
(271.64, 329.34, 31.50)
(271.64, 329.34, 31.50)
(272.56, 306.71, 55.37)
(272.56, 306.71, 55.37)
(272.56, 306.71, 55.37)
(272.56, 306.71, 55.37)
(272.56, 306.71, 55.37)
(272.56, 306.71, 55.37)
(272.76, 309.74, 52.41)
(272.76, 309.74, 52.41)
(272.76, 309.74, 52.41)
(272.76, 309.74, 52.41)
(272.76, 309.74, 52.41)
(274.48, 298.61, 65.40)
(274.48, 298.61, 65.40)
(274.48, 298.61, 65.40)
(274.48, 298.61, 65.40)
(274.48, 298.61, 65.40)
(274.48, 298.61, 65.40)
(273.20, 302.22, 60.53)
(273.20, 302.22, 60.53)
(273.62, 303.92, 59.14)
(273.62, 303.92, 59.14)
(273.62, 303.92, 59.14)
(273.62, 303.92, 59.14)
(273.62, 303.92, 59.14)
(272.95, 326.18, 35.49)
(272.95, 326.18, 35.49)
(272.95, 326.18, 35.49)
(274.28, 316.63, 46.39)
(274.28, 316.63, 46.39)
(274.28, 316.63, 46.39)
(274.28, 316.63, 46.39)
(274.28, 316.63, 46.39)
(274.28, 316.63, 46.39)
(272.96, 318.00, 44.03)
(272.96, 318.00, 44.03)
(272.96, 318.00, 44.03)
(272.96, 318.00, 44.03)
(273.85, 314.81, 47.99)
(273.85, 314.81, 47.99)
(273.85, 314.81, 47.99)
(273.85, 314.81, 47.99)
(273.85, 314.81, 47.99)
(273.85, 314.81, 47.99)
(273.85, 314.81, 47.99)
(273.85, 314.81, 47.99)
(273.85, 314.81, 47.99)
(274.33, 310.87, 52.49)
(274.33, 310.87, 52.49)
(274.33, 310.87, 52.49)
(274.33, 310.87, 52.49)
(274.33, 310.87, 52.49)
(274.15, 303.78, 59.75)
(274.15, 303.78, 59.75)
(275.58, 300.50, 64.42)
(275.58, 300.50, 64.42)
(275.58, 300.50, 64.42)
(275.58, 300.50, 64.42)
(275.58, 300.50, 64.42)
(275.58, 300.50, 64.42)
(273.88, 306.14, 57.06)
(273.88, 306.14, 57.06)
(273.88, 306.14, 57.06)
(273.88, 306.14, 57.06)
(273.88, 306.14, 57.06)
(273.09, 311.41, 50.95)
(273.09, 311.41, 50.95)
(273.09, 311.41, 50.95)
(273.09, 311.41, 50.95)
(273.09, 311.41, 50.95)
(273.09, 311.41, 50.95)
(275.16, 302.37, 62.09)
(275.16, 302.37, 62.09)
(275.16, 302.37, 62.09)
(275.16, 302.37, 62.09)
(275.16, 302.37, 62.09)
(273.68, 301.79, 61.39)
(273.68, 301.79, 61.39)
(273.68, 301.79, 61.39)
(273.33, 298.13, 64.85)
(273.33, 298.13, 64.85)
(273.33, 298.13, 64.85)
(273.33, 298.13, 64.85)
(274.12, 292.58, 71.28)
(274.12, 292.58, 71.28)
(274.12, 292.58, 71.28)
(274.12, 292.58, 71.28)
(274.43, 291.14, 73.05)
(274.43, 291.14, 73.05)
(274.43, 291.14, 73.05)
(274.43, 291.14, 73.05)
(274.03, 295.40, 68.30)
(274.03, 295.40, 68.30)
(274.03, 295.40, 68.30)
(274.03, 295.40, 68.30)
(274.03, 295.40, 68.30)
(274.03, 295.40, 68.30)
(273.61, 296.03, 67.26)
(273.61, 296.03, 67.26)
(273.61, 296.03, 67.26)
(273.61, 296.03, 67.26)
(273.61, 296.03, 67.26)
(273.61, 296.03, 67.26)
(273.61, 296.03, 67.26)
(273.61, 296.03, 67.26)
(273.13, 290.12, 72.84)
(273.13, 290.12, 72.84)
(274.48, 290.78, 73.46)
(274.48, 290.78, 73.46)
(274.48, 290.78, 73.46)
(273.23, 286.18, 76.94)
(273.23, 286.18, 76.94)
(273.23, 286.18, 76.94)
(273.08, 268.20, 94.88)
(273.08, 268.20, 94.88)
(273.08, 268.20, 94.88)
(273.08, 268.20, 94.88)
(273.08, 268.20, 94.88)
(273.08, 268.20, 94.88)
(273.08, 268.20, 94.88)
(274.37, 273.96, 90.42)
(274.37, 273.96, 90.42)
(274.37, 273.96, 90.42)
(274.37, 273.96, 90.42)
(274.55, 273.44, 91.11)
(274.55, 273.44, 91.11)
(274.55, 273.44, 91.11)
(274.36, 268.08, 96.27)
(274.36, 268.08, 96.27)
(274.36, 268.08, 96.27)
(274.36, 268.08, 96.27)
(274.36, 268.08, 96.27)
(274.36, 268.08, 96.27)
(274.36, 268.08, 96.27)
(274.11, 268.91, 95.19)
(274.11, 268.91, 95.19)
(273.77, 269.59, 94.17)
(273.77, 269.59, 94.17)
(273.77, 269.59, 94.17)
(274.12, 269.83, 94.29)
(274.12, 269.83, 94.29)
(274.12, 269.83, 94.29)
(274.12, 269.83, 94.29)
(274.12, 269.83, 94.29)
(274.69, 267.70, 96.98)
(274.69, 267.70, 96.98)
(274.69, 267.70, 96.98)
(274.69, 267.70, 96.98)
(274.69, 267.70, 96.98)
(274.69, 267.70, 96.98)
(273.92, 264.74, 99.15)
(273.92, 264.74, 99.15)
(273.92, 264.74, 99.15)
(273.86, 266.22, 97.63)
(273.86, 266.22, 97.63)
(273.86, 266.22, 97.63)
(273.86, 266.22, 97.63)
(273.86, 266.22, 97.63)
(273.93, 264.88, 99.02)
(273.93, 264.88, 99.02)
(273.93, 264.88, 99.02)
(273.93, 264.88, 99.02)
(273.67, 260.06, 103.53)
(273.67, 260.06, 103.53)
(273.67, 260.06, 103.53)
(273.67, 260.06, 103.53)
(275.18, 266.70, 98.46)
(275.18, 266.70, 98.46)
(275.18, 266.70, 98.46)
(275.18, 266.70, 98.46)
(275.18, 266.70, 98.46)
(275.18, 266.70, 98.46)
(275.18, 266.70, 98.46)
(275.18, 266.70, 98.46)
(274.40, 257.76, 106.50)
(274.40, 257.76, 106.50)
(274.40, 257.76, 106.50)
(274.17, 257.51, 106.52)
(274.17, 257.51, 106.52)
(274.17, 257.51, 106.52)
(274.62, 262.79, 101.77)
(274.62, 262.79, 101.77)
(274.62, 262.79, 101.77)
(274.62, 262.79, 101.77)
(274.62, 262.79, 101.77)
(273.76, 257.37, 106.28)
(273.76, 257.37, 106.28)
(273.76, 257.37, 106.28)
(273.76, 257.37, 106.28)
(273.76, 257.37, 106.28)
(273.76, 257.37, 106.28)
(273.76, 257.37, 106.28)
(273.76, 257.37, 106.28)
(273.76, 257.37, 106.28)
(273.76, 257.37, 106.28)
(273.59, 256.37, 107.09)
(273.59, 256.37, 107.09)
(273.59, 256.37, 107.09)
(274.73, 256.94, 107.62)
(274.73, 256.94, 107.62)
(274.73, 256.94, 107.62)
(274.73, 256.94, 107.62)
(274.73, 256.94, 107.62)
(274.73, 256.94, 107.62)
(275.83, 260.77, 104.94)
(275.83, 260.77, 104.94)
(275.83, 260.77, 104.94)
(275.83, 260.77, 104.94)
(275.83, 260.77, 104.94)
(275.83, 260.77, 104.94)
(275.83, 260.77, 104.94)
(275.83, 260.77, 104.94)
(275.83, 260.77, 104.94)
(275.83, 260.77, 104.94)
(274.19, 257.28, 106.78)
(274.19, 257.28, 106.78)
(274.60, 257.18, 107.27)
(274.60, 257.18, 107.27)
(274.60, 257.18, 107.27)
(274.60, 257.18, 107.27)
(274.60, 257.18, 107.27)
(274.60, 257.18, 107.27)
(274.60, 257.18, 107.27)
(274.60, 257.18, 107.27)
(273.92, 245.59, 117.92)
(273.92, 245.59, 117.92)
(273.92, 245.59, 117.92)
(273.92, 245.59, 117.92)
(273.92, 245.59, 117.92)
(273.92, 245.59, 117.92)
(274.90, 257.89, 106.86)
(274.90, 257.89, 106.86)
(274.90, 257.89, 106.86)
(274.90, 257.89, 106.86)
(274.90, 257.89, 106.86)
(274.90, 257.89, 106.86)
(274.90, 257.89, 106.86)
(274.90, 257.89, 106.86)
(274.90, 257.89, 106.86)
(274.90, 257.89, 106.86)
(274.90, 257.89, 106.86)
(274.75, 245.50, 118.75)
(274.75, 245.50, 118.75)
(274.75, 245.50, 118.75)
(275.03, 242.58, 121.80)
(275.03, 242.58, 121.80)
(275.03, 242.58, 121.80)
(275.03, 242.58, 121.80)
(275.03, 242.58, 121.80)
(275.03, 242.58, 121.80)
(275.03, 242.58, 121.80)
(275.12, 243.30, 121.19)
(275.12, 243.30, 121.19)
(275.12, 243.30, 121.19)
(275.17, 254.31, 110.61)
(275.17, 254.31, 110.61)
(275.17, 254.31, 110.61)
(275.17, 254.31, 110.61)
(275.17, 254.31, 110.61)
(275.17, 254.31, 110.61)
(274.34, 246.82, 117.11)
(274.34, 246.82, 117.11)
(275.11, 248.41, 116.27)
(275.11, 248.41, 116.27)
(275.11, 248.41, 116.27)
(275.11, 248.41, 116.27)
(275.11, 248.41, 116.27)
(275.11, 248.41, 116.27)
(275.11, 248.41, 116.27)
(275.11, 248.41, 116.27)
(275.11, 248.41, 116.27)
(275.59, 249.18, 115.96)
(275.59, 249.18, 115.96)
(275.59, 249.18, 115.96)
(275.59, 249.18, 115.96)
(275.01, 251.58, 113.11)
(275.01, 251.58, 113.11)
(275.01, 251.58, 113.11)
(275.01, 251.58, 113.11)
(275.01, 251.58, 113.11)
(275.01, 251.58, 113.11)
(275.28, 249.12, 115.74)
(275.28, 249.12, 115.74)
(275.28, 249.12, 115.74)
(275.28, 249.12, 115.74)
(275.28, 249.12, 115.74)
(275.28, 249.12, 115.74)
(275.68, 245.84, 119.24)
(275.68, 245.84, 119.24)
(276.32, 254.49, 111.51)
(276.32, 254.49, 111.51)
(276.32, 254.49, 111.51)
(276.32, 254.49, 111.51)
(276.32, 254.49, 111.51)
(276.32, 254.49, 111.51)
(274.90, 245.05, 119.31)
(274.90, 245.05, 119.31)
(274.90, 245.05, 119.31)
(274.90, 245.05, 119.31)
(274.90, 245.05, 119.31)
(275.72, 238.19, 126.54)
(275.72, 238.19, 126.54)
(275.29, 235.93, 128.35)
(275.29, 235.93, 128.35)
(275.29, 235.93, 128.35)
(275.29, 235.93, 128.35)
(275.29, 235.93, 128.35)
(274.91, 239.19, 124.94)
(274.91, 239.19, 124.94)
(274.91, 239.19, 124.94)
(274.91, 239.19, 124.94)
(275.31, 247.74, 117.09)
(275.31, 247.74, 117.09)
(275.31, 247.74, 117.09)
(275.31, 247.74, 117.09)
(275.31, 247.74, 117.09)
(275.31, 247.74, 117.09)
(275.31, 247.74, 117.09)
(275.20, 240.24, 124.18)
(275.20, 240.24, 124.18)
(275.20, 240.24, 124.18)
(275.20, 240.24, 124.18)
(275.35, 240.74, 123.83)
(275.35, 240.74, 123.83)
(275.35, 240.74, 123.83)
(275.35, 240.74, 123.83)
(275.35, 240.74, 123.83)
(275.61, 237.92, 126.72)
(275.61, 237.92, 126.72)
(275.84, 243.17, 121.92)
(275.84, 243.17, 121.92)
(275.84, 243.17, 121.92)
(275.84, 243.17, 121.92)
(275.84, 243.17, 121.92)
(275.84, 243.17, 121.92)
(274.93, 237.56, 126.51)
(274.93, 237.56, 126.51)
(274.93, 237.56, 126.51)
(274.93, 237.56, 126.51)
(274.93, 237.56, 126.51)
(275.86, 243.78, 121.37)
(275.86, 243.78, 121.37)
(275.86, 243.78, 121.37)
(275.86, 243.78, 121.37)
(275.86, 243.78, 121.37)
(275.49, 240.82, 123.86)
(275.49, 240.82, 123.86)
(275.49, 240.82, 123.86)
(275.15, 239.03, 125.29)
(275.15, 239.03, 125.29)
(275.15, 239.03, 125.29)
(275.15, 239.03, 125.29)
(275.15, 239.03, 125.29)
(275.15, 239.03, 125.29)
(275.25, 241.18, 123.32)
(275.25, 241.18, 123.32)
(274.86, 237.23, 126.77)
(274.86, 237.23, 126.77)
(274.86, 237.23, 126.77)
(274.86, 237.23, 126.77)
(274.86, 237.23, 126.77)
(274.86, 237.23, 126.77)
(275.04, 226.58, 136.98)
(275.04, 226.58, 136.98)
(275.04, 226.58, 136.98)
(275.04, 226.58, 136.98)
(275.04, 226.58, 136.98)
(275.68, 229.44, 134.74)
(275.68, 229.44, 134.74)
(275.68, 229.44, 134.74)
(275.68, 229.44, 134.74)
(275.68, 229.44, 134.74)
(276.15, 239.55, 125.61)
(276.15, 239.55, 125.61)
(276.15, 239.55, 125.61)
(276.15, 239.55, 125.61)
(276.15, 239.55, 125.61)
(276.15, 239.55, 125.61)
(275.31, 236.53, 127.80)
(275.31, 236.53, 127.80)
(275.31, 236.53, 127.80)
(275.22, 238.14, 126.19)
(275.22, 238.14, 126.19)
(275.22, 238.14, 126.19)
(275.22, 238.14, 126.19)
(275.23, 235.14, 129.05)
(275.23, 235.14, 129.05)
(275.23, 235.14, 129.05)
(275.23, 235.14, 129.05)
(275.23, 235.14, 129.05)
(275.23, 235.14, 129.05)
(274.87, 227.15, 136.32)
(274.87, 227.15, 136.32)
(275.70, 231.37, 132.95)
(275.70, 231.37, 132.95)
(275.70, 231.37, 132.95)
(275.70, 231.37, 132.95)
(275.70, 231.37, 132.95)
(276.08, 234.18, 130.60)
(276.08, 234.18, 130.60)
(276.08, 234.18, 130.60)
(276.08, 234.18, 130.60)
(276.08, 234.18, 130.60)
(276.08, 234.18, 130.60)
(276.21, 241.21, 124.10)
(276.21, 241.21, 124.10)
(275.25, 233.40, 130.70)
(275.25, 233.40, 130.70)
(275.25, 233.40, 130.70)
(275.25, 233.40, 130.70)
(275.58, 237.07, 127.49)
(275.58, 237.07, 127.49)
(275.58, 237.07, 127.49)
(275.58, 237.07, 127.49)
(275.58, 237.07, 127.49)
(275.58, 237.07, 127.49)
(275.58, 237.07, 127.49)
(275.54, 230.66, 133.49)
(275.54, 230.66, 133.49)
(275.54, 230.66, 133.49)
(275.89, 240.35, 124.64)
(275.89, 240.35, 124.64)
(275.89, 240.35, 124.64)
(275.89, 240.35, 124.64)
(275.89, 240.35, 124.64)
(275.97, 236.95, 127.92)
(275.97, 236.95, 127.92)
(275.97, 236.95, 127.92)
(275.97, 236.95, 127.92)
(275.97, 236.95, 127.92)
(275.97, 236.95, 127.92)
(275.93, 238.55, 126.37)
(275.93, 238.55, 126.37)
(275.93, 238.55, 126.37)
(275.93, 238.55, 126.37)
(275.93, 238.55, 126.37)
(275.44, 249.90, 115.13)
(274.34, 242.84, 120.96)
(274.34, 242.84, 120.96)
(274.34, 242.84, 120.96)
(274.34, 242.84, 120.96)
(274.34, 242.84, 120.96)
(274.34, 242.84, 120.96)
(274.34, 242.84, 120.96)
(276.84, 260.01, 106.66)
(276.84, 260.01, 106.66)
(276.70, 240.86, 124.84)
(276.70, 240.86, 124.84)
(276.70, 240.86, 124.84)
(276.70, 240.86, 124.84)
(276.70, 240.86, 124.84)
(277.90, 232.58, 133.45)
(277.90, 232.58, 133.45)
(277.90, 232.58, 133.45)
(277.90, 232.58, 133.45)
(277.90, 232.58, 133.45)
(277.90, 232.58, 133.45)
(278.12, 221.04, 144.02)
(278.12, 221.04, 144.02)
(278.12, 221.04, 144.02)
(284.94, 245.99, 126.99)
(284.94, 245.99, 126.99)
(284.94, 245.99, 126.99)
(284.94, 245.99, 126.99)
(284.48, 179.26, 180.57)
(284.48, 179.26, 180.57)
(284.48, 179.26, 180.57)
(284.48, 179.26, 180.57)
(284.48, 179.26, 180.57)
(284.48, 179.26, 180.57)
(284.57, 171.92, 186.25)
(284.57, 171.92, 186.25)
(284.57, 171.92, 186.25)
(290.57, 210.78, 158.41)
(290.57, 210.78, 158.41)
(290.57, 210.78, 158.41)
(290.57, 210.78, 158.41)
(290.57, 210.78, 158.41)
(288.01, 216.84, 152.80)
(288.01, 216.84, 152.80)
(288.01, 216.84, 152.80)
(288.01, 216.84, 152.80)
(288.01, 216.84, 152.80)
(288.01, 216.84, 152.80)
(288.01, 216.84, 152.80)
(288.01, 216.84, 152.80)
(288.01, 216.84, 152.80)
(288.01, 216.84, 152.80)
(288.01, 216.84, 152.80)
(298.41, 209.00, 162.47)
(298.41, 209.00, 162.47)
(298.41, 209.00, 162.47)
(298.41, 209.00, 162.47)
(298.41, 209.00, 162.47)
(299.31, 189.64, 174.35)
(299.31, 189.64, 174.35)
(300.50, 196.77, 170.37)
(300.50, 196.77, 170.37)
(300.50, 196.77, 170.37)
(300.50, 196.77, 170.37)
(300.50, 196.77, 170.37)
(300.50, 196.77, 170.37)
(304.46, 208.76, 164.62)
(304.46, 208.76, 164.62)
(304.46, 208.76, 164.62)
(304.46, 208.76, 164.62)
(304.46, 208.76, 164.62)
(306.64, 191.50, 174.21)
(306.64, 191.50, 174.21)
(306.64, 191.50, 174.21)
(306.65, 190.51, 174.71)
(306.65, 190.51, 174.71)
(306.65, 190.51, 174.71)
(306.65, 190.51, 174.71)
(306.65, 190.51, 174.71)
(306.65, 190.51, 174.71)
(306.65, 190.51, 174.71)
(306.65, 190.51, 174.71)
(306.21, 195.35, 172.18)
(306.21, 195.35, 172.18)
(325.42, 188.81, 177.25)
(325.42, 188.81, 177.25)
(325.42, 188.81, 177.25)
(329.08, 204.84, 173.03)
(329.08, 204.84, 173.03)
(329.08, 204.84, 173.03)
(329.08, 204.84, 173.03)
(329.08, 204.84, 173.03)
(329.08, 204.84, 173.03)
(329.08, 204.84, 173.03)
(329.08, 204.84, 173.03)
(330.44, 200.94, 174.42)
(330.44, 200.94, 174.42)
(331.71, 192.49, 176.84)
(331.71, 192.49, 176.84)
(331.71, 192.49, 176.84)
(331.71, 192.49, 176.84)
(331.71, 192.49, 176.84)
(331.71, 192.49, 176.84)
(342.40, 191.82, 178.16)
(342.40, 191.82, 178.16)
(342.40, 191.82, 178.16)
(344.44, 225.76, 173.40)
(344.44, 225.76, 173.40)
(344.44, 225.76, 173.40)
(344.44, 225.76, 173.40)
(344.44, 225.76, 173.40)
(350.60, 259.03, 172.24)
(350.60, 259.03, 172.24)
(350.60, 259.03, 172.24)
(350.60, 259.03, 172.24)
(350.60, 259.03, 172.24)
(353.80, 290.67, 171.05)
(353.80, 290.67, 171.05)
(353.80, 290.67, 171.05)
(353.66, 301.70, 168.67)
(353.66, 301.70, 168.67)
(353.66, 301.70, 168.67)
(353.66, 301.70, 168.67)
(353.66, 301.70, 168.67)
(346.47, 235.10, 172.92)
(346.47, 235.10, 172.92)
(346.47, 235.10, 172.92)
(346.47, 235.10, 172.92)
(346.47, 235.10, 172.92)
(346.47, 235.10, 172.92)
(349.72, 222.52, 175.99)
(349.72, 222.52, 175.99)
(357.58, 299.67, 175.85)
(357.58, 299.67, 175.85)
(357.58, 299.67, 175.85)
(357.58, 299.67, 175.85)
(357.58, 299.67, 175.85)
(357.58, 299.67, 175.85)
(357.58, 299.67, 175.85)
(357.58, 299.67, 175.85)
(9.50, 111.39, 173.51)
(9.50, 111.39, 173.51)
(14.75, 131.57, 173.34)
(14.75, 131.57, 173.34)
(14.75, 131.57, 173.34)
(14.75, 131.57, 173.34)
(21.84, 138.30, 171.59)
(21.84, 138.30, 171.59)
(21.84, 138.30, 171.59)
(21.84, 138.30, 171.59)
(21.84, 138.30, 171.59)
(23.03, 122.28, 167.19)
(23.03, 122.28, 167.19)
(23.03, 122.28, 167.19)
(23.03, 122.28, 167.19)
(23.03, 122.28, 167.19)
(23.03, 122.28, 167.19)
(27.23, 134.75, 168.47)
(27.23, 134.75, 168.47)
(30.10, 142.80, 169.66)
(30.10, 142.80, 169.66)
(30.10, 142.80, 169.66)
(30.10, 142.80, 169.66)
(30.10, 142.80, 169.66)
(30.10, 142.80, 169.66)
(30.10, 142.80, 169.66)
(30.10, 142.80, 169.66)
(30.10, 142.80, 169.66)
(20.50, 129.83, 170.32)
(20.50, 129.83, 170.32)
(20.50, 129.83, 170.32)
(20.50, 129.83, 170.32)
(20.50, 129.83, 170.32)
(20.50, 129.83, 170.32)
(20.50, 129.83, 170.32)
(20.41, 135.56, 171.59)
(20.41, 135.56, 171.59)
(20.41, 135.56, 171.59)
(18.82, 129.57, 171.07)
(18.82, 129.57, 171.07)
(18.82, 129.57, 171.07)
(18.82, 129.57, 171.07)
(18.82, 129.57, 171.07)
(18.82, 129.57, 171.07)
(14.92, 112.73, 170.04)
(14.92, 112.73, 170.04)
(14.92, 112.73, 170.04)
(14.92, 112.73, 170.04)
(15.95, 126.20, 171.87)
(15.95, 126.20, 171.87)
(15.95, 126.20, 171.87)
(15.95, 126.20, 171.87)
(17.83, 141.67, 173.76)
(17.83, 141.67, 173.76)
(17.83, 141.67, 173.76)
(17.83, 141.67, 173.76)
(17.16, 135.36, 172.91)
(17.16, 135.36, 172.91)
(17.16, 135.36, 172.91)
(17.16, 135.36, 172.91)
(17.16, 135.36, 172.91)
(21.26, 133.66, 170.82)
(21.26, 133.66, 170.82)
(21.26, 133.66, 170.82)
(20.82, 130.58, 170.34)
(20.82, 130.58, 170.34)
(20.82, 130.58, 170.34)
(20.82, 130.58, 170.34)
(20.82, 130.58, 170.34)
(20.82, 130.58, 170.34)
(21.24, 130.23, 170.06)
(21.24, 130.23, 170.06)
(21.24, 130.23, 170.06)
(21.24, 130.23, 170.06)
(21.24, 130.23, 170.06)
(22.32, 135.87, 170.86)
(22.32, 135.87, 170.86)
(22.32, 135.87, 170.86)
(19.99, 124.49, 169.40)
(19.99, 124.49, 169.40)
(19.99, 124.49, 169.40)
(19.99, 124.49, 169.40)
(18.84, 125.10, 170.15)
(18.84, 125.10, 170.15)
(18.84, 125.10, 170.15)
(18.84, 125.10, 170.15)
(18.84, 125.10, 170.15)
(21.05, 127.98, 169.64)
(21.05, 127.98, 169.64)
(21.05, 127.98, 169.64)
(21.05, 127.98, 169.64)
(21.05, 127.98, 169.64)
(21.05, 127.98, 169.64)
(21.23, 131.14, 170.27)
(21.23, 131.14, 170.27)
(21.23, 131.14, 170.27)
(20.69, 139.47, 172.29)
(20.69, 139.47, 172.29)
(20.69, 139.47, 172.29)
(20.69, 139.47, 172.29)
(18.41, 127.21, 170.80)
(18.41, 127.21, 170.80)
(18.41, 127.21, 170.80)
(18.41, 127.21, 170.80)
(18.41, 127.21, 170.80)
(18.41, 127.21, 170.80)
(18.41, 127.21, 170.80)
(19.56, 130.56, 170.92)
(19.56, 130.56, 170.92)
(19.71, 124.53, 169.56)
(19.71, 124.53, 169.56)
(19.71, 124.53, 169.56)
(19.71, 124.53, 169.56)
(19.71, 124.53, 169.56)
(20.64, 129.73, 170.24)
(20.64, 129.73, 170.24)
(20.64, 129.73, 170.24)
(20.64, 129.73, 170.24)
(20.64, 129.73, 170.24)
(20.88, 132.98, 170.83)
(20.88, 132.98, 170.83)
(20.88, 132.98, 170.83)
(20.88, 132.98, 170.83)
(21.08, 130.87, 170.28)
(21.08, 130.87, 170.28)
(21.08, 130.87, 170.28)
(21.08, 130.87, 170.28)
(21.08, 130.87, 170.28)
(21.08, 130.87, 170.28)
(21.08, 130.87, 170.28)
(21.08, 130.87, 170.28)
(19.63, 124.65, 169.63)
(19.63, 124.65, 169.63)
(19.63, 124.65, 169.63)
(19.04, 125.00, 170.02)
(19.04, 125.00, 170.02)
(19.04, 125.00, 170.02)
(19.04, 125.00, 170.02)
(19.04, 125.00, 170.02)
(19.04, 125.00, 170.02)
(18.81, 125.62, 170.27)
(18.81, 125.62, 170.27)
(18.81, 125.62, 170.27)
(18.81, 125.62, 170.27)
(18.81, 125.62, 170.27)
(18.81, 125.62, 170.27)
(18.81, 125.62, 170.27)
(19.61, 127.98, 170.36)
(19.61, 127.98, 170.36)
(19.61, 127.98, 170.36)
(19.61, 127.98, 170.36)
(19.61, 127.98, 170.36)
(20.36, 133.69, 171.22)
(20.36, 133.69, 171.22)
(19.60, 126.32, 170.01)
(19.60, 126.32, 170.01)
(19.60, 126.32, 170.01)
(19.60, 126.32, 170.01)
(19.60, 126.32, 170.01)
(19.60, 126.32, 170.01)
(19.45, 119.23, 168.53)
(19.45, 119.23, 168.53)
(19.45, 119.23, 168.53)
(19.45, 119.23, 168.53)
(19.45, 119.23, 168.53)
(19.45, 119.23, 168.53)
(19.45, 119.23, 168.53)
(19.45, 119.23, 168.53)
(19.45, 119.23, 168.53)
(19.45, 119.23, 168.53)
(19.45, 119.23, 168.53)
(19.65, 123.22, 169.30)
(19.65, 123.22, 169.30)
(19.65, 123.22, 169.30)
(19.27, 119.65, 168.73)
(19.27, 119.65, 168.73)
(18.76, 124.05, 169.97)
(18.76, 124.05, 169.97)
(18.76, 124.05, 169.97)
(18.76, 124.05, 169.97)
(18.76, 124.05, 169.97)
(19.11, 124.99, 169.98)
(19.11, 124.99, 169.98)
(19.11, 124.99, 169.98)
(19.11, 124.99, 169.98)
(19.11, 124.99, 169.98)
(19.11, 124.99, 169.98)
(20.55, 125.28, 169.28)
(20.55, 125.28, 169.28)
(20.55, 125.28, 169.28)
(20.29, 121.90, 168.65)
(20.29, 121.90, 168.65)
(20.29, 121.90, 168.65)
(20.29, 121.90, 168.65)
(20.29, 121.90, 168.65)
(20.29, 121.90, 168.65)
(20.29, 121.90, 168.65)
(20.29, 121.90, 168.65)
(20.29, 121.90, 168.65)
(20.29, 121.90, 168.65)
(20.29, 121.90, 168.65)
(20.29, 121.90, 168.65)
(20.29, 121.90, 168.65)
(18.33, 123.98, 170.19)
(18.33, 123.98, 170.19)
(19.36, 136.94, 172.30)
(19.36, 136.94, 172.30)
(19.36, 136.94, 172.30)
(21.14, 136.94, 172.30)
(21.14, 136.94, 172.30)
(21.14, 136.94, 172.30)
(21.14, 141.83, 172.61)
(21.14, 141.83, 172.61)
(21.14, 141.83, 172.61)
(21.43, 139.03, 171.91)
(21.43, 139.03, 171.91)
(21.43, 139.03, 171.91)
(21.43, 139.03, 171.91)
(21.43, 139.03, 171.91)
(20.76, 134.21, 171.15)
(20.76, 134.21, 171.15)
(20.76, 134.21, 171.15)
(21.55, 130.57, 169.99)
(21.55, 130.57, 169.99)
(21.55, 130.57, 169.99)
(21.55, 130.57, 169.99)
(21.55, 130.57, 169.99)
(21.55, 130.57, 169.99)
(21.55, 130.57, 169.99)
(21.55, 130.57, 169.99)
(20.38, 123.63, 168.99)
(20.38, 123.63, 168.99)
(19.79, 120.48, 168.61)
(19.79, 120.48, 168.61)
(19.79, 120.48, 168.61)
(19.79, 120.48, 168.61)
(19.79, 120.48, 168.61)
(19.79, 120.48, 168.61)
(19.92, 123.59, 169.24)
(19.92, 123.59, 169.24)
(19.92, 123.59, 169.24)
(19.92, 123.59, 169.24)
(19.92, 123.59, 169.24)
(19.92, 123.59, 169.24)
(19.92, 123.59, 169.24)
(19.92, 123.59, 169.24)
(21.13, 125.45, 169.02)
(21.13, 125.45, 169.02)
(21.13, 125.45, 169.02)
(21.13, 125.45, 169.02)
(21.13, 125.45, 169.02)
(20.80, 133.08, 170.89)
(20.80, 133.08, 170.89)
(20.80, 133.08, 170.89)
(20.80, 133.08, 170.89)
(20.80, 133.08, 170.89)
(20.80, 133.08, 170.89)
(20.05, 127.66, 170.07)
(20.05, 127.66, 170.07)
(20.05, 127.66, 170.07)
(20.05, 127.66, 170.07)
(20.05, 127.66, 170.07)
(19.78, 125.66, 169.77)
(19.78, 125.66, 169.77)
(19.78, 125.66, 169.77)
(20.53, 129.18, 170.17)
(20.53, 129.18, 170.17)
(20.29, 127.67, 169.96)
(20.29, 127.67, 169.96)
(20.29, 127.67, 169.96)
(20.29, 127.67, 169.96)
(20.29, 127.67, 169.96)
(20.29, 127.67, 169.96)
(20.29, 127.67, 169.96)
(20.29, 127.67, 169.96)
(19.03, 119.15, 168.76)
(19.03, 119.15, 168.76)
(20.03, 123.61, 169.19)
(20.03, 123.61, 169.19)
(20.03, 123.61, 169.19)
(20.67, 130.29, 170.35)
(20.67, 130.29, 170.35)
(20.67, 130.29, 170.35)
(20.67, 130.29, 170.35)
(20.67, 130.29, 170.35)
(20.67, 130.29, 170.35)
(20.67, 130.29, 170.35)
(20.67, 130.29, 170.35)
(20.67, 130.29, 170.35)
(20.67, 130.29, 170.35)
(20.67, 130.29, 170.35)
(20.67, 130.29, 170.35)
(18.64, 123.72, 169.97)
(18.64, 123.72, 169.97)
(18.64, 123.72, 169.97)
(18.64, 123.72, 169.97)
(18.64, 123.72, 169.97)
(19.30, 120.77, 168.96)
(19.30, 120.77, 168.96)
(18.90, 116.88, 168.32)
(18.90, 116.88, 168.32)
(18.90, 116.88, 168.32)
(18.90, 116.88, 168.32)
(18.90, 116.88, 168.32)
(18.90, 116.88, 168.32)
