(283.83, 215.52, 151.82)
(283.83, 215.52, 151.82)
(283.83, 215.52, 151.82)
(294.16, 257.08, 125.44)
(298.37, 258.80, 127.79)
(298.37, 258.80, 127.79)
(291.58, 239.22, 137.76)
(291.58, 239.22, 137.76)
(290.16, 229.76, 144.12)
(290.16, 229.76, 144.12)
(273.30, 222.17, 140.00)
(273.30, 222.17, 140.00)
(273.30, 222.17, 140.00)
(274.66, 156.68, 201.54)
(274.66, 156.68, 201.54)
(279.07, 212.36, 152.19)
(279.07, 212.36, 152.19)
(282.11, 227.71, 140.67)
(282.11, 227.71, 140.67)
(285.64, 231.91, 139.47)
(285.64, 231.91, 139.47)
(285.64, 231.91, 139.47)
(278.55, 200.35, 162.43)
(286.26, 189.51, 172.86)
(286.26, 189.51, 172.86)
(285.65, 191.12, 171.55)
(285.65, 191.12, 171.55)
(286.93, 195.16, 168.74)
(286.93, 195.16, 168.74)
(289.95, 204.24, 162.88)
(289.95, 204.24, 162.88)
(289.95, 204.24, 162.88)
(293.29, 213.52, 157.58)
(293.29, 213.52, 157.58)
(289.04, 217.53, 152.77)
(289.04, 217.53, 152.77)
(288.72, 214.93, 154.58)
(288.72, 214.93, 154.58)
(289.26, 210.44, 158.13)
(289.26, 210.44, 158.13)
(287.87, 214.00, 154.90)
(287.87, 214.00, 154.90)
(287.43, 236.64, 136.83)
(287.43, 236.64, 136.83)
(287.65, 245.87, 129.30)
(287.65, 245.87, 129.30)
(288.49, 235.24, 138.71)
(288.49, 235.24, 138.71)
(289.50, 227.32, 145.59)
(289.50, 227.32, 145.59)
(289.50, 227.32, 145.59)
(285.80, 210.71, 156.54)
(285.80, 210.71, 156.54)
(284.91, 206.73, 159.30)
(290.03, 229.47, 144.26)
(290.03, 229.47, 144.26)
(288.23, 225.58, 146.18)
(288.23, 225.58, 146.18)
(288.23, 225.58, 146.18)
(287.53, 221.57, 148.92)
(287.53, 221.57, 148.92)
(287.53, 221.57, 148.92)
(286.88, 219.11, 150.49)
(284.91, 210.81, 156.09)
(284.91, 210.81, 156.09)
(282.38, 194.61, 168.22)
(282.38, 194.61, 168.22)
(288.01, 212.07, 156.42)
(288.01, 212.07, 156.42)
(281.26, 186.41, 174.74)
(281.26, 186.41, 174.74)
(280.57, 187.26, 173.97)
(280.57, 187.26, 173.97)
(284.85, 205.15, 160.53)
(284.85, 205.15, 160.53)
(284.85, 205.15, 160.53)
(288.76, 202.48, 163.79)
(292.72, 227.36, 147.46)
(292.72, 227.36, 147.46)
(293.05, 231.24, 144.81)
(293.05, 231.24, 144.81)
(293.05, 231.24, 144.81)
(291.87, 241.87, 135.88)
(291.87, 241.87, 135.88)
(288.72, 226.77, 145.55)
(288.72, 226.77, 145.55)
(291.55, 170.45, 186.50)
(291.55, 170.45, 186.50)
(312.18, 189.12, 175.95)
(312.18, 189.12, 175.95)
(312.18, 189.12, 175.95)
(295.21, 170.69, 185.91)
(293.16, 169.85, 186.71)
(293.16, 169.85, 186.71)
(286.57, 197.93, 166.58)
(286.57, 197.93, 166.58)
(288.10, 182.64, 178.08)
(288.10, 182.64, 178.08)
(286.65, 170.22, 187.29)
(286.65, 170.22, 187.29)
(286.65, 170.22, 187.29)
(300.84, 241.29, 142.83)
(300.84, 241.29, 142.83)
(290.01, 224.43, 148.09)
(290.01, 224.43, 148.09)
(285.21, 176.91, 182.36)
(285.21, 176.91, 182.36)
(277.80, 146.67, 209.27)
(277.80, 146.67, 209.27)
(304.76, 257.26, 134.62)
(304.76, 257.26, 134.62)
(281.74, 187.61, 173.80)
(281.74, 187.61, 173.80)
(285.55, 217.16, 151.35)
(285.55, 217.16, 151.35)
(289.10, 228.59, 144.36)
(289.10, 228.59, 144.36)
(297.41, 227.24, 150.22)
(297.41, 227.24, 150.22)
(297.41, 227.24, 150.22)
(296.24, 224.71, 151.31)
(296.24, 224.71, 151.31)
(285.92, 187.00, 174.71)
(285.92, 187.00, 174.71)
(285.92, 187.00, 174.71)
(292.29, 241.00, 136.88)
(289.22, 245.58, 130.81)
(289.22, 245.58, 130.81)
(289.36, 247.20, 129.58)
(289.36, 247.20, 129.58)
(276.86, 258.86, 107.80)
(276.86, 258.86, 107.80)
(273.63, 241.84, 121.32)
(273.63, 241.84, 121.32)
(273.63, 241.84, 121.32)
(278.82, 313.88, 52.84)
(279.42, 281.11, 88.27)
(279.42, 281.11, 88.27)
(281.88, 288.34, 83.32)
(281.88, 288.34, 83.32)
(278.59, 292.27, 75.91)
(278.59, 292.27, 75.91)
(274.70, 31.72, 325.72)
(274.70, 31.72, 325.72)
(274.70, 31.72, 325.72)
(271.00, 354.55, 5.55)
(271.00, 354.55, 5.55)
(277.11, 238.19, 127.66)
(277.11, 238.19, 127.66)
(277.11, 238.19, 127.66)
(292.44, 258.77, 122.45)
(287.70, 236.98, 136.74)
(287.70, 236.98, 136.74)
(289.27, 239.17, 136.11)
(289.27, 239.17, 136.11)
(284.92, 197.39, 166.60)
(284.92, 197.39, 166.60)
(287.60, 196.39, 167.97)
(287.60, 196.39, 167.97)
(287.60, 196.39, 167.97)
(287.38, 198.75, 166.16)
(290.30, 170.58, 186.56)
(290.30, 170.58, 186.56)
(299.57, 200.87, 167.76)
(299.57, 200.87, 167.76)
(298.30, 203.43, 165.88)
(298.30, 203.43, 165.88)
(298.30, 203.43, 165.88)
(298.30, 203.43, 165.88)
(295.94, 218.11, 155.61)
(291.52, 175.37, 183.15)
(291.52, 175.37, 183.15)
(291.71, 174.33, 183.85)
(291.71, 174.33, 183.85)
(302.60, 254.22, 135.00)
(302.60, 254.22, 135.00)
(294.00, 229.22, 146.87)
(294.00, 229.22, 146.87)
(294.00, 229.22, 146.87)
(290.92, 221.33, 150.89)
(291.69, 233.31, 142.39)
(291.69, 233.31, 142.39)
(291.69, 233.31, 142.39)
(291.93, 225.60, 148.30)
(294.37, 228.89, 147.33)
(294.37, 228.89, 147.33)
(294.37, 228.89, 147.33)
(294.37, 228.89, 147.33)
(293.53, 222.99, 151.06)
(292.22, 219.49, 152.89)
(292.22, 219.49, 152.89)
(291.33, 222.77, 150.05)
(291.33, 222.77, 150.05)
(292.64, 227.75, 147.13)
(292.64, 227.75, 147.13)
(291.46, 225.78, 147.90)
(291.46, 225.78, 147.90)
(292.64, 227.34, 147.43)
(292.64, 227.34, 147.43)
(290.51, 221.06, 150.88)
(290.51, 221.06, 150.88)
(290.51, 221.06, 150.88)
(287.88, 216.74, 152.81)
(287.88, 216.74, 152.81)
(286.79, 213.28, 154.97)
(286.79, 213.28, 154.97)
(286.79, 213.28, 154.97)
(286.54, 208.50, 158.54)
(287.81, 215.53, 153.71)
(287.81, 215.53, 153.71)
(287.64, 214.30, 154.56)
(287.64, 214.30, 154.56)
(289.54, 220.47, 150.81)
(289.54, 220.47, 150.81)
(287.80, 211.53, 156.73)
(287.80, 211.53, 156.73)
(287.80, 211.53, 156.73)
(288.43, 207.59, 159.93)
(288.91, 210.95, 157.62)
(288.91, 210.95, 157.62)
(290.12, 211.33, 157.83)
(290.12, 211.33, 157.83)
(286.17, 211.33, 157.83)
(286.17, 188.21, 173.83)
(289.62, 201.43, 164.80)
(289.62, 201.43, 164.80)
(289.62, 201.43, 164.80)
(291.54, 205.41, 162.56)
(291.54, 205.41, 162.56)
(298.38, 216.08, 158.02)
(298.38, 216.08, 158.02)
(298.38, 216.08, 158.02)
(302.11, 207.05, 164.85)
(306.58, 229.52, 153.87)
(306.58, 229.52, 153.87)
(313.46, 254.46, 143.80)
(313.46, 254.46, 143.80)
(316.59, 257.52, 144.55)
(316.59, 257.52, 144.55)
(317.42, 264.66, 140.91)
(317.42, 264.66, 140.91)
(318.71, 257.12, 146.56)
(318.71, 257.12, 146.56)
(316.02, 250.63, 148.07)
(316.02, 250.63, 148.07)
(318.26, 259.60, 144.75)
(318.26, 259.60, 144.75)
(318.26, 259.60, 144.75)
(323.89, 277.80, 139.02)
(323.89, 277.80, 139.02)
(331.00, 288.83, 140.25)
(331.00, 288.83, 140.25)
(322.89, 263.57, 146.61)
(322.89, 263.57, 146.61)
(325.95, 270.93, 145.43)
(325.95, 270.93, 145.43)
(325.95, 270.93, 145.43)
(335.50, 300.70, 138.24)
(338.79, 304.63, 140.72)
(338.79, 304.63, 140.72)
(339.16, 304.33, 141.60)
(339.16, 304.33, 141.60)
(343.64, 318.41, 138.53)
(343.64, 318.41, 138.53)
(347.71, 329.65, 136.70)
(347.71, 329.65, 136.70)
(347.71, 329.65, 136.70)
(350.34, 335.14, 138.06)
(352.29, 341.31, 135.49)
(352.29, 341.31, 135.49)
(352.29, 341.31, 135.49)
(352.29, 341.31, 135.49)
(354.74, 347.33, 135.07)
(354.74, 347.33, 135.07)
(354.74, 347.33, 135.07)
(0.00, 0.00, 133.12)
(0.00, 0.00, 133.12)
(359.28, 358.35, 132.62)
(359.28, 358.35, 132.62)
(1.07, 2.46, 132.94)
(1.07, 2.46, 132.94)
(0.93, 2.03, 130.65)
(0.93, 2.03, 130.65)
(1.80, 4.01, 131.68)
(1.80, 4.01, 131.68)
(1.80, 4.01, 131.68)
(1.49, 3.41, 132.71)
(3.42, 7.49, 130.96)
(3.42, 7.49, 130.96)
(1.47, 3.30, 131.93)
(1.47, 3.30, 131.93)
(2.92, 6.65, 132.53)
(2.92, 6.65, 132.53)
(2.92, 6.65, 132.53)
(1.88, 4.18, 131.62)
(1.88, 4.18, 131.62)
(1.89, 4.28, 132.48)
(1.89, 4.28, 132.48)
(0.73, 1.65, 132.00)
(0.73, 1.65, 132.00)
(0.73, 1.65, 132.00)
(0.64, 1.43, 132.03)
(1.87, 4.21, 132.03)
(1.87, 4.21, 132.03)
(1.39, 3.06, 131.30)
(1.39, 3.06, 131.30)
(1.57, 3.50, 131.84)
(1.57, 3.50, 131.84)
(3.31, 7.32, 131.32)
(3.31, 7.32, 131.32)
(2.88, 6.36, 131.27)
(2.88, 6.36, 131.27)
(3.51, 7.70, 131.27)
(3.51, 7.70, 131.08)
(3.51, 7.70, 131.08)
(2.88, 6.25, 130.64)
(2.88, 6.25, 130.64)
(4.07, 8.81, 130.42)
(4.07, 8.81, 130.42)
(4.07, 8.81, 130.42)
(2.99, 6.48, 130.51)
(4.07, 8.73, 130.03)
(4.07, 8.73, 130.03)
(4.01, 8.64, 130.26)
(4.01, 8.64, 130.26)
(5.13, 11.04, 130.22)
(5.13, 11.04, 130.22)
(4.46, 9.58, 130.10)
(4.46, 9.58, 130.10)
(4.46, 9.58, 130.10)
(4.54, 9.72, 130.02)
(4.90, 10.44, 129.76)
(4.90, 10.44, 129.76)
(4.90, 10.44, 129.76)
(4.90, 10.44, 129.76)
(4.91, 10.36, 129.40)
(4.91, 10.36, 129.40)
(2.05, 4.43, 130.30)
(2.05, 4.43, 130.30)
(2.05, 4.43, 130.30)
(7.57, 15.81, 129.07)
(7.57, 15.81, 129.07)
(9.61, 18.42, 125.23)
(9.61, 18.42, 125.23)
(9.23, 17.87, 125.64)
(9.23, 17.87, 125.64)
(8.79, 17.25, 126.25)
(8.79, 17.25, 126.25)
(8.79, 17.25, 126.25)
(7.78, 15.29, 126.28)
(7.78, 15.29, 126.28)
(8.37, 16.18, 125.52)
(8.37, 16.18, 125.52)
(7.98, 15.58, 126.01)
(7.98, 15.58, 126.01)
(8.51, 16.44, 125.51)
(8.51, 16.44, 125.51)
(8.67, 16.71, 125.39)
(8.67, 16.71, 125.39)
(8.81, 16.89, 125.16)
(8.81, 16.89, 125.16)
(8.81, 16.89, 125.16)
(7.82, 15.11, 125.50)
(7.82, 15.11, 125.50)
(8.14, 15.89, 125.99)
(8.14, 15.89, 125.99)
(8.70, 16.54, 124.76)
(8.70, 16.54, 124.76)
(8.81, 16.75, 124.75)
(8.81, 16.75, 124.75)
(8.69, 16.64, 125.08)
(8.69, 16.64, 125.08)
(8.57, 16.38, 124.98)
(8.57, 16.38, 124.98)
(8.57, 16.38, 124.98)
(9.40, 17.85, 124.71)
(9.03, 17.34, 125.26)
(9.03, 17.34, 125.26)
(9.03, 17.34, 125.26)
(9.03, 17.34, 125.26)
(7.91, 14.98, 124.56)
(9.38, 17.49, 123.88)
(9.38, 17.49, 123.88)
(9.38, 17.49, 123.88)
(9.01, 17.60, 126.05)
(7.73, 14.81, 125.06)
(7.73, 14.81, 125.06)
(8.24, 15.70, 124.80)
(8.24, 15.70, 124.80)
(8.41, 16.00, 124.80)
(8.41, 16.00, 124.80)
(8.73, 16.67, 124.97)
(8.73, 16.67, 124.97)
(8.73, 16.67, 124.97)
(8.95, 16.94, 124.57)
(9.12, 17.31, 124.67)
(9.12, 17.31, 124.67)
(9.12, 17.31, 124.67)
(8.64, 16.47, 124.87)
(8.64, 16.47, 124.87)
(8.96, 17.10, 124.94)
(8.96, 17.10, 124.94)
(8.96, 17.10, 124.94)
(8.74, 16.42, 124.18)
(9.23, 17.56, 124.82)
(9.23, 17.56, 124.82)
(9.05, 17.12, 124.54)
(9.05, 17.12, 124.54)
(9.14, 17.22, 124.34)
(9.14, 17.22, 124.34)
(9.15, 17.27, 124.45)
(9.15, 17.27, 124.45)
(9.26, 17.63, 124.85)
(9.26, 17.63, 124.85)
(9.26, 17.63, 124.85)
(9.01, 17.04, 124.52)
(9.01, 17.04, 124.52)
(8.70, 16.36, 124.23)
(8.70, 16.36, 124.23)
(9.42, 17.77, 124.40)
(9.42, 17.77, 124.40)
(9.42, 17.77, 124.40)
(9.23, 17.43, 124.46)
(9.02, 17.02, 124.41)
(9.02, 17.02, 124.41)
(8.75, 16.50, 124.36)
(8.75, 16.50, 124.36)
(9.00, 17.03, 124.53)
(9.00, 17.03, 124.53)
(9.60, 18.09, 124.38)
(9.60, 18.09, 124.38)
(9.60, 18.09, 124.38)
(9.39, 17.64, 124.22)
(9.16, 17.33, 124.54)
(9.16, 17.33, 124.54)
(9.16, 17.33, 124.54)
(9.16, 17.33, 124.54)
(9.57, 17.80, 123.75)
(9.54, 17.77, 123.81)
(9.54, 17.77, 123.81)
(9.54, 17.77, 123.81)
(9.28, 17.36, 124.02)
(9.57, 17.95, 124.15)
(9.57, 17.95, 124.15)
(9.17, 17.12, 123.91)
(9.17, 17.12, 123.91)
(9.28, 17.33, 123.91)
(9.28, 17.33, 123.91)
(9.22, 17.28, 124.10)
(9.22, 17.28, 124.10)
(9.22, 17.28, 124.10)
(9.19, 17.20, 124.01)
(9.19, 17.20, 124.01)
(9.42, 17.59, 123.94)
(9.42, 17.59, 123.94)
(9.42, 17.59, 123.94)
(9.40, 17.56, 123.92)
(9.43, 17.73, 124.22)
(9.43, 17.73, 124.22)
(9.43, 17.73, 124.22)
(9.43, 17.61, 123.94)
(9.80, 18.34, 124.06)
(9.80, 18.34, 124.06)
(9.37, 17.55, 124.07)
(9.37, 17.55, 124.07)
(9.34, 17.38, 123.76)
(9.35, 17.45, 123.89)
(9.35, 17.45, 123.89)
(9.28, 17.33, 123.90)
(9.28, 17.33, 123.90)
(9.28, 17.33, 123.90)
(9.13, 16.92, 123.53)
(9.13, 16.92, 123.53)
(9.24, 17.24, 123.90)
(9.24, 17.24, 123.90)
(9.22, 17.21, 123.87)
(9.22, 17.21, 123.87)
(9.25, 17.36, 124.13)
(9.25, 17.36, 124.13)
(8.77, 16.46, 124.11)
(8.77, 16.46, 124.11)
(8.77, 16.46, 124.11)
(9.27, 17.47, 124.37)
(9.27, 17.47, 124.37)
(9.09, 16.90, 123.70)
(9.09, 16.90, 123.70)
(9.60, 17.92, 123.91)
(9.60, 17.92, 123.91)
(9.29, 17.24, 123.61)
(9.29, 17.24, 123.61)
(9.29, 17.24, 123.61)
(9.42, 17.65, 124.11)
(9.03, 16.76, 123.59)
(9.03, 16.76, 123.59)
(9.03, 16.76, 123.59)
(9.35, 17.25, 123.35)
(9.35, 17.25, 123.35)
(9.79, 18.33, 124.08)
(9.79, 18.33, 124.08)
(9.79, 18.33, 124.08)
(9.16, 17.08, 123.82)
(9.33, 17.37, 123.76)
(9.33, 17.37, 123.76)
(9.33, 17.37, 123.76)
(9.61, 17.90, 123.83)
(9.14, 17.10, 124.00)
(9.14, 17.10, 124.00)
(9.84, 18.35, 123.87)
(9.84, 18.35, 123.87)
(9.79, 18.08, 123.43)
(9.79, 18.08, 123.43)
(9.79, 18.08, 123.43)
(9.79, 18.08, 123.43)
(9.49, 17.80, 124.14)
(10.17, 18.78, 123.45)
(10.17, 18.78, 123.45)
(9.58, 17.81, 123.75)
(9.58, 17.81, 123.75)
(9.59, 17.95, 124.07)
(9.59, 17.95, 124.07)
(9.46, 17.47, 123.39)
(9.46, 17.47, 123.39)
(10.12, 18.79, 123.72)
(10.12, 18.79, 123.72)
(9.43, 17.57, 123.79)
(9.43, 17.57, 123.79)
(9.43, 17.57, 123.79)
(9.57, 17.77, 123.67)
(9.57, 17.77, 123.67)
(9.96, 18.62, 124.02)
(9.96, 18.62, 124.02)
(9.32, 17.32, 123.66)
(9.32, 17.32, 123.66)
(9.64, 17.95, 123.80)
(9.64, 17.95, 123.80)
(9.64, 17.95, 123.80)
(9.58, 17.91, 123.97)
(9.24, 17.17, 123.66)
(9.24, 17.17, 123.66)
(9.24, 17.17, 123.66)
(9.15, 17.11, 124.02)
(9.15, 17.11, 124.02)
(9.14, 17.27, 124.47)
(9.14, 17.27, 124.47)
(9.14, 17.27, 124.47)
(8.69, 16.10, 123.51)
(9.67, 17.94, 123.61)
(9.67, 17.94, 123.61)
(9.67, 17.94, 123.61)
(9.00, 16.90, 124.15)
(9.18, 17.07, 123.69)
(9.18, 17.07, 123.69)
(9.59, 17.89, 123.86)
(9.59, 17.89, 123.86)
(8.94, 16.58, 123.57)
(8.94, 16.58, 123.57)
(8.94, 16.58, 123.57)
(8.94, 16.58, 123.57)
(8.98, 16.67, 123.64)
(9.39, 17.62, 124.19)
(9.39, 17.62, 124.19)
(9.39, 17.62, 124.19)
(9.16, 16.90, 123.35)
(9.42, 17.47, 123.61)
(9.42, 17.47, 123.61)
(8.74, 16.40, 124.16)
(8.74, 16.40, 124.16)
(8.74, 16.40, 124.16)
(9.23, 17.12, 123.57)
(9.31, 17.36, 123.83)
(9.31, 17.36, 123.83)
(9.31, 17.36, 123.83)
(8.81, 16.43, 123.81)
(8.81, 16.43, 123.81)
(9.20, 17.08, 123.62)
(9.20, 17.08, 123.62)
(8.85, 16.42, 123.57)
(8.85, 16.42, 123.57)
(9.05, 16.81, 123.67)
(9.05, 16.81, 123.67)
(9.56, 17.76, 123.70)
(9.56, 17.76, 123.70)
(9.16, 17.05, 123.74)
(9.16, 17.05, 123.74)
(9.16, 17.05, 123.74)
(9.33, 17.26, 123.51)
(9.33, 17.26, 123.51)
(8.50, 15.78, 123.58)
(8.50, 15.78, 123.58)
(9.31, 17.30, 123.65)
(9.31, 17.30, 123.65)
(8.45, 15.65, 123.45)
(8.45, 15.65, 123.45)
(8.45, 15.65, 123.45)
(9.07, 16.91, 123.81)
(9.00, 16.77, 123.79)
(9.00, 16.77, 123.79)
(9.00, 16.77, 123.79)
(8.89, 16.57, 123.79)
(8.89, 16.57, 123.79)
(9.00, 16.74, 123.74)
(9.00, 16.74, 123.74)
(9.00, 16.74, 123.74)
(8.54, 15.96, 123.90)
(9.46, 17.68, 123.96)
(9.46, 17.68, 123.96)
(9.46, 17.68, 123.96)
(8.20, 15.43, 124.21)
(19.89, 33.78, 120.00)
(19.89, 33.78, 120.00)
(19.89, 33.78, 120.00)
(22.89, 38.62, 119.98)
(7.90, 38.62, 119.98)
(7.90, 15.02, 124.73)
(7.90, 15.02, 124.73)
(7.90, 15.02, 124.73)
(359.87, 359.73, 127.35)
(359.58, 359.16, 126.57)
(359.58, 359.16, 126.57)
(359.58, 359.16, 126.57)
(353.66, 347.90, 124.86)
(347.59, 335.30, 127.21)
(347.59, 335.30, 127.21)
(345.49, 330.33, 128.67)
(345.49, 330.33, 128.67)
(345.49, 330.33, 128.67)
(338.91, 315.45, 131.13)
(338.91, 315.45, 131.13)
(338.91, 315.45, 131.13)
(337.98, 315.62, 129.01)
(334.49, 305.85, 132.22)
(334.49, 305.85, 132.22)
(334.49, 305.85, 132.22)
(331.70, 298.42, 134.13)
(320.73, 278.75, 134.84)
(320.73, 278.75, 134.84)
(320.73, 278.75, 134.84)
(317.24, 255.54, 146.25)
(317.24, 255.54, 146.25)
(316.78, 257.22, 144.90)
(316.78, 257.22, 144.90)
(316.78, 257.22, 144.90)
(318.49, 259.24, 145.17)
(312.26, 255.54, 142.15)
(312.26, 255.54, 142.15)
(311.07, 235.69, 152.97)
(311.07, 235.69, 152.97)
(301.10, 213.02, 161.00)
(301.10, 213.02, 161.00)
(301.10, 213.02, 161.00)
(302.12, 214.99, 160.23)
(302.12, 214.99, 160.23)
(300.72, 207.92, 163.90)
(300.72, 207.92, 163.90)
(298.04, 206.13, 164.14)
(298.04, 206.13, 164.14)
(292.87, 169.08, 187.26)
(292.87, 169.08, 187.26)
(294.66, 187.49, 175.19)
(294.66, 187.49, 175.19)
(293.08, 174.20, 183.83)
(293.08, 174.20, 183.83)
(293.08, 174.20, 183.83)
(292.36, 186.84, 175.41)
(292.36, 186.84, 175.41)
(289.55, 155.88, 197.16)
(289.55, 155.88, 197.16)
(293.50, 168.37, 187.64)
(293.50, 168.37, 187.64)
(287.81, 173.64, 184.64)
(287.81, 173.64, 184.64)
(287.81, 173.64, 184.64)
(285.76, 169.19, 188.20)
(285.66, 173.07, 185.25)
(285.66, 173.07, 185.25)
(285.66, 173.07, 185.25)
(286.15, 152.96, 200.48)
(286.15, 152.96, 200.48)
(289.12, 156.37, 196.94)
(289.12, 156.37, 196.94)
(289.25, 158.12, 195.63)
(289.25, 158.12, 195.63)
(287.96, 170.11, 187.20)
(287.96, 170.11, 187.20)
(287.96, 170.11, 187.20)
(286.67, 164.87, 191.29)
(287.75, 168.83, 188.16)
(287.75, 168.83, 188.16)
(289.76, 192.02, 171.53)
(289.76, 192.02, 171.53)
(289.76, 192.02, 171.53)
(289.10, 170.02, 187.12)
(289.10, 170.02, 187.12)
(289.10, 170.02, 187.12)
(289.28, 177.87, 181.51)
(287.88, 182.64, 178.08)
(287.88, 182.64, 178.08)
(287.88, 182.64, 178.08)
(289.89, 189.77, 173.14)
(286.88, 177.98, 181.50)
(286.88, 177.98, 181.50)
(286.82, 188.01, 174.05)
(286.82, 188.01, 174.05)
(288.73, 183.82, 177.26)
(288.73, 183.82, 177.26)
(289.34, 177.53, 181.75)
(289.34, 177.53, 181.75)
(289.34, 177.53, 181.75)
(287.94, 174.82, 183.77)
(287.94, 174.82, 183.77)
(287.37, 179.63, 180.27)
(287.37, 179.63, 180.27)
(288.20, 161.38, 193.54)
(288.20, 161.38, 193.54)
(288.01, 148.70, 203.00)
(288.01, 148.70, 203.00)
(288.01, 148.70, 203.00)
(286.47, 166.24, 190.30)
(288.88, 169.54, 187.48)
(288.88, 169.54, 187.48)
(288.88, 169.54, 187.48)
(287.08, 161.78, 193.51)
(287.08, 161.78, 193.51)
(287.14, 165.20, 190.95)
(287.14, 165.20, 190.95)
(287.14, 165.20, 190.95)
(287.47, 165.55, 190.63)
(287.15, 168.33, 188.62)
(287.15, 168.33, 188.62)
(286.70, 158.14, 196.35)
(286.70, 158.14, 196.35)
(286.70, 158.14, 196.35)
(286.39, 163.27, 192.56)
(286.16, 155.29, 198.69)
(286.16, 155.29, 198.69)
(286.43, 162.24, 193.33)
(286.43, 162.24, 193.33)
(286.05, 163.51, 192.45)
(286.05, 163.51, 192.45)
(286.05, 163.51, 192.45)
(286.04, 161.08, 194.30)
(286.04, 161.08, 194.30)
(285.15, 165.37, 191.22)
(285.15, 165.37, 191.22)
(285.39, 165.53, 191.05)
(285.39, 165.53, 191.05)
(285.39, 160.62, 194.83)
(285.39, 160.62, 194.83)
(285.39, 160.62, 194.83)
(283.97, 167.56, 189.74)
(285.80, 161.19, 194.28)
(285.80, 161.19, 194.28)
(284.33, 159.77, 195.78)
(284.33, 159.77, 195.78)
(284.18, 161.28, 194.63)
(284.18, 161.28, 194.63)
(284.18, 161.28, 194.63)
(284.18, 161.28, 194.63)
(285.22, 178.37, 181.24)
(283.82, 171.76, 186.46)
(283.82, 171.76, 186.46)
(283.37, 168.33, 189.23)
(283.37, 168.33, 189.23)
(283.76, 163.49, 192.99)
(283.76, 163.49, 192.99)
(283.53, 161.47, 194.65)
(283.53, 161.47, 194.65)
(283.53, 161.47, 194.65)
(283.13, 166.49, 190.74)
(284.17, 154.34, 200.12)
(284.17, 154.34, 200.12)
(282.95, 159.79, 196.15)
(282.95, 159.79, 196.15)
(284.06, 165.76, 191.14)
(284.06, 165.76, 191.14)
(283.37, 157.93, 197.53)
(283.37, 157.93, 197.53)
(283.37, 157.93, 197.53)
(283.08, 162.88, 193.64)
(283.08, 162.88, 193.64)
(284.42, 153.13, 200.98)
(284.42, 153.13, 200.98)
(282.85, 164.22, 192.61)
(282.85, 164.22, 192.61)
(284.84, 154.35, 199.87)
(284.84, 154.35, 199.87)
(282.88, 157.69, 197.87)
(282.88, 157.69, 197.87)
(283.24, 159.31, 196.45)
(283.24, 159.31, 196.45)
(281.28, 162.20, 194.64)
(281.28, 162.20, 194.64)
(283.37, 166.84, 190.41)
(283.37, 166.84, 190.41)
(282.38, 166.84, 190.41)
(282.38, 161.26, 195.12)
(282.38, 161.26, 195.12)
(281.00, 166.80, 190.89)
(281.00, 166.80, 190.89)
(281.77, 163.35, 193.57)
(281.77, 163.35, 193.57)
(281.77, 163.35, 193.57)
(280.52, 167.63, 190.30)
(279.61, 162.67, 194.67)
(279.61, 162.67, 194.67)
(279.61, 162.67, 194.67)
(282.66, 173.26, 185.40)
(280.75, 162.01, 194.93)
(280.75, 162.01, 194.93)
(281.56, 169.02, 188.97)
(281.56, 169.02, 188.97)
(280.94, 171.95, 186.65)
(280.94, 171.95, 186.65)
(280.24, 165.30, 192.30)
(280.24, 165.30, 192.30)
(280.24, 165.30, 192.30)
(280.91, 172.94, 185.83)
(280.91, 172.94, 185.83)
(280.71, 172.81, 185.96)
(280.71, 172.81, 185.96)
(280.71, 172.81, 185.96)
(281.18, 174.38, 184.62)
(281.19, 174.03, 184.90)
(281.19, 174.03, 184.90)
(281.19, 174.03, 184.90)
(280.87, 177.28, 182.25)
(281.13, 173.27, 185.54)
(281.13, 173.27, 185.54)
(280.73, 171.62, 186.94)
(280.73, 171.62, 186.94)
(281.11, 176.07, 183.23)
(281.11, 176.07, 183.23)
(281.11, 176.07, 183.23)
(281.11, 176.07, 183.23)
(280.98, 174.98, 184.14)
(281.15, 176.70, 182.71)
(281.15, 176.70, 182.71)
(280.67, 172.41, 186.30)
(280.67, 172.41, 186.30)
(281.21, 175.39, 183.79)
(281.21, 175.39, 183.79)
(281.09, 175.54, 183.67)
(281.09, 175.54, 183.67)
(281.09, 175.54, 183.67)
(280.79, 173.99, 184.98)
(281.67, 178.22, 181.45)
(281.67, 178.22, 181.45)
(281.67, 178.22, 181.45)
(280.78, 172.27, 186.40)
(281.18, 175.08, 184.04)
(281.18, 175.08, 184.04)
(281.18, 175.08, 184.04)
(281.18, 175.08, 184.04)
(281.18, 178.10, 181.56)
(281.18, 177.31, 182.21)
(281.18, 177.31, 182.21)
(281.02, 173.99, 184.95)
(281.02, 173.99, 184.95)
(281.77, 178.21, 181.45)
(281.77, 178.21, 181.45)
(280.96, 180.85, 179.30)
(280.96, 180.85, 179.30)
(281.43, 181.53, 178.75)
(281.43, 181.53, 178.75)
(281.43, 181.53, 178.75)
(280.84, 174.98, 184.15)
(280.84, 174.98, 184.15)
(283.94, 190.11, 172.09)
(283.94, 190.11, 172.09)
(284.34, 191.21, 171.29)
(284.34, 191.21, 171.29)
(284.34, 191.21, 171.29)
(282.98, 193.21, 169.47)
(283.70, 189.68, 172.39)
(283.70, 189.68, 172.39)
(283.76, 194.85, 168.32)
(283.76, 194.85, 168.32)
(285.31, 194.85, 168.32)
(285.31, 196.14, 167.65)
(285.31, 196.14, 167.65)
(284.68, 195.09, 168.32)
(284.68, 195.09, 168.32)
(285.04, 198.53, 165.74)
(285.04, 198.53, 165.74)
(286.20, 203.59, 162.18)
(286.20, 203.59, 162.18)
(284.17, 188.12, 173.67)
(284.17, 188.12, 173.67)
(284.78, 193.32, 169.72)
(284.78, 193.32, 169.72)
(286.32, 201.04, 164.16)
(286.32, 201.04, 164.16)
(286.22, 199.14, 165.57)
(286.22, 199.14, 165.57)
(286.22, 199.14, 165.57)
(286.02, 206.32, 160.02)
(286.02, 206.32, 160.02)
(286.02, 206.32, 160.02)
(287.40, 206.42, 160.43)
(286.47, 207.45, 159.31)
(286.47, 207.45, 159.31)
(286.47, 207.45, 159.31)
(286.97, 208.74, 158.52)
(286.94, 210.77, 156.96)
(286.94, 210.77, 156.96)
(286.18, 210.29, 157.02)
(286.18, 210.29, 157.02)
(286.18, 210.29, 157.02)
(285.40, 202.70, 162.61)
(285.40, 202.70, 162.61)
(285.40, 202.70, 162.61)
(285.33, 203.63, 161.87)
(285.20, 199.24, 165.23)
(285.20, 199.24, 165.23)
(284.35, 196.27, 167.33)
(284.35, 196.27, 167.33)
(284.34, 196.27, 167.33)
(284.34, 196.27, 167.33)
(284.74, 197.51, 166.46)
(284.74, 197.51, 166.46)
(284.18, 190.23, 172.02)
(284.18, 190.23, 172.02)
(283.82, 190.23, 172.02)
(283.82, 190.60, 171.68)
(283.82, 190.60, 171.68)
(284.29, 197.49, 166.37)
(284.29, 197.49, 166.37)
(283.12, 187.41, 174.12)
(283.12, 187.41, 174.12)
(283.12, 187.41, 174.12)
(283.80, 191.55, 170.93)
(283.85, 194.91, 168.29)
(283.85, 194.91, 168.29)
(283.85, 194.91, 168.29)
(283.54, 193.44, 169.39)
(283.46, 192.79, 169.90)
(283.46, 192.79, 169.90)
(283.14, 191.62, 170.77)
(283.14, 191.62, 170.77)
(283.61, 190.75, 171.53)
(283.61, 190.75, 171.53)
(283.61, 190.75, 171.53)
(283.16, 190.30, 171.82)
(283.16, 190.30, 171.82)
(283.05, 188.51, 173.23)
(283.05, 188.51, 173.23)
(282.83, 189.10, 172.73)
(282.83, 189.10, 172.73)
(282.09, 184.33, 176.50)
(282.09, 184.33, 176.50)
(282.04, 186.54, 174.71)
(282.04, 186.54, 174.71)
(282.04, 186.54, 174.71)
(283.55, 190.97, 171.35)
(283.07, 187.17, 174.30)
(283.07, 187.17, 174.30)
(282.08, 190.51, 171.49)
(282.08, 190.51, 171.49)
(282.08, 190.51, 171.49)
(283.24, 187.28, 174.23)
(283.24, 187.28, 174.23)
(283.24, 187.28, 174.23)
(282.95, 189.72, 172.25)
(282.89, 187.00, 174.42)
(282.89, 187.00, 174.42)
(283.28, 192.91, 169.77)
(283.28, 192.91, 169.77)
(283.28, 192.91, 169.77)
(283.45, 189.17, 172.76)
(283.23, 190.96, 171.31)
(283.23, 190.96, 171.31)
(283.23, 190.96, 171.31)
(283.19, 191.33, 171.01)
(283.38, 196.79, 166.70)
(283.38, 196.79, 166.70)
(283.24, 194.21, 168.73)
(283.24, 194.21, 168.73)
(283.24, 194.21, 168.73)
(283.79, 198.18, 165.70)
(283.79, 198.18, 165.70)
(283.69, 196.19, 167.25)
(283.69, 196.19, 167.25)
(283.73, 196.29, 167.18)
(283.56, 195.20, 168.00)
(283.56, 195.20, 168.00)
(283.56, 195.20, 168.00)
(283.56, 195.20, 168.00)
(283.67, 194.65, 168.46)
(283.72, 191.29, 171.12)
(283.72, 191.29, 171.12)
(283.72, 191.29, 171.12)
(283.72, 191.29, 171.12)
(283.58, 195.20, 168.00)
(283.58, 195.20, 168.00)
(283.72, 196.54, 166.98)
(283.72, 196.54, 166.98)
(284.41, 197.45, 166.43)
(284.41, 197.45, 166.43)
(284.41, 197.45, 166.43)
(283.26, 199.98, 164.12)
(284.05, 201.53, 163.11)
(284.05, 201.53, 163.11)
(284.05, 201.53, 163.11)
(284.54, 208.68, 157.63)
(283.88, 206.17, 159.37)
(283.88, 206.17, 159.37)
(283.88, 206.17, 159.37)
(283.88, 206.17, 159.37)
(284.20, 215.44, 152.06)
(283.61, 215.30, 151.89)
(283.61, 215.30, 151.89)
(283.61, 215.30, 151.89)
(284.39, 214.09, 153.24)
(286.73, 212.15, 155.81)
(286.73, 212.15, 155.81)
(286.73, 212.15, 155.81)
(283.34, 227.46, 141.67)
(283.81, 224.76, 144.22)
(283.81, 224.76, 144.22)
(283.68, 213.98, 153.00)
(283.68, 213.98, 153.00)
(283.68, 213.98, 153.00)
(283.25, 218.72, 148.91)
(283.25, 218.72, 148.91)
(282.63, 219.41, 147.99)
(281.58, 219.41, 147.99)
(281.58, 219.41, 147.99)
(281.58, 215.99, 150.31)
(281.65, 218.10, 148.57)
(281.65, 218.10, 148.57)
(282.49, 208.51, 156.95)
(282.49, 208.51, 156.95)
(279.43, 202.30, 161.03)
(279.43, 202.30, 161.03)
(279.43, 202.30, 161.03)
(279.43, 202.30, 161.03)
(281.35, 204.68, 159.68)
(280.44, 204.35, 159.64)
(280.44, 204.35, 159.64)
(278.83, 195.18, 166.97)
(278.83, 195.18, 166.97)
(279.98, 199.49, 163.59)
(279.98, 199.49, 163.59)
(279.30, 178.41, 181.35)
(279.30, 178.41, 181.35)
(279.30, 178.41, 181.35)
(278.30, 204.78, 158.49)
(278.30, 204.78, 158.49)
(277.93, 194.74, 167.15)
(277.93, 194.74, 167.15)
(278.55, 198.94, 163.66)
(278.55, 198.94, 163.66)
(278.26, 198.71, 163.78)
(278.26, 198.71, 163.78)
(277.40, 210.15, 153.37)
(277.40, 210.15, 153.37)
(277.75, 211.26, 152.54)
(277.75, 211.26, 152.54)
(277.75, 211.26, 152.54)
(277.47, 217.53, 146.80)
(277.47, 217.53, 146.80)
(276.08, 204.28, 158.10)
(276.08, 204.28, 158.10)
(275.68, 197.98, 163.69)
(275.68, 197.98, 163.69)
(277.59, 207.43, 155.88)
(277.59, 207.43, 155.88)
(277.60, 207.61, 155.72)
(277.60, 207.61, 155.72)
(277.05, 199.13, 163.05)
(277.05, 199.13, 163.05)
(277.05, 199.13, 163.05)
(277.01, 210.14, 153.20)
(277.01, 210.14, 153.20)
(277.01, 210.14, 153.20)
(276.74, 212.08, 151.33)
(277.07, 210.10, 153.27)
(277.07, 210.10, 153.27)
(276.52, 204.67, 157.92)
(276.52, 204.67, 157.92)
(277.17, 209.30, 154.03)
(277.17, 209.30, 154.03)
(276.98, 202.73, 159.83)
(276.98, 202.73, 159.83)
(276.98, 202.73, 159.83)
(276.59, 202.62, 159.79)
(276.59, 202.62, 159.79)
(276.59, 202.62, 159.79)
(276.84, 200.38, 161.88)
(276.72, 192.73, 168.67)
(276.72, 192.73, 168.67)
(277.09, 198.24, 163.86)
(277.09, 198.24, 163.86)
(277.09, 198.24, 163.86)
(277.63, 186.68, 174.16)
(279.12, 193.88, 168.15)
(279.12, 193.88, 168.15)
(279.12, 193.88, 168.15)
(279.48, 197.60, 165.06)
(279.48, 197.60, 165.06)
(281.69, 200.76, 163.03)
(281.69, 200.76, 163.03)
(283.39, 212.25, 154.27)
(283.39, 212.25, 154.27)
(283.96, 208.49, 157.55)
(283.96, 208.49, 157.55)
(283.96, 208.49, 157.55)
(284.86, 210.99, 155.92)
(287.63, 233.83, 139.25)
(287.63, 233.83, 139.25)
(287.63, 233.83, 139.25)
(290.90, 236.85, 139.12)
(289.90, 196.92, 168.09)
(289.90, 196.92, 168.09)
(295.00, 197.93, 168.52)
(295.00, 197.93, 168.52)
(295.00, 197.93, 168.52)
(301.62, 226.18, 153.21)
(301.62, 226.18, 153.21)
(301.62, 226.18, 153.21)
(303.57, 225.10, 154.88)
(314.84, 254.85, 144.70)
(314.84, 254.85, 144.70)
(320.37, 274.47, 137.43)
(320.37, 274.47, 137.43)
(327.34, 287.55, 136.40)
(327.34, 287.55, 136.40)
(337.18, 307.73, 135.28)
(337.18, 307.73, 135.28)
(337.18, 307.73, 135.28)
(340.36, 313.95, 135.67)
(340.36, 313.95, 135.67)
(345.21, 324.60, 135.73)
(345.21, 324.60, 135.73)
(356.10, 350.46, 135.63)
(356.10, 350.46, 135.63)
(2.11, 4.95, 133.86)
(2.11, 4.95, 133.86)
(4.56, 10.31, 132.38)
(4.56, 10.31, 132.38)
(16.33, 34.36, 130.21)
(16.33, 34.36, 130.21)
(16.33, 34.36, 130.21)
(8.95, 17.36, 125.73)
(8.95, 17.36, 125.73)
(17.92, 38.43, 131.31)
(17.92, 38.43, 131.31)
(17.92, 38.43, 131.31)
(11.42, 22.25, 126.12)
(19.09, 38.64, 128.76)
(19.09, 38.64, 128.76)
(19.09, 38.64, 128.76)
(12.97, 24.37, 124.49)
(20.95, 41.31, 127.74)
(20.95, 41.31, 127.74)
(15.72, 28.18, 122.37)
(15.72, 28.18, 122.37)
(21.72, 41.72, 126.57)
(21.72, 41.72, 126.57)
(21.72, 41.72, 126.57)
(21.72, 41.72, 126.57)
(14.49, 27.29, 124.71)
(16.93, 33.27, 127.04)
(16.93, 33.27, 127.04)
(16.93, 33.27, 127.04)
(16.06, 30.50, 125.29)
(16.15, 31.18, 126.08)
(16.15, 31.18, 126.08)
(18.13, 35.47, 126.97)
(18.13, 35.47, 126.97)
(18.20, 34.44, 125.33)
(18.20, 34.44, 125.33)
(18.20, 34.44, 125.33)
(18.20, 34.44, 125.33)
(19.46, 37.27, 126.09)
(16.79, 32.02, 125.56)
(16.79, 32.02, 125.56)
(16.79, 32.02, 125.56)
(16.67, 32.49, 126.61)
(15.33, 29.00, 124.99)
(15.33, 29.00, 124.99)
(17.92, 34.79, 126.58)
(17.92, 34.79, 126.58)
(17.49, 33.30, 125.58)
(17.49, 33.30, 125.58)
(18.06, 33.30, 125.58)
(18.06, 34.46, 125.73)
(18.06, 34.46, 125.73)
(18.79, 35.88, 125.85)
(18.79, 35.88, 125.85)
(17.29, 32.89, 125.50)
(17.29, 32.89, 125.50)
(16.06, 30.23, 124.86)
(16.06, 30.23, 124.86)
(17.05, 32.69, 125.86)
(17.05, 32.69, 125.86)
(17.05, 32.69, 125.86)
(17.07, 32.61, 125.69)
(17.59, 33.82, 126.05)
(17.59, 33.82, 126.05)
(17.59, 33.82, 126.05)
(16.64, 31.49, 125.17)
(16.64, 31.49, 125.17)
(18.99, 36.33, 125.98)
(18.99, 36.33, 125.98)
(18.99, 36.33, 125.98)
(18.04, 34.58, 125.97)
(18.37, 34.96, 125.63)
(18.37, 34.96, 125.63)
(18.37, 34.96, 125.63)
(18.29, 34.78, 125.60)
(18.27, 34.62, 125.43)
(18.27, 34.62, 125.43)
(18.52, 35.15, 125.52)
(18.52, 35.15, 125.52)
(18.52, 35.15, 125.52)
(18.02, 34.16, 125.43)
(19.54, 36.91, 125.42)
(19.54, 36.91, 125.42)
(19.54, 36.91, 125.42)
(18.92, 35.41, 124.88)
(18.92, 35.41, 124.88)
(18.72, 36.20, 126.47)
(18.27, 34.36, 125.05)
(18.27, 34.36, 125.05)
(18.27, 34.36, 125.05)
(19.17, 36.13, 125.25)
(19.17, 36.13, 125.25)
(19.17, 36.13, 125.25)
(18.56, 34.76, 124.87)
(19.83, 37.39, 125.36)
(19.83, 37.39, 125.36)
(19.83, 37.39, 125.36)
(18.33, 34.65, 125.30)
(18.33, 34.65, 125.30)
(18.50, 35.52, 126.09)
(18.50, 35.52, 126.09)
(18.50, 35.52, 126.09)
(17.30, 32.87, 125.44)
(18.16, 33.93, 124.69)
(18.16, 33.93, 124.69)
(18.16, 33.93, 124.69)
(19.00, 36.11, 125.65)
(18.23, 34.37, 125.14)
(18.23, 34.37, 125.14)
(18.06, 34.09, 125.21)
(18.06, 34.09, 125.21)
(18.06, 34.09, 125.21)
(17.58, 33.35, 125.40)
(17.86, 33.63, 125.06)
(17.86, 33.63, 125.06)
(17.86, 33.63, 125.06)
(20.01, 37.99, 125.72)
(18.50, 34.92, 125.26)
(18.50, 34.92, 125.26)
(18.50, 34.92, 125.26)
(18.50, 34.92, 125.26)
(19.62, 37.25, 125.68)
(19.04, 35.61, 124.86)
(19.04, 35.61, 124.86)
(18.93, 35.74, 125.31)
(18.93, 35.74, 125.31)
(19.72, 36.94, 125.03)
(19.72, 36.94, 125.03)
(18.75, 34.47, 123.94)
(18.75, 34.47, 123.94)
(18.75, 34.47, 123.94)
(19.34, 37.13, 126.21)
(19.39, 36.98, 125.86)
(19.39, 36.98, 125.86)
(19.55, 36.66, 125.06)
(19.55, 36.66, 125.06)
(18.62, 35.01, 125.07)
(18.62, 35.01, 125.07)
(19.41, 36.63, 125.37)
(19.41, 36.63, 125.37)
(19.41, 36.63, 125.37)
(18.95, 35.49, 124.91)
(18.95, 35.49, 124.91)
(19.72, 36.90, 124.97)
(19.72, 36.90, 124.97)
(19.72, 36.90, 124.97)
(19.10, 35.70, 124.82)
(18.98, 35.83, 125.31)
(18.74, 35.26, 125.13)
(18.74, 35.26, 125.13)
(18.74, 35.26, 125.13)
(18.82, 35.40, 125.13)
(18.82, 35.40, 125.13)
(19.56, 36.54, 124.87)
(19.56, 36.54, 124.87)
(19.56, 36.54, 124.87)
(19.98, 37.24, 124.79)
(19.45, 36.15, 124.58)
(19.45, 36.15, 124.58)
(20.33, 37.92, 124.87)
(20.33, 37.92, 124.87)
(20.33, 37.92, 124.87)
(19.53, 36.50, 124.87)
(19.53, 36.50, 124.87)
(19.53, 36.50, 124.87)
(19.53, 36.30, 124.60)
(19.65, 36.68, 124.84)
(19.65, 36.68, 124.84)
(18.93, 35.37, 124.78)
(18.93, 35.37, 124.78)
(19.74, 36.69, 124.62)
(19.74, 36.69, 124.62)
(19.60, 36.48, 124.67)
(19.60, 36.48, 124.67)
(19.60, 36.48, 124.67)
(19.52, 36.64, 125.10)
(19.35, 36.21, 124.92)
(19.35, 36.21, 124.92)
(19.35, 36.21, 124.92)
(20.20, 37.61, 124.77)
(20.20, 37.61, 124.77)
(19.86, 37.07, 124.85)
(19.86, 37.07, 124.85)
(19.86, 37.07, 124.85)
(19.77, 37.02, 125.01)
(19.64, 36.68, 124.85)
(19.64, 36.68, 124.85)
(19.56, 36.34, 124.59)
(19.56, 36.34, 124.59)
(19.80, 36.86, 124.72)
(19.80, 36.86, 124.72)
(20.09, 37.57, 124.99)
(20.09, 37.57, 124.99)
(20.09, 37.57, 124.99)
(19.03, 35.38, 124.56)
(20.09, 37.51, 124.89)
(20.09, 37.51, 124.89)
(20.09, 37.51, 124.89)
(20.09, 37.51, 124.89)
(19.77, 37.08, 125.08)
(19.60, 36.63, 124.88)
(19.60, 36.63, 124.88)
(19.60, 36.63, 124.88)
(19.92, 37.25, 124.95)
(19.86, 37.03, 124.81)
(19.86, 37.03, 124.81)
(20.18, 37.59, 124.79)
(20.18, 37.59, 124.79)
(19.52, 36.50, 124.90)
(19.52, 36.50, 124.90)
(19.16, 35.50, 124.40)
(19.16, 35.50, 124.40)
(19.16, 35.50, 124.40)
(20.01, 37.20, 124.68)
(19.30, 35.97, 124.71)
(19.30, 35.97, 124.71)
(19.30, 35.97, 124.71)
(20.07, 37.47, 124.89)
(19.64, 36.45, 124.54)
(19.64, 36.45, 124.54)
(19.64, 36.45, 124.54)
(19.64, 36.45, 124.54)
(19.70, 36.60, 124.62)
(20.50, 38.31, 124.99)
(20.50, 38.31, 124.99)
(20.44, 38.25, 125.05)
(20.44, 38.25, 125.05)
(20.75, 38.55, 124.74)
(20.75, 38.55, 124.74)
(20.50, 38.15, 124.79)
(20.50, 38.15, 124.79)
(20.50, 38.15, 124.79)
(20.62, 38.28, 124.68)
(20.62, 38.28, 124.68)
(20.71, 38.70, 125.03)
(20.71, 38.70, 125.03)
(20.26, 37.52, 124.50)
(20.26, 37.52, 124.50)
(20.49, 38.22, 124.91)
(20.49, 38.22, 124.91)
(20.49, 38.22, 124.91)
(20.98, 39.12, 124.94)
(20.65, 38.31, 124.65)
(20.65, 38.31, 124.65)
(20.65, 38.31, 124.65)
(20.96, 38.87, 124.68)
(20.80, 38.75, 124.87)
(20.80, 38.75, 124.87)
(20.80, 38.75, 124.87)
(20.65, 38.27, 124.59)
(20.65, 38.27, 124.59)
(21.27, 39.39, 124.63)
(21.27, 39.39, 124.63)
(21.27, 39.39, 124.63)
(20.97, 38.70, 124.43)
(21.04, 39.14, 124.83)
(21.04, 39.14, 124.83)
(21.04, 39.14, 124.83)
(20.82, 38.60, 124.63)
(20.65, 38.21, 124.50)
(20.65, 38.21, 124.50)
(20.65, 38.21, 124.50)
(20.65, 38.21, 124.50)
(21.40, 39.75, 124.81)
(21.06, 39.03, 124.65)
(21.06, 39.03, 124.65)
(21.06, 39.03, 124.65)
(21.08, 38.84, 124.35)
(21.18, 39.50, 124.99)
(21.18, 39.50, 124.99)
(21.18, 39.50, 124.99)
(21.46, 39.57, 124.43)
(21.32, 39.44, 124.60)
(21.32, 39.44, 124.60)
(21.32, 39.44, 124.60)
(21.32, 39.44, 124.60)
(21.29, 39.47, 124.71)
(20.62, 38.24, 124.62)
(21.34, 39.37, 124.45)
(21.34, 39.37, 124.45)
(21.34, 39.37, 124.45)
(20.76, 38.28, 124.35)
(20.76, 38.28, 124.35)
(21.32, 39.67, 124.89)
(21.32, 39.67, 124.89)
(21.58, 40.05, 124.78)
(21.58, 40.05, 124.78)
(20.97, 38.78, 124.52)
(20.97, 38.78, 124.52)
(20.97, 38.78, 124.52)
(21.07, 39.30, 124.97)
(21.07, 39.30, 124.97)
(21.07, 38.99, 124.56)
(21.07, 38.99, 124.56)
(21.65, 40.27, 124.92)
(21.65, 40.27, 124.92)
(20.55, 38.15, 124.68)
(20.55, 38.15, 124.68)
(20.55, 38.15, 124.68)
(20.89, 38.87, 124.83)
(20.37, 37.86, 124.69)
(20.37, 37.86, 124.69)
(20.37, 37.86, 124.69)
(21.29, 39.56, 124.81)
(21.31, 39.63, 124.85)
(21.31, 39.63, 124.85)
(21.31, 39.63, 124.85)
(21.31, 39.63, 124.85)
(21.46, 39.74, 124.68)
(21.01, 39.54, 125.42)
(21.01, 39.54, 125.42)
(21.01, 39.54, 125.42)
(20.62, 38.04, 124.37)
(21.33, 39.71, 124.91)
(21.33, 39.71, 124.91)
(21.09, 38.84, 124.34)
(21.09, 38.84, 124.34)
(21.60, 40.30, 125.07)
(21.60, 40.30, 125.07)
(20.87, 38.78, 124.76)
(20.87, 38.78, 124.76)
(20.87, 38.78, 124.76)
(21.40, 40.06, 125.20)
(21.40, 40.06, 125.20)
(20.95, 38.98, 124.84)
(20.95, 38.98, 124.84)
(21.53, 39.88, 124.68)
(21.53, 39.88, 124.68)
(20.86, 38.64, 124.59)
(20.86, 38.64, 124.59)
(20.86, 38.64, 124.59)
(21.70, 40.43, 125.01)
(21.35, 39.62, 124.75)
(21.35, 39.62, 124.75)
(21.83, 40.63, 124.97)
(21.83, 40.63, 124.97)
(20.97, 38.74, 124.46)
(20.97, 38.74, 124.46)
(21.33, 39.81, 125.05)
(21.33, 39.81, 125.05)
(20.68, 38.37, 124.66)
(20.68, 38.37, 124.66)
(20.68, 38.37, 124.66)
(21.11, 39.37, 124.98)
(21.11, 39.37, 124.98)
(20.04, 37.31, 124.75)
(20.04, 37.31, 124.75)
(21.01, 39.17, 124.93)
(21.19, 39.22, 124.61)
(21.19, 39.22, 124.61)
(21.19, 39.22, 124.61)
(21.19, 39.20, 124.58)
(21.19, 39.20, 124.58)
(20.53, 37.88, 124.34)
(20.53, 37.88, 124.34)
(20.80, 38.70, 124.80)
(20.80, 38.70, 124.80)
(21.11, 39.21, 124.75)
(21.11, 39.21, 124.75)
(21.11, 39.21, 124.75)
(21.33, 39.37, 124.49)
(21.33, 39.37, 124.49)
(20.07, 37.03, 124.28)
(20.07, 37.03, 124.28)
(21.59, 40.05, 124.77)
(21.59, 40.05, 124.77)
(20.30, 37.74, 124.71)
(20.30, 37.74, 124.71)
(20.30, 37.74, 124.71)
(20.52, 38.12, 124.69)
(18.70, 34.98, 124.83)
(18.70, 34.98, 124.83)
(18.70, 34.98, 124.83)
(18.24, 34.08, 124.71)
(19.72, 36.78, 124.81)
(19.72, 36.78, 124.81)
(19.72, 36.78, 124.81)
(19.86, 36.61, 124.21)
(20.69, 38.34, 124.60)
(20.69, 38.34, 124.60)
(20.69, 38.34, 124.60)
(20.72, 38.49, 124.73)
(20.72, 38.49, 124.73)
(20.24, 37.93, 125.11)
(20.24, 37.93, 125.11)
(19.63, 36.34, 124.42)
(19.63, 36.34, 124.42)
(19.99, 37.23, 124.77)
(19.99, 37.23, 124.77)
(19.54, 36.20, 124.43)
(19.54, 36.20, 124.43)
(19.54, 36.20, 124.43)
(20.15, 37.53, 124.79)
(20.15, 37.53, 124.79)
(20.55, 37.95, 124.42)
(20.55, 37.95, 124.42)
(20.18, 37.44, 124.59)
(20.18, 37.44, 124.59)
(19.07, 35.40, 124.48)
(19.07, 35.40, 124.48)
(19.07, 35.40, 124.48)
(20.38, 37.79, 124.59)
(20.93, 38.58, 124.35)
(20.93, 38.58, 124.35)
(20.93, 38.58, 124.35)
(20.79, 37.72, 123.53)
(20.79, 37.72, 123.53)
(22.01, 41.25, 125.33)
(22.01, 41.25, 125.33)
(22.01, 41.25, 125.33)
(25.71, 48.78, 126.56)
(19.82, 36.45, 124.10)
(19.82, 36.45, 124.10)
(19.82, 36.45, 124.10)
(11.93, 23.17, 125.99)
(9.28, 17.85, 125.34)
(9.28, 17.85, 125.34)
(3.31, 6.21, 123.84)
(3.31, 6.21, 123.84)
(356.94, 354.16, 124.75)
(356.94, 354.16, 124.75)
(356.94, 354.16, 124.75)
(356.94, 354.16, 124.75)
(353.37, 347.08, 125.83)
(350.02, 341.19, 124.44)
(350.02, 341.19, 124.44)
(350.02, 341.19, 124.44)
(348.62, 339.49, 122.32)
(339.90, 321.78, 125.82)
(339.90, 321.78, 125.82)
(332.03, 304.97, 128.90)
(332.03, 304.97, 128.90)
(326.88, 299.18, 126.26)
(326.88, 299.18, 126.26)
(324.24, 294.37, 126.85)
(324.24, 294.37, 126.85)
(324.24, 294.37, 126.85)
(321.68, 287.67, 129.14)
(321.68, 287.67, 129.14)
(311.09, 263.45, 135.84)
(316.80, 280.24, 129.29)
(316.80, 280.24, 129.29)
(316.80, 280.24, 129.29)
(313.66, 272.85, 131.56)
(313.66, 272.85, 131.56)
(304.01, 250.76, 138.63)
(304.01, 250.76, 138.63)
(308.28, 265.72, 131.56)
(308.28, 265.72, 131.56)
(308.28, 265.72, 131.56)
(303.27, 254.90, 135.06)
(303.27, 254.90, 135.06)
(298.58, 252.98, 132.56)
(298.58, 252.98, 132.56)
(295.81, 237.14, 142.29)
(295.81, 237.14, 142.29)
(291.08, 214.71, 155.79)
(291.08, 214.71, 155.79)
(298.27, 246.20, 137.43)
(298.27, 246.20, 137.43)
(294.72, 230.27, 146.55)
(294.72, 230.27, 146.55)
(294.72, 230.27, 146.55)
(298.45, 245.39, 138.16)
(298.45, 245.39, 138.16)
(297.21, 244.77, 137.68)
(297.21, 244.77, 137.68)
(294.13, 234.49, 143.10)
(294.13, 234.49, 143.10)
(290.55, 229.78, 144.35)
(290.55, 229.78, 144.35)
(290.54, 235.28, 140.10)
(290.54, 235.28, 140.10)
(289.33, 231.30, 140.10)
(289.33, 231.30, 142.40)
(289.33, 231.30, 142.40)
(287.12, 227.61, 143.91)
(287.12, 227.61, 143.91)
(289.15, 241.63, 134.02)
(289.15, 241.63, 134.02)
(287.40, 228.06, 143.73)
(287.40, 228.06, 143.73)
(287.82, 231.28, 141.43)
(287.82, 231.28, 141.43)
(287.93, 235.82, 137.86)
(287.93, 235.82, 137.86)
(287.93, 235.82, 137.86)
(284.89, 229.20, 141.22)
(284.82, 235.34, 136.04)
(284.82, 235.34, 136.04)
(284.82, 235.34, 136.04)
(284.25, 232.54, 138.00)
(284.25, 232.54, 138.00)
(284.49, 230.36, 139.99)
(284.49, 230.36, 139.99)
(284.36, 228.04, 141.84)
(284.36, 228.04, 141.84)
(284.84, 227.24, 142.80)
(284.84, 227.24, 142.80)
(284.84, 227.24, 142.80)
(284.84, 227.24, 142.80)
(284.85, 228.66, 141.63)
(284.45, 226.88, 142.85)
(284.45, 226.88, 142.85)
(284.45, 226.88, 142.85)
(283.61, 225.25, 143.69)
(284.42, 229.68, 140.51)
(284.42, 229.68, 140.51)
(285.36, 229.25, 141.48)
(285.36, 229.25, 141.48)
(285.36, 229.25, 141.48)
(285.06, 224.24, 145.39)
(285.06, 224.24, 145.39)
(285.06, 224.24, 145.39)
(285.00, 228.01, 142.26)
(284.29, 226.38, 143.17)
(284.29, 226.38, 143.17)
(283.80, 221.91, 146.57)
(283.80, 221.91, 146.57)
(283.80, 221.91, 146.57)
(283.87, 221.15, 147.24)
(283.87, 221.15, 147.24)
(284.79, 230.87, 139.76)
(284.79, 230.87, 139.76)
(283.88, 220.76, 147.56)
(283.88, 220.76, 147.56)
(284.84, 226.03, 143.79)
(284.84, 226.03, 143.79)
(284.99, 227.11, 143.00)
(284.99, 227.11, 143.00)
(284.99, 227.11, 143.00)
(284.07, 222.88, 145.93)
(284.88, 224.96, 144.70)
(284.88, 224.96, 144.70)
(284.88, 224.96, 144.70)
(284.42, 224.20, 145.05)
(284.42, 224.20, 145.05)
(284.59, 224.15, 145.19)
(284.61, 222.57, 146.49)
(284.61, 222.57, 146.49)
(284.61, 222.57, 146.49)
(284.89, 224.45, 145.12)
(284.89, 224.45, 145.12)
(284.89, 224.45, 145.12)
(284.85, 226.48, 143.44)
(284.39, 224.22, 145.01)
(284.39, 224.22, 145.01)
(284.39, 224.22, 145.01)
(284.78, 223.88, 145.52)
(284.78, 223.88, 145.52)
(284.97, 225.21, 144.55)
(284.97, 225.21, 144.55)
(284.65, 223.05, 146.12)
(284.65, 223.05, 146.12)
(285.15, 224.24, 145.44)
(285.15, 224.24, 145.44)
(285.15, 224.24, 145.44)
(284.35, 224.04, 145.14)
(284.35, 224.04, 145.14)
(284.35, 224.04, 145.14)
(284.65, 223.83, 145.48)
(284.74, 223.33, 145.95)
(284.74, 223.33, 145.95)
(284.74, 223.33, 145.95)
(284.22, 223.36, 145.61)
(284.39, 223.52, 145.59)
(284.39, 223.52, 145.59)
(284.39, 223.52, 145.59)
(284.39, 223.52, 145.59)
(284.23, 221.45, 147.19)
(284.22, 223.88, 145.19)
(284.22, 223.88, 145.19)
(284.22, 223.88, 145.19)
(284.39, 224.93, 144.43)
(284.60, 224.08, 145.26)
(284.60, 224.08, 145.26)
(284.60, 224.08, 145.26)
(284.27, 222.63, 146.25)
(283.81, 220.74, 147.54)
(283.81, 220.74, 147.54)
(283.81, 220.74, 147.54)
(283.84, 220.42, 147.82)
(283.55, 218.82, 148.98)
(283.55, 218.82, 148.98)
(283.55, 218.82, 148.98)
(283.55, 218.82, 148.98)
(284.10, 221.16, 147.36)
(283.72, 219.27, 148.70)
(283.72, 219.27, 148.70)
(284.02, 221.56, 146.98)
(284.02, 221.56, 146.98)
(283.83, 221.79, 146.69)
(283.83, 221.79, 146.69)
(283.83, 221.79, 146.69)
(283.83, 221.79, 146.69)
(283.69, 220.37, 147.78)
(284.32, 221.97, 146.82)
(284.32, 221.97, 146.82)
(284.32, 221.97, 146.82)
(283.69, 222.45, 146.06)
(283.36, 218.91, 148.80)
(283.36, 218.91, 148.80)
(283.36, 218.91, 148.80)
(284.33, 224.77, 144.52)
(284.03, 222.42, 146.28)
(284.03, 222.42, 146.28)
(284.03, 222.42, 146.28)
(283.60, 219.74, 148.25)
(283.60, 219.74, 148.25)
(283.94, 218.71, 149.27)
(283.94, 218.71, 149.27)
(283.94, 218.71, 149.27)
(283.66, 221.83, 146.55)
(283.67, 220.83, 147.39)
(283.67, 220.83, 147.39)
(283.67, 220.83, 147.39)
(284.20, 220.47, 147.98)
(284.20, 220.47, 147.98)
(283.87, 218.52, 149.40)
(283.87, 218.52, 149.40)
(283.63, 221.37, 146.92)
(283.63, 221.37, 146.92)
(283.82, 219.47, 148.59)
(283.82, 219.47, 148.59)
(283.93, 221.49, 146.99)
(283.93, 221.49, 146.99)
(283.72, 219.77, 148.28)
(283.72, 219.77, 148.28)
(283.72, 219.77, 148.28)
(284.53, 223.70, 145.52)
(284.53, 223.70, 145.52)
(284.20, 221.16, 147.41)
(284.20, 221.16, 147.41)
(284.06, 223.36, 145.53)
(284.06, 223.36, 145.53)
(283.82, 221.07, 147.27)
(283.82, 221.07, 147.27)
(284.30, 221.55, 147.15)
(284.30, 221.55, 147.15)
(283.64, 220.52, 147.63)
(283.64, 220.52, 147.63)
(283.64, 220.52, 147.63)
(284.04, 222.76, 146.01)
(283.36, 219.05, 148.69)
(283.36, 219.05, 148.69)
(283.36, 219.05, 148.69)
(284.32, 222.93, 146.03)
(284.32, 222.93, 146.03)
(283.35, 222.73, 145.64)
(283.35, 222.73, 145.64)
(283.35, 222.73, 145.64)
(283.41, 220.37, 147.62)
(284.05, 224.77, 144.36)
(284.05, 224.77, 144.36)
(283.07, 222.86, 145.36)
(283.07, 222.86, 145.36)
(282.63, 222.77, 145.18)
(282.63, 222.77, 145.18)
(281.01, 219.17, 147.31)
(281.01, 219.17, 147.31)
(281.01, 219.17, 147.31)
(282.96, 225.00, 143.50)
(282.96, 225.00, 143.50)
(281.70, 218.78, 148.02)
(281.70, 218.78, 148.02)
(279.63, 204.32, 159.37)
(279.63, 204.32, 159.37)
(280.28, 203.19, 160.55)
(280.28, 203.19, 160.55)
(280.22, 202.77, 160.89)
(280.22, 202.77, 160.89)
(280.29, 201.39, 162.08)
(280.29, 201.39, 162.08)
(280.29, 201.39, 162.08)
(280.02, 203.76, 159.98)
(280.47, 200.27, 163.08)
(280.47, 200.27, 163.08)
(279.37, 189.69, 171.77)
(279.37, 189.69, 171.77)
(279.37, 189.69, 171.77)
(279.90, 189.03, 172.40)
(279.90, 189.03, 172.40)
(280.11, 194.94, 167.47)
(280.11, 194.94, 167.47)
(279.95, 196.34, 166.25)
(279.95, 196.34, 166.25)
(280.29, 195.37, 167.14)
(280.29, 195.37, 167.14)
(279.96, 196.80, 165.86)
(279.96, 196.80, 165.86)
(279.96, 196.80, 165.86)
(279.53, 198.37, 164.42)
(279.53, 198.37, 164.42)
(279.99, 196.43, 166.18)
(280.20, 195.75, 166.81)
(280.20, 195.75, 166.81)
(280.20, 195.75, 166.81)
(280.20, 195.75, 166.81)
(280.53, 198.35, 164.71)
(280.90, 196.68, 166.19)
(280.90, 196.68, 166.19)
(280.90, 196.68, 166.19)
(280.90, 194.40, 168.09)
(280.71, 195.44, 167.18)
(280.71, 195.44, 167.18)
(280.45, 196.19, 166.50)
(280.45, 196.19, 166.50)
(280.49, 196.39, 166.34)
(280.49, 196.39, 166.34)
(280.46, 196.10, 166.57)
(280.46, 196.10, 166.57)
(280.46, 196.10, 166.57)
(280.40, 195.65, 166.93)
(280.40, 195.65, 166.93)
(280.47, 196.03, 166.63)
(280.47, 196.03, 166.63)
(280.56, 196.12, 166.58)
(280.56, 196.12, 166.58)
(280.47, 196.01, 166.65)
(280.47, 196.01, 166.65)
(280.55, 196.33, 166.40)
(280.55, 196.33, 166.40)
(280.52, 196.15, 166.54)
(280.52, 196.15, 166.54)
(280.52, 196.15, 166.54)
(280.60, 196.54, 166.24)
(280.60, 196.54, 166.24)
(280.53, 195.76, 166.87)
(280.53, 195.76, 166.87)
(280.57, 196.29, 166.44)
(280.57, 196.29, 166.44)
(280.46, 195.49, 167.08)
(280.46, 195.49, 167.08)
(280.55, 195.86, 166.80)
(280.55, 195.86, 166.80)
(280.49, 196.32, 166.40)
(280.49, 196.32, 166.40)
(280.53, 196.06, 166.62)
(280.53, 196.06, 166.62)
(280.57, 196.11, 166.59)
(280.57, 196.11, 166.59)
(280.57, 196.11, 166.59)
(280.59, 196.72, 166.09)
(280.59, 196.72, 166.09)
(280.59, 196.25, 166.48)
(280.59, 196.25, 166.48)
(280.55, 195.82, 166.83)
(280.55, 195.82, 166.83)
(280.51, 196.18, 166.52)
(280.51, 196.18, 166.52)
(280.51, 196.18, 166.52)
(280.61, 196.42, 166.34)
(280.61, 196.42, 166.34)
(280.54, 196.32, 166.40)
(280.54, 196.32, 166.40)
(280.61, 196.35, 166.40)
(280.61, 196.35, 166.40)
(280.63, 196.13, 166.59)
(280.63, 196.13, 166.59)
(280.63, 196.13, 166.59)
(280.69, 196.39, 166.39)
(280.67, 196.15, 166.58)
(280.67, 196.15, 166.58)
(280.67, 196.15, 166.58)
(280.77, 196.77, 166.09)
(280.74, 196.65, 166.18)
(280.74, 196.65, 166.18)
(280.74, 196.65, 166.18)
(280.74, 196.65, 166.18)
(280.78, 196.42, 166.39)
(280.70, 196.22, 166.53)
(280.70, 196.22, 166.53)
(280.70, 196.22, 166.53)
(280.83, 196.64, 166.21)
(280.79, 196.49, 166.33)
(280.79, 196.49, 166.33)
(280.80, 196.84, 166.04)
(280.80, 196.84, 166.04)
(280.86, 196.84, 166.04)
(280.86, 196.97, 165.94)
(280.86, 196.97, 165.94)
(280.86, 196.97, 165.94)
(280.85, 196.86, 166.03)
(280.88, 197.02, 165.91)
(280.88, 197.02, 165.91)
(280.94, 196.84, 166.07)
(280.94, 196.84, 166.07)
(280.91, 196.95, 165.97)
(280.91, 196.95, 165.97)
(280.96, 196.92, 166.01)
(280.96, 196.92, 166.01)
(280.83, 197.16, 165.78)
(280.83, 197.16, 165.78)
(280.92, 196.76, 166.13)
(280.92, 196.76, 166.13)
(280.92, 196.76, 166.13)
(280.98, 196.81, 166.11)
(280.93, 196.05, 166.73)
(280.93, 196.05, 166.73)
(280.93, 196.05, 166.73)
(280.93, 196.05, 166.73)
(280.91, 196.59, 166.27)
(280.93, 196.56, 166.30)
(280.93, 196.56, 166.30)
(280.93, 196.56, 166.30)
(280.99, 196.42, 166.43)
(280.99, 196.15, 166.66)
(280.99, 196.15, 166.66)
(281.04, 196.30, 166.55)
(281.04, 196.30, 166.55)
(281.04, 196.30, 166.55)
(281.04, 196.72, 166.19)
(281.04, 196.72, 166.19)
(281.05, 196.60, 166.30)
(281.07, 196.77, 166.16)
(281.07, 196.77, 166.16)
(281.07, 196.77, 166.16)
(281.09, 195.93, 166.87)
(281.02, 196.38, 166.47)
(281.02, 196.38, 166.47)
(281.02, 196.38, 166.47)
(281.08, 196.39, 166.48)
(281.08, 196.39, 166.48)
(281.08, 196.39, 166.48)
(280.98, 196.35, 166.49)
(281.08, 196.57, 166.33)
(281.08, 196.57, 166.33)
(281.08, 196.57, 166.33)
(281.11, 196.53, 166.37)
(281.11, 196.53, 166.37)
(281.13, 196.47, 166.42)
(281.13, 196.47, 166.42)
(281.14, 196.23, 166.62)
(281.14, 196.23, 166.62)
(281.14, 196.33, 166.54)
(281.14, 196.33, 166.54)
(281.14, 196.33, 166.54)
(281.13, 196.65, 166.28)
(281.09, 196.50, 166.39)
(281.09, 196.50, 166.39)
(281.09, 196.50, 166.39)
(281.14, 196.78, 166.17)
(281.14, 196.78, 166.17)
(281.11, 197.05, 165.94)
(281.11, 197.05, 165.94)
(281.20, 196.26, 166.61)
(281.20, 196.26, 166.61)
(281.19, 196.12, 166.73)
(281.19, 196.12, 166.73)
(281.19, 196.12, 166.73)
(281.11, 196.45, 166.44)
(281.14, 196.21, 166.65)
(281.14, 196.21, 166.65)
(281.15, 196.29, 166.58)
(281.15, 196.29, 166.58)
(281.15, 196.29, 166.58)
(281.07, 196.14, 166.68)
(281.07, 196.14, 166.68)
(281.07, 196.14, 166.68)
(281.17, 196.02, 166.80)
(281.06, 196.22, 166.61)
(281.06, 196.22, 166.61)
(281.06, 196.22, 166.61)
(281.15, 196.52, 166.39)
(281.04, 194.76, 167.82)
(281.04, 194.76, 167.82)
(280.66, 160.46, 196.26)
(280.66, 160.46, 196.26)
(281.12, 215.84, 150.21)
(281.12, 215.84, 150.21)
(281.12, 215.84, 150.21)
(281.12, 215.84, 150.21)
(281.27, 203.62, 160.53)
(283.10, 197.78, 165.84)
(283.10, 197.78, 165.84)
(283.10, 197.78, 165.84)
(284.50, 205.67, 159.99)
(286.13, 210.18, 157.08)
(286.13, 210.18, 157.08)
(291.23, 222.53, 150.17)
(291.23, 222.53, 150.17)
(295.10, 221.43, 152.96)
(295.10, 221.43, 152.96)
(295.10, 221.43, 152.96)
(295.10, 221.43, 152.96)
(296.31, 220.14, 154.43)
(301.66, 230.89, 150.25)
(301.66, 230.89, 150.25)
(301.66, 230.89, 150.25)
(306.52, 228.01, 154.71)
(309.15, 229.39, 155.34)
(309.15, 229.39, 155.34)
(313.83, 233.87, 155.56)
(313.83, 233.87, 155.56)
(319.72, 239.63, 156.26)
(319.72, 239.63, 156.26)
(319.72, 239.63, 156.26)
(322.46, 245.38, 155.39)
(326.75, 255.78, 153.84)
(326.75, 255.78, 153.84)
(326.75, 255.78, 153.84)
(338.22, 284.42, 152.13)
(338.22, 284.42, 152.13)
(338.40, 279.66, 154.53)
(338.40, 279.66, 154.53)
(341.19, 286.12, 155.15)
(341.19, 286.12, 155.15)
(342.38, 292.26, 153.99)
(342.38, 292.26, 153.99)
(339.85, 284.87, 153.99)
(339.85, 284.87, 153.99)
(339.85, 284.87, 153.99)
(341.40, 292.13, 152.64)
(341.40, 292.13, 152.64)
(349.53, 317.48, 153.49)
(349.53, 317.48, 153.49)
(349.53, 317.48, 153.49)
(355.45, 337.25, 157.67)
(355.83, 340.92, 155.57)
(355.83, 340.92, 155.57)
(357.74, 350.27, 153.96)
(357.74, 350.27, 153.96)
(0.12, 0.52, 154.82)
(0.12, 0.52, 154.82)
(0.60, 2.59, 154.13)
(0.60, 2.59, 154.13)
(2.08, 9.94, 156.44)
(2.08, 9.94, 156.44)
(0.80, 3.56, 154.63)
(0.80, 3.56, 154.63)
(0.80, 3.56, 154.63)
(0.56, 2.68, 156.43)
(0.56, 2.68, 156.43)
(0.08, 0.38, 155.61)
(0.08, 0.38, 155.61)
(0.08, 0.38, 155.61)
(359.56, 358.07, 154.16)
(0.05, 0.23, 154.54)
(0.05, 0.23, 154.54)
(359.43, 357.50, 154.54)
(359.43, 357.50, 154.54)
(0.35, 1.67, 156.60)
(0.35, 1.67, 156.60)
(0.34, 1.60, 155.81)
(0.34, 1.60, 155.81)
(0.08, 0.37, 155.43)
(0.08, 0.37, 155.43)
(359.45, 357.41, 155.98)
(359.45, 357.41, 155.98)
(359.45, 357.41, 155.98)
(359.23, 356.38, 155.94)
(359.23, 356.38, 155.94)
(359.42, 357.32, 155.74)
(359.42, 357.32, 155.74)
(359.42, 357.32, 155.74)
(0.19, 0.94, 156.55)
(359.84, 359.24, 155.78)
(359.84, 359.24, 155.78)
(359.46, 357.57, 155.02)
(359.46, 357.57, 155.02)
(359.29, 356.64, 156.23)
(359.29, 356.64, 156.23)
(359.38, 357.13, 155.52)
(359.38, 357.13, 155.52)
(0.05, 0.24, 155.97)
(0.05, 0.24, 155.97)
(0.18, 0.24, 155.97)
(0.18, 0.82, 155.29)
(0.18, 0.82, 155.29)
(359.66, 358.42, 155.71)
(359.66, 358.42, 155.71)
(359.09, 355.75, 155.73)
(359.09, 355.75, 155.73)
(359.09, 355.75, 155.73)
(358.86, 354.80, 155.36)
(359.09, 355.70, 156.25)
(359.09, 355.70, 156.25)
(359.09, 355.70, 156.25)
(359.55, 357.92, 155.78)
(359.52, 357.63, 157.08)
(359.52, 357.63, 157.08)
(358.83, 354.64, 155.45)
(358.83, 354.64, 155.45)
(358.82, 354.37, 156.37)
(358.82, 354.37, 156.37)
(358.82, 354.37, 156.37)
(358.82, 354.37, 156.37)
(358.87, 354.64, 156.16)
(359.36, 356.91, 156.74)
(359.36, 356.91, 156.74)
(0.23, 1.05, 155.23)
(0.23, 1.05, 155.23)
(0.48, 2.26, 155.89)
(0.48, 2.26, 155.89)
(0.01, 0.05, 155.28)
(0.01, 0.05, 155.28)
(0.01, 0.05, 155.28)
(359.87, 359.39, 155.62)
(359.64, 358.33, 155.36)
(359.64, 358.33, 155.36)
(359.64, 358.33, 155.36)
(0.27, 1.24, 154.94)
(0.27, 1.24, 154.94)
(1.28, 5.82, 155.21)
(1.28, 5.82, 155.21)
(1.28, 5.82, 155.21)
(1.42, 6.35, 154.82)
(1.52, 6.87, 155.13)
(1.52, 6.87, 155.13)
(1.62, 7.32, 155.08)
(1.62, 7.32, 155.08)
(1.58, 7.41, 155.96)
(1.58, 7.41, 155.96)
(1.34, 6.06, 155.03)
(1.34, 6.06, 155.03)
(1.72, 7.72, 154.87)
(1.72, 7.72, 154.87)
(1.72, 7.72, 154.87)
(2.22, 10.13, 155.32)
(2.22, 10.13, 155.32)
(2.48, 11.33, 155.35)
(2.48, 11.33, 155.35)
(2.45, 11.04, 155.06)
(2.45, 11.04, 155.06)
(2.54, 11.73, 155.61)
(2.54, 11.73, 155.61)
(2.57, 11.47, 154.85)
(2.57, 11.47, 154.85)
(2.57, 11.47, 154.85)
(2.14, 9.87, 155.60)
(1.81, 8.56, 156.21)
(1.81, 8.56, 156.21)
(1.81, 8.56, 156.21)
(1.79, 8.46, 156.15)
(1.79, 8.46, 156.15)
(2.13, 10.12, 156.24)
(2.13, 10.12, 156.24)
(2.13, 10.12, 156.24)
(1.53, 7.22, 156.15)
(1.34, 6.24, 155.74)
(1.34, 6.24, 155.74)
(1.34, 6.24, 155.74)
(1.25, 5.80, 155.70)
(1.71, 7.93, 155.69)
(1.71, 7.93, 155.69)
(1.91, 8.76, 155.38)
(1.91, 8.76, 155.38)
(2.14, 9.92, 155.74)
(2.14, 9.92, 155.74)
(2.00, 8.88, 154.65)
(2.00, 8.88, 154.65)
(2.00, 8.88, 154.65)
(1.45, 6.64, 155.40)
(1.45, 6.64, 155.40)
(2.11, 9.71, 155.52)
(2.11, 9.71, 155.52)
(2.81, 12.83, 155.40)
(2.81, 12.83, 155.40)
(2.24, 10.40, 155.75)
(2.24, 10.40, 155.75)
(2.24, 10.40, 155.75)
(2.40, 11.54, 156.56)
(3.13, 14.52, 155.75)
(3.13, 14.52, 155.75)
(3.13, 14.52, 155.75)
(2.71, 12.51, 155.62)
(2.71, 12.51, 155.62)
(2.37, 11.24, 156.28)
(2.37, 11.24, 156.28)
(2.37, 11.24, 156.28)
(1.34, 6.55, 156.84)
(2.02, 9.14, 155.12)
(2.02, 9.14, 155.12)
(2.51, 11.66, 155.76)
(2.51, 11.66, 155.76)
(2.75, 12.86, 155.97)
(2.75, 12.86, 155.97)
(2.34, 10.82, 155.69)
(2.34, 10.82, 155.69)
(2.34, 10.82, 155.69)
(1.76, 8.20, 155.79)
(1.76, 8.20, 155.79)
(1.74, 8.02, 155.61)
(1.74, 8.02, 155.61)
(2.05, 9.43, 155.48)
(2.05, 9.43, 155.48)
(2.10, 9.83, 155.93)
(2.10, 9.83, 155.93)
(2.10, 9.83, 155.93)
(1.88, 8.63, 155.52)
(1.69, 7.97, 156.07)
(1.69, 7.97, 156.07)
(0.83, 3.76, 155.27)
(0.83, 3.76, 155.27)
(1.17, 5.36, 155.36)
(1.17, 5.36, 155.36)
(1.50, 6.99, 155.79)
(1.50, 6.99, 155.79)
(1.61, 7.47, 155.71)
(1.61, 7.47, 155.71)
(1.61, 7.47, 155.71)
(1.35, 6.28, 155.83)
(1.35, 6.28, 155.83)
(1.75, 8.12, 155.70)
(1.75, 8.12, 155.70)
(1.84, 8.45, 155.51)
(1.84, 8.45, 155.51)
(1.84, 8.45, 155.51)
(1.71, 7.93, 155.72)
(1.84, 8.54, 155.68)
(1.84, 8.54, 155.68)
(1.89, 9.00, 156.38)
(1.89, 9.00, 156.38)
(1.81, 8.55, 156.12)
(1.81, 8.55, 156.12)
(1.75, 8.29, 156.16)
(1.75, 8.29, 156.16)
(1.75, 8.29, 156.16)
(1.70, 7.84, 155.53)
(1.70, 7.84, 155.53)
(2.19, 10.27, 156.02)
(2.19, 10.27, 156.02)
(2.19, 10.27, 156.02)
(1.98, 9.30, 156.07)
(1.80, 8.46, 155.94)
(1.80, 8.46, 155.94)
(2.64, 12.24, 155.73)
(2.64, 12.24, 155.73)
(2.47, 11.53, 155.86)
(2.47, 11.53, 155.86)
(2.33, 10.95, 156.04)
(2.33, 10.95, 156.04)
(2.78, 12.57, 155.11)
(2.78, 12.57, 155.11)
(3.10, 14.16, 155.46)
(3.10, 14.16, 155.46)
(3.22, 15.00, 155.88)
(3.22, 15.00, 155.88)
(3.12, 14.66, 156.10)
(3.12, 14.66, 156.10)
(3.03, 14.66, 156.10)
(3.03, 14.66, 156.10)
(3.03, 14.35, 156.30)
(3.19, 15.04, 156.17)
(3.19, 15.04, 156.17)
(3.08, 14.34, 155.91)
(3.08, 14.34, 155.91)
(3.05, 14.36, 156.16)
(3.05, 14.36, 156.16)
(3.30, 15.35, 155.90)
(3.30, 15.35, 155.90)
(3.30, 15.35, 155.90)
(3.53, 16.76, 156.35)
(3.64, 17.41, 156.58)
(3.64, 17.41, 156.58)
(3.64, 17.41, 156.58)
(3.54, 16.66, 156.19)
(3.60, 16.96, 156.21)
(3.60, 16.96, 156.21)
(3.73, 17.77, 156.47)
(3.73, 17.77, 156.47)
(3.73, 17.77, 156.47)
(3.94, 18.96, 156.74)
(3.86, 18.38, 156.44)
(3.86, 18.38, 156.44)
(3.86, 18.38, 156.44)
(3.96, 19.18, 156.86)
(3.96, 19.18, 156.86)
(3.69, 17.52, 156.41)
(3.69, 17.52, 156.41)
(3.59, 17.43, 156.87)
(3.59, 17.43, 156.87)
(4.07, 19.52, 156.67)
(4.07, 19.52, 156.67)
(4.09, 19.72, 156.76)
(4.09, 19.72, 156.76)
(4.08, 19.54, 156.65)
(4.08, 19.54, 156.65)
(3.98, 19.22, 156.82)
(3.98, 19.22, 156.82)
(3.98, 19.22, 156.82)
(3.93, 18.95, 156.74)
(3.75, 18.21, 156.92)
(3.75, 18.21, 156.92)
(3.75, 18.21, 156.92)
(3.75, 18.21, 156.92)
(3.95, 18.87, 156.53)
(3.97, 19.27, 156.94)
(3.97, 19.27, 156.94)
(4.09, 19.54, 156.58)
(4.09, 19.54, 156.58)
(3.73, 18.28, 157.09)
(3.73, 18.28, 157.09)
(4.06, 19.57, 156.75)
(4.06, 19.57, 156.75)
(4.06, 19.57, 156.75)
(3.90, 19.01, 157.03)
(3.85, 18.14, 156.20)
(3.85, 18.14, 156.20)
(3.85, 18.14, 156.20)
(3.82, 18.41, 156.73)
(4.22, 20.51, 157.00)
(4.22, 20.51, 157.00)
(3.93, 20.51, 157.00)
(3.93, 20.51, 157.00)
(3.93, 18.74, 156.51)
(3.77, 18.25, 156.84)
(3.77, 18.25, 156.84)
(3.84, 18.60, 156.83)
(3.84, 18.60, 156.83)
(4.05, 19.45, 156.71)
(4.05, 19.45, 156.71)
(3.91, 18.86, 156.77)
(3.91, 18.86, 156.77)
(3.91, 18.86, 156.77)
(4.07, 19.37, 156.47)
(3.80, 18.70, 157.21)
(3.80, 18.70, 157.21)
(3.80, 18.70, 157.21)
(3.74, 17.79, 156.41)
(3.91, 19.06, 157.00)
(3.91, 19.06, 157.00)
(3.91, 19.06, 157.00)
(3.91, 19.06, 157.00)
(4.07, 19.50, 156.62)
(3.96, 19.03, 156.68)
(3.96, 19.03, 156.68)
(4.24, 20.10, 156.42)
(4.24, 20.10, 156.42)
(4.10, 20.19, 157.24)
(4.10, 20.19, 157.24)
(3.70, 17.95, 156.87)
(3.70, 17.95, 156.87)
(3.96, 18.95, 156.59)
(3.96, 18.95, 156.59)
(4.31, 20.92, 156.98)
(4.31, 20.92, 156.98)
(4.31, 20.92, 156.98)
(4.51, 21.75, 156.84)
(4.51, 21.75, 156.84)
(4.30, 20.71, 156.78)
(4.30, 20.71, 156.78)
(4.30, 20.71, 156.78)
(4.18, 20.38, 157.07)
(4.22, 20.54, 157.01)
(4.22, 20.54, 157.01)
(4.22, 20.54, 157.01)
(4.67, 22.38, 156.73)
(4.33, 21.22, 157.18)
(4.33, 21.22, 157.18)
(3.78, 18.12, 156.59)
(3.78, 18.12, 156.59)
(4.27, 20.58, 156.79)
(4.27, 20.58, 156.79)
(4.64, 22.23, 156.71)
(4.64, 22.23, 156.71)
(4.64, 22.23, 156.71)
(4.36, 21.23, 157.06)
(4.36, 21.23, 157.06)
(4.21, 20.52, 157.06)
(4.21, 20.52, 157.06)
(4.13, 20.19, 157.11)
(4.13, 20.19, 157.11)
(4.28, 20.19, 156.32)
(4.28, 20.19, 156.32)
(4.28, 20.19, 156.32)
(4.13, 20.21, 157.13)
(3.99, 19.68, 157.26)
(3.99, 19.68, 157.26)
(3.99, 19.68, 157.26)
(4.02, 19.40, 156.78)
(4.02, 19.40, 156.78)
(4.28, 20.57, 156.72)
(4.28, 20.57, 156.72)
(3.99, 19.38, 156.95)
(3.99, 19.38, 156.95)
(3.80, 18.31, 156.74)
(3.80, 18.31, 156.74)
(4.16, 19.95, 156.66)
(4.16, 19.95, 156.66)
(4.30, 20.93, 157.01)
(4.30, 20.93, 157.01)
(4.30, 20.93, 157.01)
(3.90, 18.57, 156.45)
(3.55, 17.48, 157.18)
(3.55, 17.48, 157.18)
(3.55, 17.48, 157.18)
(3.55, 17.48, 157.18)
(3.56, 17.31, 156.94)
(3.78, 18.35, 156.88)
(3.78, 18.35, 156.88)
(3.95, 19.15, 156.92)
(3.95, 19.15, 156.92)
(3.87, 18.68, 156.77)
(3.87, 18.68, 156.77)
(4.12, 20.00, 156.94)
(4.12, 20.00, 156.94)
(4.43, 21.24, 156.71)
(4.43, 21.24, 156.71)
(4.22, 20.32, 156.74)
(4.22, 20.32, 156.74)
(4.22, 20.32, 156.74)
(4.02, 19.22, 156.58)
(4.02, 19.22, 156.58)
(4.10, 20.19, 157.28)
(4.10, 20.19, 157.28)
(4.10, 20.19, 157.28)
(4.05, 19.36, 156.55)
(4.42, 21.32, 156.82)
(4.42, 21.32, 156.82)
(4.42, 21.32, 156.82)
(4.24, 20.32, 156.66)
(4.17, 20.35, 157.07)
(4.17, 20.35, 157.07)
(4.17, 20.35, 157.07)
(4.10, 19.71, 156.70)
(4.10, 19.71, 156.70)
(4.24, 20.88, 157.26)
(4.24, 20.88, 157.26)
(4.09, 19.53, 156.56)
(4.09, 19.53, 156.56)
(4.11, 20.03, 157.04)
(4.11, 20.03, 157.04)
(4.11, 20.03, 157.04)
(4.18, 20.04, 156.67)
(4.41, 21.41, 157.00)
(4.41, 21.41, 157.00)
(4.41, 21.41, 157.00)
(3.85, 18.73, 156.96)
(3.85, 18.73, 156.96)
(3.65, 17.87, 157.09)
(3.65, 17.87, 157.09)
(3.65, 17.87, 157.09)
(4.55, 22.05, 156.96)
(4.22, 20.62, 157.12)
(4.22, 20.62, 157.12)
(4.33, 20.70, 156.60)
(4.33, 20.70, 156.60)
(4.33, 20.70, 156.60)
(4.22, 20.58, 157.03)
(3.97, 19.17, 156.81)
(3.97, 19.17, 156.81)
(3.97, 19.17, 156.81)
(4.00, 19.11, 156.58)
(4.00, 19.11, 156.58)
(4.00, 19.11, 156.58)
(4.84, 23.50, 157.03)
(4.50, 21.68, 156.81)
(4.50, 21.68, 156.81)
(4.36, 20.98, 156.75)
(4.36, 20.98, 156.75)
(4.64, 22.52, 156.98)
(4.64, 22.52, 156.98)
(4.64, 22.52, 156.98)
(4.40, 21.37, 156.98)
(4.40, 21.37, 156.98)
(4.17, 20.48, 157.23)
(4.17, 20.48, 157.23)
(4.17, 20.48, 157.23)
(4.07, 19.46, 156.56)
(4.84, 24.22, 157.72)
(4.84, 24.22, 157.72)
(4.84, 24.22, 157.72)
(4.25, 20.43, 156.70)
(3.98, 19.52, 157.16)
(3.98, 19.52, 157.16)
(3.98, 19.52, 157.16)
(4.11, 20.03, 157.04)
(4.11, 20.03, 157.04)
(4.20, 20.82, 157.41)
(4.20, 20.82, 157.41)
(4.20, 20.82, 157.41)
(4.08, 19.89, 157.06)
(4.35, 20.78, 156.59)
(4.35, 20.78, 156.59)
(4.98, 24.20, 157.05)
(4.98, 24.20, 157.05)
(4.56, 22.04, 156.88)
(4.56, 22.04, 156.88)
(4.08, 19.62, 156.72)
(4.08, 19.62, 156.72)
(4.08, 19.62, 156.72)
(4.32, 21.20, 157.21)
(4.32, 21.20, 157.21)
(4.62, 22.47, 157.03)
(4.53, 22.02, 157.03)
(4.53, 22.02, 157.03)
(4.53, 22.02, 157.03)
(4.41, 21.53, 157.09)
(4.41, 21.53, 157.09)
(4.41, 21.53, 157.09)
(4.16, 20.27, 157.05)
(3.81, 18.19, 156.54)
(3.81, 18.19, 156.54)
(3.80, 18.27, 156.66)
(3.80, 18.27, 156.66)
(3.80, 18.27, 156.66)
(3.80, 18.27, 156.66)
(3.48, 17.13, 157.20)
(3.59, 17.41, 156.84)
(3.59, 17.41, 156.84)
(3.86, 18.81, 157.03)
(3.86, 18.81, 157.03)
(4.14, 20.46, 157.34)
(4.14, 20.46, 157.34)
(4.41, 21.26, 156.81)
(4.41, 21.26, 156.81)
(4.41, 21.26, 156.81)
(3.93, 18.89, 156.71)
(3.93, 18.89, 156.71)
(3.93, 18.89, 156.71)
(4.19, 20.04, 156.61)
(4.00, 19.10, 156.58)
(4.00, 19.10, 156.58)
(4.00, 19.10, 156.58)
(3.75, 18.28, 157.00)
(4.49, 21.44, 156.60)
(4.49, 21.44, 156.60)
(4.39, 21.57, 157.23)
(4.39, 21.57, 157.23)
(4.39, 21.57, 157.23)
(4.51, 22.30, 157.42)
(4.51, 22.30, 157.42)
(4.51, 22.30, 157.42)
(4.77, 23.79, 157.62)
(7.85, 39.09, 158.11)
(7.85, 39.09, 158.11)
(9.81, 47.35, 157.85)
(9.81, 47.35, 157.85)
(11.22, 49.45, 155.92)
(11.22, 49.45, 155.92)
(7.87, 35.30, 155.59)
(7.87, 35.30, 155.59)
(1.43, 35.30, 155.59)
(1.43, 6.03, 153.39)
(1.43, 6.03, 153.39)
(1.43, 6.03, 153.39)
(350.78, 313.83, 158.57)
(341.78, 302.84, 147.19)
(341.78, 302.84, 147.19)
(336.58, 286.14, 149.17)
(336.58, 286.14, 149.17)
(329.67, 270.18, 149.59)
(329.67, 270.18, 149.59)
(328.40, 274.07, 146.20)
(328.40, 274.07, 146.20)
(328.40, 274.07, 146.20)
(327.28, 272.37, 145.97)
(327.28, 272.37, 145.97)
(327.28, 272.37, 145.97)
(325.47, 271.39, 144.67)
(319.76, 255.69, 148.23)
(319.76, 255.69, 148.23)
(319.76, 255.69, 148.23)
(319.73, 251.19, 150.59)
(319.73, 251.19, 150.59)
(320.32, 259.02, 146.86)
(320.32, 259.02, 146.86)
(310.32, 228.20, 156.60)
(310.32, 228.20, 156.60)
(305.69, 206.38, 166.29)
(305.69, 206.38, 166.29)
(306.35, 218.03, 160.23)
(306.35, 218.03, 160.23)
(304.10, 231.30, 151.42)
(304.10, 231.30, 151.42)
(304.10, 231.30, 151.42)
(299.59, 215.46, 158.91)
(299.59, 215.46, 158.91)
(299.02, 211.77, 160.98)
(299.02, 211.77, 160.98)
(294.50, 212.74, 158.60)
(294.50, 212.74, 158.60)
(293.28, 195.78, 169.57)
(293.28, 195.78, 169.57)
(287.55, 196.21, 168.09)
(287.55, 196.21, 168.09)
(292.41, 186.67, 175.54)
(292.41, 186.67, 175.54)
(287.19, 204.71, 161.65)
(287.19, 204.71, 161.65)
(287.19, 204.71, 161.65)
(287.19, 204.71, 161.65)
(284.98, 205.12, 160.59)
(284.80, 203.80, 161.57)
(284.80, 203.80, 161.57)
(284.80, 203.80, 161.57)
(282.31, 195.28, 167.67)
(281.97, 204.04, 160.43)
(281.97, 204.04, 160.43)
(281.97, 204.04, 160.43)
(280.63, 190.71, 171.10)
(280.63, 190.71, 171.10)
(278.81, 197.35, 165.10)
(278.81, 197.35, 165.10)
(277.95, 189.20, 171.99)
(277.95, 189.20, 171.99)
(281.87, 185.83, 175.27)
(281.87, 185.83, 175.27)
(281.87, 185.83, 175.27)
(280.75, 191.77, 170.25)
(280.42, 182.31, 178.08)
(280.42, 182.31, 178.08)
(280.42, 182.31, 178.08)
(280.16, 183.46, 177.10)
(280.16, 183.46, 177.10)
(279.79, 193.87, 168.30)
(279.79, 193.87, 168.30)
(279.79, 193.87, 168.30)
(279.67, 193.98, 168.18)
(278.91, 182.89, 177.53)
(278.91, 182.89, 177.53)
(278.91, 182.89, 177.53)
(278.84, 200.12, 162.72)
(278.84, 200.12, 162.72)
(278.40, 191.90, 169.72)
(278.40, 191.90, 169.72)
(277.71, 184.89, 175.73)
(277.71, 184.89, 175.73)
(279.31, 195.14, 167.12)
(279.31, 195.14, 167.12)
(279.20, 190.00, 171.49)
(279.20, 190.00, 171.49)
(279.51, 194.47, 167.73)
(279.51, 194.47, 167.73)
(279.37, 196.82, 165.70)
(279.37, 196.82, 165.70)
(279.37, 196.82, 165.70)
(279.37, 196.82, 165.70)
(279.15, 190.92, 170.69)
(278.90, 190.06, 171.39)
(278.90, 190.06, 171.39)
(279.46, 192.96, 169.01)
(279.46, 192.96, 169.01)
(279.12, 190.81, 170.78)
(279.12, 190.81, 170.78)
(279.77, 194.38, 167.86)
(279.77, 194.38, 167.86)
(279.77, 194.38, 167.86)
(279.20, 192.05, 169.73)
(279.20, 192.05, 169.73)
(279.20, 192.05, 169.73)
(279.61, 194.43, 167.79)
(279.37, 193.27, 168.72)
(279.37, 193.27, 168.72)
(279.37, 193.27, 168.72)
(279.28, 192.52, 169.35)
(279.40, 193.73, 168.34)
(279.40, 193.73, 168.34)
(279.48, 192.68, 169.25)
(279.48, 192.68, 169.25)
(279.48, 192.68, 169.25)
(279.50, 192.38, 169.51)
(279.50, 192.38, 169.51)
(279.50, 192.38, 169.51)
(279.60, 193.42, 168.64)
(279.57, 193.23, 168.80)
(279.57, 193.23, 168.80)
(279.45, 193.60, 168.46)
(279.45, 193.60, 168.46)
(279.45, 193.60, 168.46)
(279.43, 192.96, 169.00)
(279.54, 193.29, 168.74)
(279.54, 193.29, 168.74)
(279.54, 193.29, 168.74)
(279.43, 193.94, 168.17)
(279.43, 193.94, 168.17)
(279.43, 193.94, 168.17)
(279.47, 192.85, 169.10)
(279.43, 192.89, 169.07)
(279.43, 192.89, 169.07)
(279.63, 193.78, 168.35)
(279.63, 193.78, 168.35)
(279.60, 194.23, 167.96)
(279.60, 194.23, 167.96)
(279.52, 193.08, 168.92)
(279.52, 193.08, 168.92)
(279.52, 193.08, 168.92)
(279.56, 192.96, 169.02)
(279.56, 192.96, 169.02)
(279.56, 192.96, 169.02)
(279.62, 192.90, 169.09)
(279.65, 193.23, 168.81)
(279.65, 193.23, 168.81)
(279.65, 193.23, 168.81)
(279.26, 191.97, 169.81)
(279.91, 194.14, 168.10)
(279.91, 194.14, 168.10)
(279.77, 193.21, 168.85)
(279.77, 193.21, 168.85)
(279.77, 193.21, 168.85)
(279.80, 193.55, 168.57)
(279.80, 193.55, 168.57)
(279.80, 193.55, 168.57)
(279.66, 192.94, 169.06)
(279.66, 192.72, 169.25)
(279.66, 192.72, 169.25)
(279.66, 192.72, 169.25)
(279.78, 193.07, 168.97)
(279.78, 193.19, 168.87)
(279.78, 193.19, 168.87)
(279.78, 193.19, 168.87)
(279.78, 193.19, 168.87)
(279.80, 193.20, 168.87)
(279.24, 191.38, 170.31)
(279.24, 191.38, 170.31)
(279.24, 191.38, 170.31)
(278.44, 186.76, 174.17)
(280.16, 196.71, 165.99)
(280.16, 196.71, 165.99)
(280.16, 196.71, 165.99)
(280.77, 193.63, 168.70)
(280.21, 193.00, 169.11)
(280.21, 193.00, 169.11)
(280.21, 193.00, 169.11)
(280.21, 193.00, 169.11)
(277.46, 184.98, 175.63)
(279.06, 198.46, 164.21)
(279.06, 198.46, 164.21)
(279.06, 198.46, 164.21)
(278.52, 197.12, 165.22)
(278.78, 198.23, 164.33)
(278.78, 198.23, 164.33)
(278.50, 196.47, 165.78)
(278.50, 196.47, 165.78)
(278.78, 198.29, 164.28)
(278.78, 198.29, 164.28)
(280.21, 196.71, 166.00)
(280.21, 196.71, 166.00)
(280.21, 196.71, 166.00)
(280.19, 197.04, 165.72)
(280.19, 197.04, 165.72)
(280.26, 198.26, 164.71)
(280.26, 198.26, 164.71)
(279.13, 195.89, 166.44)
(279.13, 195.89, 166.44)
(279.27, 196.70, 165.78)
(279.27, 196.70, 165.78)
(279.27, 196.70, 165.78)
(279.34, 195.96, 166.42)
(279.42, 195.36, 166.96)
(279.42, 195.36, 166.96)
(279.40, 196.15, 166.28)
(279.40, 196.15, 166.28)
(279.51, 196.52, 165.99)
(279.51, 196.52, 165.99)
(279.66, 196.33, 166.19)
(279.66, 196.33, 166.19)
(279.66, 196.33, 166.19)
(279.81, 196.01, 166.50)
(279.81, 196.01, 166.50)
(279.91, 195.32, 167.10)
(279.91, 195.32, 167.10)
(279.99, 193.61, 168.56)
(279.99, 193.61, 168.56)
(279.84, 194.51, 167.77)
(279.84, 194.51, 167.77)
(279.71, 199.75, 163.30)
(279.71, 199.75, 163.30)
(279.85, 199.29, 163.72)
(279.85, 199.29, 163.72)
(279.85, 199.29, 163.72)
(280.04, 196.52, 166.12)
(280.03, 196.90, 165.79)
(280.03, 196.90, 165.79)
(280.03, 196.90, 165.79)
(280.03, 196.90, 165.79)
(280.02, 196.33, 166.28)
(279.92, 193.22, 168.88)
(280.07, 195.86, 166.68)
(280.07, 195.86, 166.68)
(280.07, 195.86, 166.68)
(280.26, 194.11, 168.20)
(280.26, 194.11, 168.20)
(280.47, 193.96, 168.37)
(280.47, 193.96, 168.37)
(280.29, 195.57, 166.98)
(280.29, 195.57, 166.98)
(280.69, 193.49, 168.80)
(280.71, 194.31, 168.12)
(280.53, 193.00, 169.18)
(280.53, 193.00, 169.18)
(280.53, 193.00, 169.18)
(280.65, 192.90, 169.29)
(280.65, 192.90, 169.29)
(281.22, 199.41, 164.01)
(281.22, 199.41, 164.01)
(280.64, 193.41, 168.86)
(280.64, 193.41, 168.86)
(280.78, 194.42, 168.04)
(280.78, 194.42, 168.04)
(280.78, 194.42, 168.04)
(280.72, 194.32, 168.12)
(280.72, 194.32, 168.12)
(280.72, 185.93, 175.09)
(280.72, 185.93, 175.09)
(281.05, 191.76, 170.31)
(281.05, 191.76, 170.31)
(280.94, 189.34, 172.29)
(280.94, 189.34, 172.29)
(281.00, 193.43, 168.92)
(281.00, 193.43, 168.92)
(280.00, 188.82, 172.59)
(280.00, 188.82, 172.59)
(280.00, 188.82, 172.59)
(280.02, 189.52, 172.01)
(281.13, 192.50, 169.71)
(281.13, 192.50, 169.71)
(281.13, 192.50, 169.71)
(281.13, 192.50, 169.71)
(281.76, 197.74, 165.54)
(282.14, 199.49, 164.20)
(282.14, 199.49, 164.20)
(282.14, 199.49, 164.20)
(282.78, 198.59, 165.11)
(285.15, 207.36, 158.90)
(285.15, 207.36, 158.90)
(286.48, 205.63, 160.71)
(286.48, 205.63, 160.71)
(287.98, 206.38, 160.67)
(287.98, 206.38, 160.67)
(289.81, 209.62, 158.95)
(289.81, 209.62, 158.95)
(289.81, 209.62, 158.95)
(291.30, 213.86, 156.50)
(291.30, 213.86, 156.50)
(292.22, 214.55, 156.40)
(294.20, 213.81, 157.75)
(294.20, 213.81, 157.75)
(294.20, 213.81, 157.75)
(295.60, 216.64, 156.45)
(295.60, 216.64, 156.45)
(295.60, 216.64, 156.45)
(296.06, 215.11, 157.67)
(297.84, 219.65, 155.48)
(297.84, 219.65, 155.48)
(297.84, 219.65, 155.48)
(300.41, 222.81, 154.70)
(301.09, 222.11, 155.47)
(301.09, 222.11, 155.47)
(301.75, 223.38, 155.01)
(301.75, 223.38, 155.01)
(301.75, 223.38, 155.01)
(304.34, 227.12, 154.07)
(304.34, 227.12, 154.07)
(304.34, 227.12, 154.07)
(305.58, 228.27, 154.06)
(305.69, 226.12, 155.36)
(305.69, 226.12, 155.36)
(307.78, 230.47, 153.98)
(307.78, 230.47, 153.98)
(308.80, 233.24, 152.99)
(308.80, 233.24, 152.99)
(309.05, 232.71, 153.44)
(309.05, 232.71, 153.44)
(309.05, 232.71, 153.44)
(310.18, 232.79, 154.05)
(310.18, 232.79, 154.05)
(309.56, 232.18, 154.02)
(309.56, 232.18, 154.02)
(311.00, 232.33, 154.76)
(311.00, 232.33, 154.76)
(311.32, 235.85, 153.03)
(311.32, 235.85, 153.03)
(311.32, 235.85, 153.03)
(309.42, 230.64, 154.80)
(309.34, 230.65, 154.75)
(309.34, 230.65, 154.75)
(309.34, 230.65, 154.75)
(308.61, 228.51, 155.54)
(307.38, 228.28, 155.01)
(307.38, 228.28, 155.01)
(307.38, 228.28, 155.01)
(307.38, 228.28, 155.01)
(307.37, 228.56, 154.85)
(308.16, 229.89, 154.52)
(308.16, 229.89, 154.52)
(306.89, 226.05, 156.02)
(306.89, 226.05, 156.02)
(307.33, 228.61, 154.80)
(307.33, 228.61, 154.80)
(306.67, 226.41, 155.70)
(306.67, 226.41, 155.70)
(306.10, 228.27, 154.33)
(306.10, 228.27, 154.33)
(305.47, 223.79, 156.59)
(305.47, 223.79, 156.59)
(305.47, 223.79, 156.59)
(306.11, 227.12, 155.00)
(306.11, 227.12, 155.00)
(304.94, 223.21, 156.68)
(304.94, 223.21, 156.68)
(305.26, 223.95, 156.40)
(305.26, 223.95, 156.40)
(304.92, 223.42, 156.54)
(304.92, 223.42, 156.54)
(304.92, 223.42, 156.54)
(306.39, 227.10, 155.16)
(305.85, 223.55, 156.92)
(305.85, 223.55, 156.92)
(305.85, 223.55, 156.92)
(306.24, 224.68, 156.46)
(306.53, 225.52, 156.14)
(306.53, 225.52, 156.14)
(306.53, 225.52, 156.14)
(306.53, 225.52, 156.14)
(307.00, 227.77, 155.10)
(307.00, 227.77, 155.10)
(307.00, 227.77, 155.10)
(307.00, 227.77, 155.10)
(307.99, 227.06, 156.01)
(308.05, 228.56, 155.21)
(308.05, 228.56, 155.21)
(308.30, 229.57, 154.78)
(308.30, 229.57, 154.78)
(309.37, 227.62, 156.42)
(309.37, 227.62, 156.42)
(310.24, 233.19, 153.86)
(310.24, 233.19, 153.86)
(310.24, 233.19, 153.86)
(310.33, 232.13, 154.49)
(310.33, 232.13, 154.49)
(312.22, 235.34, 153.85)
(312.22, 235.34, 153.85)
(312.08, 234.54, 154.20)
(312.08, 234.54, 154.20)
(312.85, 233.07, 155.42)
(312.85, 233.07, 155.42)
(313.73, 234.63, 155.11)
(313.73, 234.63, 155.11)
(313.78, 233.54, 155.70)
(313.78, 233.54, 155.70)
(313.78, 233.54, 155.70)
(314.91, 236.23, 154.99)
(314.91, 236.23, 154.99)
(315.47, 236.99, 154.94)
(316.85, 240.53, 154.01)
(316.85, 240.53, 154.01)
(316.85, 240.53, 154.01)
(317.40, 239.15, 155.05)
(317.40, 239.15, 155.05)
(317.40, 239.15, 155.05)
(318.06, 239.84, 155.12)
(319.02, 242.89, 154.26)
(319.02, 242.89, 154.26)
(318.98, 239.01, 156.09)
(318.98, 239.01, 156.09)
(318.98, 239.01, 156.09)
(319.09, 241.08, 155.18)
(319.08, 242.07, 154.69)
(319.08, 242.07, 154.69)
(319.08, 242.07, 154.69)
(318.53, 240.37, 155.17)
(318.53, 240.37, 155.17)
(318.28, 239.39, 155.48)
(318.28, 239.39, 155.48)
(318.25, 240.40, 154.97)
(318.25, 240.40, 154.97)
(318.52, 240.66, 155.02)
(318.52, 240.66, 155.02)
(318.09, 238.85, 155.62)
(318.09, 238.85, 155.62)
(318.37, 239.84, 155.32)
(318.37, 239.84, 155.32)
(318.37, 239.84, 155.32)
(317.64, 238.30, 155.61)
(317.64, 238.30, 155.61)
(318.72, 240.75, 155.10)
(317.95, 238.76, 155.57)
(317.95, 238.76, 155.57)
(317.95, 238.76, 155.57)
(318.65, 241.23, 154.82)
(318.65, 241.23, 154.82)
(318.65, 241.23, 154.82)
(318.14, 240.60, 154.80)
(318.73, 241.65, 154.67)
(318.73, 241.65, 154.67)
(318.73, 241.65, 154.67)
(318.81, 240.94, 155.07)
(318.81, 240.94, 155.07)
(318.94, 240.09, 155.56)
(318.94, 240.09, 155.56)
(318.94, 240.09, 155.56)
(318.89, 239.63, 155.75)
(320.25, 242.59, 155.22)
(320.25, 242.59, 155.22)
(320.25, 242.59, 155.22)
(321.05, 243.99, 155.08)
(322.19, 245.15, 155.31)
(322.19, 245.15, 155.31)
(323.48, 249.42, 154.25)
(323.48, 249.42, 154.25)
(323.48, 249.42, 154.25)
(323.30, 246.19, 155.60)
(324.01, 245.14, 156.55)
(324.01, 245.14, 156.55)
(324.01, 245.14, 156.55)
(326.59, 253.04, 154.95)
(326.59, 253.04, 154.95)
(326.40, 252.50, 155.03)
(326.40, 252.50, 155.03)
(327.56, 255.16, 154.76)
(327.56, 255.16, 154.76)
(328.09, 256.67, 154.52)
(328.09, 256.67, 154.52)
(328.09, 256.67, 154.52)
(329.03, 255.24, 155.89)
(329.65, 258.61, 154.96)
(329.65, 258.61, 154.96)
(329.65, 258.61, 154.96)
(329.29, 257.03, 155.35)
(330.59, 259.00, 155.58)
(330.59, 259.00, 155.58)
(330.59, 259.00, 155.58)
(330.59, 259.00, 155.58)
(331.10, 262.24, 154.64)
(330.49, 260.85, 154.71)
(330.49, 260.85, 154.71)
(330.49, 260.85, 154.71)
(331.26, 261.10, 155.28)
(331.07, 260.84, 155.22)
(331.07, 260.84, 155.22)
(331.27, 261.78, 154.99)
(331.27, 261.78, 154.99)
(331.23, 261.90, 154.91)
(331.23, 261.90, 154.91)
(331.83, 262.50, 155.18)
(331.83, 262.50, 155.18)
(331.83, 262.50, 155.18)
(331.79, 261.87, 155.41)
(331.79, 261.87, 155.41)
(331.77, 262.26, 155.23)
(331.77, 262.26, 155.23)
(332.10, 263.69, 154.92)
(332.10, 263.69, 154.92)
(332.08, 262.36, 155.46)
(332.08, 262.36, 155.46)
(331.93, 261.84, 155.55)
(331.93, 261.84, 155.55)
(331.88, 263.02, 155.01)
(331.88, 263.02, 155.01)
(332.09, 262.91, 155.24)
(332.09, 262.91, 155.24)
(332.09, 262.91, 155.24)
(332.21, 262.30, 155.60)
(332.21, 262.30, 155.60)
(332.21, 262.30, 155.60)
(332.95, 266.05, 154.69)
(333.11, 263.91, 155.74)
(333.11, 263.91, 155.74)
(333.11, 263.91, 155.74)
(333.23, 265.42, 155.22)
(333.37, 263.34, 156.21)
(333.37, 263.34, 156.21)
(333.70, 267.78, 154.67)
(333.70, 267.78, 154.67)
(333.92, 267.58, 154.96)
(333.92, 267.58, 154.96)
(333.66, 265.42, 155.62)
(333.66, 265.42, 155.62)
(333.66, 265.42, 155.62)
(334.36, 267.45, 155.44)
(334.41, 266.88, 155.73)
(334.41, 266.88, 155.73)
(334.41, 266.88, 155.73)
(334.49, 267.76, 155.44)
(334.49, 267.76, 155.44)
(334.24, 268.19, 155.01)
(334.24, 268.19, 155.01)
(334.24, 268.19, 155.01)
(334.17, 264.95, 156.28)
(334.28, 269.81, 154.36)
(334.28, 269.81, 154.36)
(334.28, 269.81, 154.36)
(334.06, 265.86, 155.81)
(334.06, 265.86, 155.81)
(333.64, 265.78, 155.45)
(333.64, 265.78, 155.45)
(333.54, 265.56, 155.45)
(333.54, 265.56, 155.45)
(333.56, 264.87, 155.76)
(333.56, 264.87, 155.76)
(333.56, 264.87, 155.76)
(334.37, 268.04, 155.20)
(334.19, 267.55, 155.24)
(334.19, 267.55, 155.24)
(334.19, 267.55, 155.24)
(334.60, 268.38, 155.29)
(335.16, 269.21, 155.49)
(335.16, 269.21, 155.49)
(335.16, 269.21, 155.49)
(335.16, 269.21, 155.49)
(334.91, 269.77, 155.01)
(334.70, 267.09, 155.91)
(334.70, 267.09, 155.91)
(334.70, 267.09, 155.91)
(334.53, 269.16, 154.89)
(334.61, 268.85, 155.10)
(334.61, 268.85, 155.10)
(334.61, 268.85, 155.10)
(333.97, 265.59, 155.84)
(333.97, 265.59, 155.84)
(334.97, 270.24, 154.87)
(334.97, 270.24, 154.87)
(334.97, 270.24, 154.87)
(335.65, 271.55, 155.00)
(334.94, 267.63, 155.92)
(334.94, 267.63, 155.92)
(334.94, 267.63, 155.92)
(333.72, 265.00, 155.85)
(334.30, 268.23, 155.05)
(334.30, 268.23, 155.05)
(334.30, 268.23, 155.05)
(334.87, 270.90, 154.49)
(334.87, 270.90, 154.49)
(334.87, 266.97, 156.13)
(334.87, 266.97, 156.13)
(334.99, 269.06, 155.38)
(334.99, 269.06, 155.38)
(335.25, 270.88, 154.87)
(335.25, 270.88, 154.87)
(335.25, 270.88, 154.87)
(334.46, 266.12, 156.08)
(333.63, 265.40, 155.61)
(333.63, 265.40, 155.61)
(334.01, 263.80, 156.61)
(334.01, 263.80, 156.61)
(332.90, 261.58, 156.50)
(332.90, 261.58, 156.50)
(332.90, 261.58, 156.50)
(332.90, 261.58, 156.50)
(331.45, 258.35, 156.57)
(330.12, 256.27, 156.34)
(330.12, 256.27, 156.34)
(330.42, 259.69, 155.15)
(330.42, 259.69, 155.15)
(330.42, 259.69, 155.15)
(329.04, 253.44, 156.65)
(328.98, 252.56, 156.97)
(328.98, 252.56, 156.97)
(330.96, 260.62, 155.22)
(330.96, 260.62, 155.22)
(330.41, 256.89, 156.32)
(330.41, 256.89, 156.32)
(330.41, 256.89, 156.32)
(331.02, 256.93, 156.80)
(331.02, 256.93, 156.80)
(331.49, 262.04, 155.07)
(330.18, 255.79, 156.59)
(330.18, 255.79, 156.59)
(330.18, 255.79, 156.59)
(330.45, 258.82, 155.54)
(330.45, 258.82, 155.54)
(330.45, 258.82, 155.54)
(330.22, 257.87, 155.75)
(330.28, 257.73, 155.86)
(330.28, 257.73, 155.86)
(330.28, 257.73, 155.86)
(330.60, 257.55, 156.20)
(330.60, 257.55, 156.20)
(330.40, 258.84, 155.49)
(330.40, 258.84, 155.49)
(331.00, 258.89, 155.98)
(331.00, 258.89, 155.98)
(331.34, 258.58, 156.39)
(331.34, 258.58, 156.39)
(331.94, 261.76, 155.59)
(331.94, 261.76, 155.59)
(331.94, 261.76, 155.59)
(331.71, 261.30, 155.58)
(331.71, 261.30, 155.58)
(331.26, 259.18, 156.08)
(331.26, 259.18, 156.08)
(331.95, 262.89, 155.13)
(331.95, 262.89, 155.13)
(331.68, 260.98, 155.69)
(331.68, 260.98, 155.69)
(332.53, 264.64, 154.90)
(332.53, 264.64, 154.90)
(332.25, 263.15, 155.29)
(332.25, 263.15, 155.29)
(332.25, 263.15, 155.29)
(330.57, 254.09, 157.57)
(330.57, 254.09, 157.57)
(331.47, 260.76, 155.59)
(331.47, 260.76, 155.59)
(329.23, 252.25, 157.29)
(329.23, 252.25, 157.29)
(329.92, 255.64, 156.44)
(329.92, 255.64, 156.44)
(325.82, 248.50, 156.35)
(325.82, 248.50, 156.35)
(324.23, 245.97, 156.34)
(324.23, 245.97, 156.34)
(324.23, 245.97, 156.34)
(322.56, 242.80, 156.62)
(322.56, 242.80, 156.62)
(320.70, 238.54, 157.37)
(320.70, 238.54, 157.37)
(319.01, 237.39, 156.87)
(319.01, 237.39, 156.87)
(317.92, 234.27, 157.70)
(317.92, 234.27, 157.70)
(314.71, 229.87, 158.05)
(314.71, 229.87, 158.05)
(314.71, 229.87, 158.05)
(313.78, 232.59, 156.19)
(313.78, 232.59, 156.19)
(313.78, 232.59, 156.19)
(313.10, 230.96, 156.64)
(310.04, 226.19, 157.53)
(310.04, 226.19, 157.53)
(306.47, 226.00, 155.83)
(306.47, 226.00, 155.83)
(305.84, 222.05, 157.76)
(305.84, 222.05, 157.76)
(306.48, 223.93, 157.01)
(306.48, 223.93, 157.01)
(306.48, 223.93, 157.01)
(304.77, 221.11, 157.80)
(304.77, 221.11, 157.80)
(304.77, 221.11, 157.80)
(302.63, 221.13, 156.80)
(302.22, 225.35, 154.03)
(302.22, 225.35, 154.03)
(302.22, 225.35, 154.03)
(300.34, 219.36, 156.82)
(297.80, 214.34, 158.88)
(297.80, 214.34, 158.88)
(295.99, 208.83, 161.75)
(295.99, 208.83, 161.75)
(295.99, 208.83, 161.75)
(294.64, 229.95, 146.73)
(294.64, 229.95, 146.73)
(294.64, 229.95, 146.73)
(286.81, 228.38, 143.11)
(283.38, 216.36, 150.91)
(283.38, 216.36, 150.91)
(283.38, 216.36, 150.91)
(278.69, 203.93, 159.37)
(279.16, 209.98, 154.31)
(279.16, 209.98, 154.31)
(279.17, 215.93, 149.13)
(279.17, 215.93, 149.13)
(279.17, 215.93, 149.13)
(284.15, 245.37, 126.88)
(284.15, 245.37, 126.88)
(278.28, 246.22, 121.14)
(278.28, 246.22, 121.14)
(279.41, 250.98, 117.68)
(279.41, 250.98, 117.68)
(279.41, 250.98, 117.68)
(277.09, 251.03, 115.54)
(277.09, 251.03, 115.54)
(282.17, 251.64, 119.54)
(285.08, 255.94, 118.24)
(285.08, 255.94, 118.24)
(285.08, 255.94, 118.24)
(282.41, 251.61, 119.78)
(282.41, 251.61, 119.78)
(282.41, 251.61, 119.78)
(277.98, 239.65, 127.01)
(277.48, 234.72, 131.17)
(277.48, 234.72, 131.17)
(277.48, 234.72, 131.17)
(273.66, 234.96, 127.98)
(272.21, 215.60, 145.67)
(272.21, 215.60, 145.67)
(275.86, 251.23, 114.23)
(275.86, 251.23, 114.23)
(278.09, 251.23, 114.23)
(278.09, 259.67, 108.19)
(278.09, 259.67, 108.19)
(278.09, 259.67, 108.19)
(278.75, 271.31, 97.45)
(277.96, 272.68, 95.30)
(277.96, 272.68, 95.30)
(276.03, 260.95, 104.95)
(276.03, 260.95, 104.95)
(272.37, 46.95, 311.29)
(272.37, 46.95, 311.29)
(272.16, 225.23, 136.28)
(272.16, 225.23, 136.28)
(271.90, 179.64, 180.34)
(271.90, 179.64, 180.34)
(271.90, 179.64, 180.34)
(271.83, 108.58, 249.70)
(271.83, 108.58, 249.70)
(275.87, 139.95, 216.41)
(275.87, 139.95, 216.41)
(278.33, 105.75, 246.39)
(278.33, 105.75, 246.39)
(275.91, 98.40, 255.80)
(275.91, 98.40, 255.80)
(276.82, 118.84, 235.35)
(276.82, 118.84, 235.35)
(276.82, 118.84, 235.35)
(277.54, 99.80, 252.85)
(277.54, 99.80, 252.85)
(279.09, 97.37, 253.70)
(279.09, 97.37, 253.70)
(280.09, 100.67, 249.57)
(280.09, 100.67, 249.57)
(279.85, 96.64, 253.68)
(279.85, 96.64, 253.68)
(280.40, 103.50, 246.59)
(280.40, 103.50, 246.59)
(278.29, 122.59, 230.68)
(278.29, 122.59, 230.68)
(278.29, 122.59, 230.68)
(281.47, 102.97, 246.09)
(287.46, 90.27, 252.29)
(287.46, 90.27, 252.29)
(287.46, 90.27, 252.29)
(297.39, 59.36, 273.71)
(297.39, 59.36, 273.71)
(293.65, 52.23, 286.28)
(293.65, 52.23, 286.28)
(293.65, 52.23, 286.28)
(282.50, 57.68, 291.09)
(275.79, 114.88, 239.98)
(275.79, 114.88, 239.98)
(275.79, 114.88, 239.98)
(294.11, 67.62, 268.11)
(294.82, 69.95, 264.85)
(294.82, 69.95, 264.85)
(293.65, 59.50, 277.67)
(293.65, 59.50, 277.67)
(293.65, 59.50, 277.67)
(287.79, 59.61, 283.70)
(287.79, 59.61, 283.70)
(287.79, 59.61, 283.70)
(285.03, 58.75, 287.45)
(291.36, 45.48, 296.91)
(291.36, 45.48, 296.91)
(289.09, 57.50, 284.79)
(289.09, 57.50, 284.79)
(291.29, 50.32, 291.02)
(291.29, 50.32, 291.02)
(276.21, 77.59, 276.27)
(276.21, 77.59, 276.27)
(279.43, 87.60, 262.94)
(279.43, 87.60, 262.94)
(275.32, 107.89, 247.12)
(275.32, 107.89, 247.12)
(275.32, 107.89, 247.12)
(277.65, 212.35, 151.53)
(277.65, 212.35, 151.53)
(282.33, 279.18, 93.21)
(282.33, 279.18, 93.21)
(282.33, 279.18, 93.21)
(271.37, 58.27, 300.56)
(271.57, 295.07, 66.37)
(271.57, 295.07, 66.37)
(271.57, 295.07, 66.37)
(271.22, 297.29, 63.80)
(271.31, 294.90, 66.30)
(271.31, 294.90, 66.30)
(271.39, 302.00, 59.19)
(271.39, 302.00, 59.19)
(271.39, 302.00, 59.19)
(271.21, 299.34, 61.72)
(271.21, 299.34, 61.72)
(271.21, 299.34, 61.72)
(271.34, 298.73, 62.45)
(271.34, 296.89, 64.32)
(271.34, 296.89, 64.32)
(271.25, 299.21, 61.89)
(271.25, 299.21, 61.89)
(271.30, 297.62, 63.54)
(271.30, 297.62, 63.54)
(271.30, 297.62, 63.54)
(271.30, 297.62, 63.54)
(271.32, 297.42, 63.76)
(271.36, 297.12, 64.09)
(271.36, 297.12, 64.09)
(271.36, 297.12, 64.09)
(271.27, 299.65, 61.46)
(271.27, 298.77, 62.35)
(271.27, 298.77, 62.35)
(271.26, 294.62, 66.53)
(271.26, 294.62, 66.53)
(271.27, 298.52, 62.60)
(271.27, 298.52, 62.60)
(271.22, 296.56, 64.54)
(271.22, 296.56, 64.54)
(271.22, 296.56, 64.54)
(271.37, 295.93, 65.30)
(271.37, 295.93, 65.30)
(271.37, 295.93, 65.30)
(271.21, 307.12, 53.85)
(271.44, 273.15, 88.29)
(271.44, 273.15, 88.29)
(271.58, 310.21, 51.01)
(271.58, 310.21, 51.01)
(271.19, 289.48, 71.65)
(271.19, 289.48, 71.65)
(271.40, 288.83, 72.50)
(271.40, 288.83, 72.50)
(271.40, 288.83, 72.50)
(271.47, 311.95, 49.15)
(271.47, 311.95, 49.15)
(271.21, 288.52, 72.63)
(271.21, 288.52, 72.63)
(271.41, 300.35, 60.88)
(271.41, 300.35, 60.88)
(271.41, 300.00, 61.22)
(271.41, 300.00, 61.22)
(271.27, 294.31, 66.85)
(271.27, 294.31, 66.85)
(271.27, 294.31, 66.85)
(271.27, 294.31, 66.85)
(271.27, 293.59, 67.57)
(271.29, 296.45, 64.71)
(271.29, 296.45, 64.71)
(271.39, 297.89, 63.34)
(271.39, 297.89, 63.34)
(271.22, 295.86, 65.24)
(271.22, 295.86, 65.24)
(271.31, 298.07, 63.09)
(271.31, 298.07, 63.09)
(271.37, 293.34, 67.92)
(271.37, 293.34, 67.92)
(271.31, 296.25, 64.93)
(271.31, 296.25, 64.93)
(271.31, 296.25, 64.93)
(271.28, 295.29, 65.88)
(271.28, 295.29, 65.88)
(271.38, 292.61, 68.66)
(271.38, 292.61, 68.66)
(271.40, 298.54, 62.70)
(271.40, 298.54, 62.70)
(271.27, 295.13, 66.03)
(271.27, 295.13, 66.03)
(271.27, 295.13, 66.03)
(271.32, 296.72, 64.47)
(271.37, 297.78, 63.44)
(271.37, 297.78, 63.44)
(271.37, 297.78, 63.44)
(271.29, 296.00, 65.17)
(271.27, 296.98, 64.16)
(271.27, 296.98, 64.16)
(271.27, 296.98, 64.16)
(271.44, 293.43, 67.90)
(271.44, 293.43, 67.90)
(271.28, 297.69, 63.45)
(271.28, 297.69, 63.45)
(271.28, 297.69, 63.45)
(271.33, 299.18, 61.98)
(271.33, 299.18, 61.98)
(271.35, 293.52, 67.72)
(271.35, 293.52, 67.72)
(271.34, 298.97, 62.21)
(271.31, 296.25, 64.93)
(271.31, 296.25, 64.93)
(271.31, 296.25, 64.93)
(271.31, 296.25, 64.93)
(271.36, 294.82, 66.41)
(271.30, 295.80, 65.38)
(271.33, 295.29, 65.91)
(271.33, 295.29, 65.91)
(271.33, 295.29, 65.91)
(271.35, 298.73, 62.45)
(271.35, 298.73, 62.45)
(271.32, 294.15, 67.06)
(271.32, 294.15, 67.06)
(271.32, 297.86, 63.32)
(271.32, 297.86, 63.32)
(271.33, 297.20, 63.99)
(271.33, 297.20, 63.99)
(271.33, 297.20, 63.99)
(271.33, 295.29, 65.92)
(271.33, 295.29, 65.92)
(271.33, 295.29, 65.92)
(271.32, 296.04, 65.15)
(271.30, 298.40, 62.74)
(271.30, 298.40, 62.74)
(271.36, 293.97, 67.28)
(271.36, 293.97, 67.28)
(271.38, 296.82, 64.41)
(271.38, 296.82, 64.41)
(271.31, 298.07, 63.09)
(271.31, 298.07, 63.09)
(271.31, 298.07, 63.09)
(271.38, 294.89, 66.37)
(271.38, 294.89, 66.37)
(271.38, 294.89, 66.37)
(271.37, 295.93, 65.30)
(271.37, 296.40, 64.84)
(271.37, 296.40, 64.84)
(271.32, 294.60, 66.61)
(271.32, 294.