(281.99, 203.49, 160.88)
(281.99, 203.49, 160.88)
(281.99, 203.49, 160.88)
(281.99, 203.49, 160.88)
(283.61, 207.14, 158.50)
(283.61, 207.14, 158.50)
(283.61, 207.14, 158.50)
(282.04, 198.48, 165.00)
(282.04, 198.48, 165.00)
(282.04, 198.48, 165.00)
(277.75, 199.28, 163.12)
(277.75, 199.28, 163.12)
(277.75, 199.28, 163.12)
(277.75, 199.28, 163.12)
(277.75, 199.28, 163.12)
(279.19, 203.82, 159.65)
(279.19, 203.82, 159.65)
(279.19, 203.82, 159.65)
(279.19, 203.82, 159.65)
(282.21, 199.61, 164.12)
(282.21, 199.61, 164.12)
(282.21, 199.61, 164.12)
(282.21, 199.61, 164.12)
(282.21, 199.61, 164.12)
(282.21, 199.61, 164.12)
(282.21, 199.61, 164.12)
(281.48, 200.22, 163.41)
(281.48, 200.22, 163.41)
(282.12, 195.22, 167.68)
(282.12, 195.22, 167.68)
(282.12, 195.22, 167.68)
(282.12, 195.22, 167.68)
(282.12, 195.22, 167.68)
(282.12, 195.22, 167.68)
(282.12, 195.22, 167.68)
(282.12, 195.22, 167.68)
(282.12, 195.22, 167.68)
(282.12, 195.22, 167.68)
(282.12, 195.22, 167.68)
(282.22, 194.20, 168.53)
(282.22, 194.20, 168.53)
(282.22, 194.20, 168.53)
(282.22, 194.20, 168.53)
(281.82, 186.59, 174.64)
(281.82, 186.59, 174.64)
(281.82, 186.59, 174.64)
(281.82, 186.59, 174.64)
(282.98, 210.41, 155.60)
(282.98, 210.41, 155.60)
(282.98, 210.41, 155.60)
(282.98, 210.41, 155.60)
(282.98, 210.41, 155.60)
(285.16, 200.99, 163.86)
(285.16, 200.99, 163.86)
(285.16, 200.99, 163.86)
(285.16, 200.99, 163.86)
(285.16, 200.99, 163.86)
(282.96, 208.58, 157.08)
(282.96, 208.58, 157.08)
(282.96, 208.58, 157.08)
(282.24, 209.81, 155.78)
(282.24, 209.81, 155.78)
(282.24, 209.81, 155.78)
(282.24, 209.81, 155.78)
(282.24, 209.81, 155.78)
(282.24, 209.81, 155.78)
(282.37, 205.55, 159.33)
(282.37, 205.55, 159.33)
(282.37, 205.55, 159.33)
(282.37, 205.55, 159.33)
(281.25, 202.70, 161.29)
(281.25, 202.70, 161.29)
(281.25, 202.70, 161.29)
(281.25, 202.70, 161.29)
(281.25, 202.70, 161.29)
(281.25, 202.70, 161.29)
(281.25, 202.70, 161.29)
(281.25, 202.70, 161.29)
(281.25, 202.70, 161.29)
(281.62, 212.34, 153.40)
(281.62, 212.34, 153.40)
(281.62, 212.34, 153.40)
(281.62, 212.34, 153.40)
(281.62, 212.34, 153.40)
(281.62, 212.34, 153.40)
(281.62, 212.34, 153.40)
(281.62, 212.34, 153.40)
(282.47, 201.75, 162.46)
(282.47, 201.75, 162.46)
(282.47, 201.75, 162.46)
(282.47, 201.75, 162.46)
(282.47, 201.75, 162.46)
(281.69, 209.10, 156.13)
(281.69, 209.10, 156.13)
(281.69, 209.10, 156.13)
(281.69, 209.10, 156.13)
(281.69, 209.10, 156.13)
(281.59, 215.28, 150.92)
(281.59, 215.28, 150.92)
(282.19, 185.61, 175.47)
(282.19, 185.61, 175.47)
(282.19, 185.61, 175.47)
(282.19, 185.61, 175.47)
(282.19, 185.61, 175.47)
(282.19, 185.61, 175.47)
(282.19, 185.61, 175.47)
(282.19, 185.61, 175.47)
(282.19, 185.61, 175.47)
(282.14, 193.05, 169.44)
(282.14, 193.05, 169.44)
(282.23, 223.33, 144.47)
(282.23, 223.33, 144.47)
(282.23, 223.33, 144.47)
(282.23, 223.33, 144.47)
(282.23, 223.33, 144.47)
(282.23, 223.33, 144.47)
(283.44, 223.74, 144.85)
(283.44, 223.74, 144.85)
(283.44, 223.74, 144.85)
(282.16, 216.34, 150.31)
(282.16, 216.34, 150.31)
(282.16, 216.34, 150.31)
(282.16, 216.34, 150.31)
(282.16, 216.34, 150.31)
(281.21, 206.76, 157.90)
(281.21, 206.76, 157.90)
(281.21, 206.76, 157.90)
(281.21, 206.76, 157.90)
(281.21, 206.76, 157.90)
(281.21, 206.76, 157.90)
(281.21, 206.76, 157.90)
(281.21, 206.76, 157.90)
(281.17, 197.26, 165.78)
(281.17, 197.26, 165.78)
(281.17, 197.26, 165.78)
(281.17, 197.26, 165.78)
(281.17, 197.26, 165.78)
(281.17, 197.26, 165.78)
(281.17, 197.26, 165.78)
(281.17, 197.26, 165.78)
(281.17, 197.26, 165.78)
(281.17, 197.26, 165.78)
(281.17, 197.26, 165.78)
(281.17, 197.26, 165.78)
(281.17, 197.26, 165.78)
(281.17, 197.26, 165.78)
(281.17, 197.26, 165.78)
(281.17, 197.26, 165.78)
(281.17, 197.26, 165.78)
(281.17, 197.26, 165.78)
(281.17, 197.26, 165.78)
(281.17, 197.26, 165.78)
(281.17, 197.26, 165.78)
(281.17, 197.26, 165.78)
(281.17, 197.26, 165.78)
(281.17, 197.26, 165.78)
(281.84, 208.67, 156.56)
(281.84, 208.67, 156.56)
(281.84, 208.67, 156.56)
(282.28, 219.27, 147.92)
(282.28, 219.27, 147.92)
(282.28, 219.27, 147.92)
(282.28, 219.27, 147.92)
(282.28, 219.27, 147.92)
(282.28, 219.27, 147.92)
(282.28, 219.27, 147.92)
(282.28, 219.27, 147.92)
(280.85, 213.99, 151.65)
(280.85, 213.99, 151.65)
(280.85, 213.99, 151.65)
(282.02, 209.90, 155.61)
(282.02, 209.90, 155.61)
(282.44, 214.60, 151.90)
(282.44, 214.60, 151.90)
(282.44, 214.60, 151.90)
(282.44, 214.60, 151.90)
(282.44, 214.60, 151.90)
(281.97, 221.97, 145.47)
(281.97, 221.97, 145.47)
(281.97, 221.97, 145.47)
(281.97, 221.97, 145.47)
(281.97, 221.97, 145.47)
(280.73, 213.71, 151.82)
(280.73, 213.71, 151.82)
(280.73, 213.71, 151.82)
(280.73, 213.71, 151.82)
(280.73, 213.71, 151.82)
(280.73, 213.71, 151.82)
(282.70, 226.02, 142.48)
(282.70, 226.02, 142.48)
(282.71, 217.26, 149.83)
(282.71, 217.26, 149.83)
(282.71, 217.26, 149.83)
(282.71, 217.26, 149.83)
(282.71, 217.26, 149.83)
(282.71, 217.26, 149.83)
(282.49, 220.89, 146.68)
(282.49, 220.89, 146.68)
(282.49, 220.89, 146.68)
(282.49, 220.89, 146.68)
(282.49, 220.89, 146.68)
(282.03, 206.40, 158.50)
(282.03, 206.40, 158.50)
(282.03, 206.40, 158.50)
(282.03, 206.40, 158.50)
(282.03, 206.40, 158.50)
(283.57, 221.30, 146.95)
(283.57, 221.30, 146.95)
(282.76, 220.00, 147.58)
(282.76, 220.00, 147.58)
(282.76, 220.00, 147.58)
(281.82, 212.41, 153.43)
(281.82, 212.41, 153.43)
(281.82, 212.41, 153.43)
(281.82, 212.41, 153.43)
(281.82, 212.41, 153.43)
(281.82, 212.41, 153.43)
(282.14, 216.60, 150.08)
(282.14, 216.60, 150.08)
(282.14, 216.60, 150.08)
(282.14, 216.60, 150.08)
(282.14, 216.60, 150.08)
(282.14, 216.60, 150.08)
(282.14, 216.60, 150.08)
(282.14, 216.60, 150.08)
(282.65, 213.26, 153.11)
(282.65, 213.26, 153.11)
(282.65, 213.26, 153.11)
(282.45, 217.49, 149.50)
(282.45, 217.49, 149.50)
(281.55, 213.41, 152.47)
(281.55, 213.41, 152.47)
(281.55, 213.41, 152.47)
(281.55, 213.41, 152.47)
(281.55, 213.41, 152.47)
(281.55, 213.41, 152.47)
(281.65, 208.04, 156.99)
(281.65, 208.04, 156.99)
(281.65, 208.04, 156.99)
(281.56, 211.69, 153.91)
(281.56, 211.69, 153.91)
(281.56, 211.69, 153.91)
(281.56, 211.69, 153.91)
(281.56, 211.69, 153.91)
(281.56, 211.69, 153.91)
(281.56, 211.69, 153.91)
(281.56, 211.69, 153.91)
(280.80, 217.94, 148.25)
(280.80, 217.94, 148.25)
(280.80, 217.94, 148.25)
(282.43, 224.98, 143.20)
(282.43, 224.98, 143.20)
(282.43, 224.98, 143.20)
(282.43, 224.98, 143.20)
(282.43, 224.98, 143.20)
(282.43, 224.98, 143.20)
(282.43, 224.98, 143.20)
(281.68, 221.95, 145.33)
(281.68, 221.95, 145.33)
(281.68, 221.95, 145.33)
(279.71, 215.86, 149.47)
(279.71, 215.86, 149.47)
(279.71, 215.86, 149.47)
(279.71, 215.86, 149.47)
(279.71, 215.86, 149.47)
(279.46, 209.37, 154.96)
(279.46, 209.37, 154.96)
(279.46, 209.37, 154.96)
(280.21, 231.19, 136.35)
(280.21, 231.19, 136.35)
(280.21, 231.19, 136.35)
(280.21, 231.19, 136.35)
(280.21, 231.19, 136.35)
(279.89, 217.92, 147.78)
(279.89, 217.92, 147.78)
(279.89, 217.92, 147.78)
(277.00, 226.20, 138.65)
(277.00, 226.20, 138.65)
(277.00, 226.20, 138.65)
(277.00, 226.20, 138.65)
(277.00, 226.20, 138.65)
(276.08, 225.16, 139.00)
(276.08, 225.16, 139.00)
(276.08, 225.16, 139.00)
(276.08, 225.16, 139.00)
(276.08, 225.16, 139.00)
(276.08, 225.16, 139.00)
(275.03, 227.28, 136.31)
(275.03, 227.28, 136.31)
(275.03, 227.28, 136.31)
(274.02, 224.00, 138.72)
(274.02, 224.00, 138.72)
(274.02, 224.00, 138.72)
(274.02, 224.00, 138.72)
(274.32, 206.18, 155.66)
(274.32, 206.18, 155.66)
(274.32, 206.18, 155.66)
(274.32, 206.18, 155.66)
(274.32, 206.18, 155.66)
(274.32, 206.18, 155.66)
(274.87, 217.97, 144.93)
(274.87, 217.97, 144.93)
(274.87, 217.97, 144.93)
(274.87, 217.97, 144.93)
(274.87, 217.97, 144.93)
(276.20, 217.11, 146.47)
(276.20, 217.11, 146.47)
(276.20, 217.11, 146.47)
(275.28, 198.76, 162.87)
(275.28, 198.76, 162.87)
(275.28, 198.76, 162.87)
(275.28, 198.76, 162.87)
(275.28, 198.76, 162.87)
(275.28, 198.76, 162.87)
(274.60, 200.37, 161.17)
(274.60, 200.37, 161.17)
(273.79, 227.36, 135.36)
(273.79, 227.36, 135.36)
(273.79, 227.36, 135.36)
(273.79, 227.36, 135.36)
(273.08, 217.92, 143.93)
(273.08, 217.92, 143.93)
(273.08, 217.92, 143.93)
(273.08, 217.92, 143.93)
(273.08, 217.92, 143.93)
(273.08, 217.92, 143.93)
(273.08, 217.92, 143.93)
(273.34, 189.91, 170.65)
(273.34, 189.91, 170.65)
(273.24, 188.68, 171.80)
(273.24, 188.68, 171.80)
(273.24, 188.68, 171.80)
(273.24, 188.68, 171.80)
(273.24, 188.68, 171.80)
(273.24, 188.68, 171.80)
(273.24, 188.68, 171.80)
(273.24, 188.68, 171.80)
(273.24, 188.68, 171.80)
(273.24, 188.68, 171.80)
(273.24, 188.68, 171.80)
(272.50, 180.25, 179.76)
(272.50, 180.25, 179.76)
(272.50, 180.25, 179.76)
(272.78, 173.18, 186.50)
(272.78, 173.18, 186.50)
(272.78, 173.18, 186.50)
(272.78, 173.18, 186.50)
(272.45, 180.94, 179.10)
(272.45, 180.94, 179.10)
(272.45, 180.94, 179.10)
(272.45, 180.94, 179.10)
(272.45, 180.94, 179.10)
(272.45, 180.94, 179.10)
(272.20, 170.46, 189.18)
(272.20, 170.46, 189.18)
(272.20, 170.46, 189.18)
(271.77, 181.73, 178.33)
(271.77, 181.73, 178.33)
(271.77, 181.73, 178.33)
(271.77, 181.73, 178.33)
(271.77, 181.73, 178.33)
(271.90, 174.77, 185.06)
(271.90, 174.77, 185.06)
(271.90, 174.77, 185.06)
(271.90, 174.77, 185.06)
(271.90, 174.77, 185.06)
(271.90, 174.77, 185.06)
(271.90, 174.77, 185.06)
(271.90, 174.77, 185.06)
(271.90, 174.77, 185.06)
(272.13, 154.68, 204.43)
(272.13, 154.68, 204.43)
(272.13, 154.68, 204.43)
(272.13, 154.68, 204.43)
(271.59, 209.57, 151.21)
(271.59, 209.57, 151.21)
(271.59, 209.57, 151.21)
(271.59, 209.57, 151.21)
(271.59, 209.57, 151.21)
(271.59, 209.57, 151.21)
(271.85, 184.80, 175.35)
(271.85, 184.80, 175.35)
(271.85, 184.80, 175.35)
(272.17, 188.83, 171.50)
(272.17, 188.83, 171.50)
(272.17, 188.83, 171.50)
(272.17, 188.83, 171.50)
(272.21, 207.11, 153.89)
(272.21, 207.11, 153.89)
(272.21, 207.11, 153.89)
(272.21, 207.11, 153.89)
(272.21, 207.11, 153.89)
(272.21, 207.11, 153.89)
(271.75, 177.08, 182.83)
(271.75, 177.08, 182.83)
(271.75, 177.08, 182.83)
(271.75, 177.08, 182.83)
(271.75, 177.08, 182.83)
(271.75, 177.08, 182.83)
(271.46, 199.60, 160.88)
(271.46, 199.60, 160.88)
(271.82, 169.40, 190.28)
(271.82, 169.40, 190.28)
(271.82, 169.40, 190.28)
(271.82, 169.40, 190.28)
(271.82, 169.40, 190.28)
(272.04, 170.11, 189.54)
(272.04, 170.11, 189.54)
(272.04, 170.11, 189.54)
(272.04, 170.11, 189.54)
(272.04, 170.11, 189.54)
(272.04, 170.11, 189.54)
(271.70, 186.23, 173.95)
(271.70, 186.23, 173.95)
(271.70, 186.23, 173.95)
(271.70, 186.23, 173.95)
(271.70, 186.23, 173.95)
(271.74, 189.06, 171.21)
(271.74, 189.06, 171.21)
(271.74, 189.06, 171.21)
(271.74, 189.06, 171.21)
(271.74, 189.06, 171.21)
(271.74, 189.06, 171.21)
(271.89, 177.27, 182.65)
(271.89, 177.27, 182.65)
(271.89, 177.27, 182.65)
(271.89, 177.27, 182.65)
(271.89, 177.27, 182.65)
(272.07, 176.68, 183.21)
(272.07, 176.68, 183.21)
(272.07, 176.68, 183.21)
(272.07, 176.68, 183.21)
(272.02, 170.45, 189.22)
(272.02, 170.45, 189.22)
(272.02, 170.45, 189.22)
(272.02, 170.45, 189.22)
(272.02, 170.45, 189.22)
(272.02, 170.45, 189.22)
(272.02, 170.45, 189.22)
(272.02, 170.45, 189.22)
(271.94, 177.77, 182.16)
(271.94, 177.77, 182.16)
(271.94, 177.77, 182.16)
(271.94, 177.77, 182.16)
(271.77, 195.37, 165.09)
(271.77, 195.37, 165.09)
(271.77, 195.37, 165.09)
(272.44, 166.28, 193.15)
(272.44, 166.28, 193.15)
(272.44, 166.28, 193.15)
(272.44, 166.28, 193.15)
(272.44, 166.28, 193.15)
(272.44, 166.28, 193.15)
(272.44, 166.28, 193.15)
(272.44, 166.28, 193.15)
(272.44, 166.28, 193.15)
(272.44, 166.28, 193.15)
(272.50, 196.18, 164.51)
(272.50, 196.18, 164.51)
(272.60, 211.94, 149.41)
(272.60, 211.94, 149.41)
(272.60, 211.94, 149.41)
(272.60, 211.94, 149.41)
(272.60, 211.94, 149.41)
(272.60, 211.94, 149.41)
(272.60, 217.78, 143.79)
(272.60, 217.78, 143.79)
(272.60, 217.78, 143.79)
(272.60, 217.78, 143.79)
(272.60, 217.78, 143.79)
(272.85, 177.83, 182.06)
(272.85, 177.83, 182.06)
(272.85, 177.83, 182.06)
(272.89, 181.12, 178.94)
(272.89, 181.12, 178.94)
(272.89, 181.12, 178.94)
(272.89, 181.12, 178.94)
(272.89, 181.12, 178.94)
(272.89, 181.12, 178.94)
(272.24, 213.62, 147.60)
(272.24, 213.62, 147.60)
(272.24, 213.62, 147.60)
(272.24, 213.62, 147.60)
(272.24, 213.62, 147.60)
(272.24, 213.62, 147.60)
(272.24, 213.62, 147.60)
(272.31, 211.63, 149.56)
(272.31, 211.63, 149.56)
(272.31, 211.63, 149.56)
(272.31, 211.63, 149.56)
(272.31, 211.63, 149.56)
(272.31, 211.63, 149.56)
(272.78, 203.33, 157.75)
(272.78, 203.33, 157.75)
(272.78, 203.33, 157.75)
(272.78, 203.33, 157.75)
(272.78, 203.33, 157.75)
(272.78, 203.33, 157.75)
(272.78, 203.33, 157.75)
(272.78, 203.33, 157.75)
(272.24, 208.28, 152.76)
(272.24, 208.28, 152.76)
(272.24, 208.28, 152.76)
(272.24, 208.28, 152.76)
(272.24, 208.28, 152.76)
(272.24, 208.28, 152.76)
(272.24, 208.28, 152.76)
(272.24, 208.28, 152.76)
(272.55, 210.14, 151.12)
(272.55, 210.14, 151.12)
(272.55, 210.14, 151.12)
(272.55, 210.14, 151.12)
(272.55, 210.14, 151.12)
(272.86, 219.34, 142.44)
(272.86, 219.34, 142.44)
(273.91, 245.01, 118.48)
(273.91, 245.01, 118.48)
(273.91, 245.01, 118.48)
(273.06, 221.36, 140.62)
(273.06, 221.36, 140.62)
(273.06, 221.36, 140.62)
(273.06, 221.36, 140.62)
(273.06, 221.36, 140.62)
(273.06, 221.36, 140.62)
(273.06, 221.36, 140.62)
(273.06, 221.36, 140.62)
(273.06, 221.36, 140.62)
(273.06, 221.36, 140.62)
(273.06, 221.36, 140.62)
(273.64, 219.73, 142.54)
(273.64, 219.73, 142.54)
(273.64, 219.73, 142.54)
(273.50, 246.83, 116.35)
(273.50, 246.83, 116.35)
(273.50, 246.83, 116.35)
(273.50, 246.83, 116.35)
(273.50, 246.83, 116.35)
(272.82, 243.59, 118.91)
(272.82, 243.59, 118.91)
(272.82, 243.59, 118.91)
(272.82, 243.59, 118.91)
(272.82, 243.59, 118.91)
(273.22, 234.13, 128.44)
(273.22, 234.13, 128.44)
(273.22, 234.13, 128.44)
(273.54, 240.52, 122.51)
(273.54, 240.52, 122.51)
(273.54, 240.52, 122.51)
(273.54, 240.52, 122.51)
(273.54, 240.52, 122.51)
(273.54, 240.52, 122.51)
(273.54, 240.52, 122.51)
(273.54, 240.52, 122.51)
(273.96, 236.16, 127.06)
(273.96, 236.16, 127.06)
(273.96, 236.16, 127.06)
(274.46, 239.98, 123.81)
(274.46, 239.98, 123.81)
(274.46, 239.98, 123.81)
(274.46, 239.98, 123.81)
(274.46, 239.98, 123.81)
(273.74, 200.27, 160.99)
(273.74, 200.27, 160.99)
(273.95, 210.14, 151.79)
(273.95, 210.14, 151.79)
(273.95, 210.14, 151.79)
(273.95, 210.14, 151.79)
(273.95, 210.14, 151.79)
(274.56, 224.22, 138.88)
(276.27, 230.76, 133.93)
(276.27, 230.76, 133.93)
(276.27, 230.76, 133.93)
(276.27, 230.76, 133.93)
(276.27, 230.76, 133.93)
(276.27, 230.76, 133.93)
(276.27, 230.76, 133.93)
(276.79, 243.46, 122.46)
(276.79, 243.46, 122.46)
(276.79, 243.46, 122.46)
(275.47, 234.48, 129.86)
(275.47, 234.48, 129.86)
(275.47, 234.48, 129.86)
(273.62, 172.04, 187.47)
(273.62, 172.04, 187.47)
(273.62, 172.04, 187.47)
(273.62, 172.04, 187.47)
(273.48, 190.63, 169.99)
(273.48, 190.63, 169.99)
(273.48, 190.63, 169.99)
(273.48, 190.63, 169.99)
(273.48, 190.63, 169.99)
(273.48, 190.63, 169.99)
(274.11, 214.29, 147.96)
(274.11, 214.29, 147.96)
(274.11, 214.29, 147.96)
(274.11, 214.29, 147.96)
(274.53, 246.80, 117.31)
(274.53, 246.80, 117.31)
(274.36, 243.04, 120.78)
(274.36, 243.04, 120.78)
(274.36, 243.04, 120.78)
(274.36, 243.04, 120.78)
(274.36, 243.04, 120.78)
(274.36, 243.04, 120.78)
(274.36, 243.04, 120.78)
(274.36, 243.04, 120.78)
(274.11, 226.42, 136.49)
(274.11, 226.42, 136.49)
(273.83, 215.54, 146.62)
(273.83, 215.54, 146.62)
(273.83, 215.54, 146.62)
(273.53, 211.28, 150.51)
(273.53, 211.28, 150.51)
(273.53, 211.28, 150.51)
(273.53, 211.28, 150.51)
(273.53, 211.28, 150.51)
(273.53, 211.28, 150.51)
(273.20, 223.59, 138.58)
(273.20, 223.59, 138.58)
(273.20, 223.59, 138.58)
(273.20, 223.59, 138.58)
(274.40, 245.53, 118.41)
(274.40, 245.53, 118.41)
(274.40, 245.53, 118.41)
(274.40, 245.53, 118.41)
(274.40, 245.53, 118.41)
(274.40, 245.53, 118.41)
(274.40, 245.53, 118.41)
(275.05, 235.34, 128.72)
(275.05, 235.34, 128.72)
(275.05, 235.34, 128.72)
(274.77, 240.27, 123.79)
(274.77, 240.27, 123.79)
(274.77, 240.27, 123.79)
(274.77, 240.27, 123.79)
(274.77, 240.27, 123.79)
(274.77, 240.27, 123.79)
(274.77, 240.27, 123.79)
(274.25, 220.86, 141.85)
(274.25, 220.86, 141.85)
(274.25, 220.86, 141.85)
(274.64, 230.87, 132.63)
(274.64, 230.87, 132.63)
(274.82, 226.74, 136.67)
(274.82, 226.74, 136.67)
(274.82, 226.74, 136.67)
(274.82, 226.74, 136.67)
(275.99, 233.39, 131.27)
(275.99, 233.39, 131.27)
(275.09, 221.69, 141.59)
(275.09, 221.69, 141.59)
(275.09, 221.69, 141.59)
(275.09, 221.69, 141.59)
(275.09, 221.69, 141.59)
(275.09, 221.69, 141.59)
(275.09, 221.69, 141.59)
(275.09, 221.69, 141.59)
(274.93, 223.55, 139.74)
(274.93, 223.55, 139.74)
(274.45, 219.56, 143.19)
(274.45, 219.56, 143.19)
(274.45, 219.56, 143.19)
(274.45, 219.56, 143.19)
(274.67, 221.98, 141.05)
(274.67, 221.98, 141.05)
(274.67, 221.98, 141.05)
(275.10, 222.60, 140.74)
(275.10, 222.60, 140.74)
(275.10, 222.60, 140.74)
(275.10, 222.60, 140.74)
(275.45, 231.99, 132.19)
(275.45, 231.99, 132.19)
(275.45, 231.99, 132.19)
(275.45, 231.99, 132.19)
(275.45, 231.99, 132.19)
(275.45, 231.99, 132.19)
(275.55, 233.80, 130.56)
(275.55, 233.80, 130.56)
(275.55, 233.80, 130.56)
(275.55, 233.80, 130.56)
(275.23, 227.01, 136.70)
(275.23, 227.01, 136.70)
(275.23, 227.01, 136.70)
(275.23, 227.01, 136.70)
(274.71, 219.41, 143.49)
(274.71, 219.41, 143.49)
(274.71, 219.41, 143.49)
(274.71, 219.41, 143.49)
(274.71, 219.41, 143.49)
(275.37, 221.32, 142.11)
(275.37, 221.32, 142.11)
(275.37, 221.32, 142.11)
(275.37, 221.32, 142.11)
(275.09, 215.08, 147.74)
(275.09, 215.08, 147.74)
(275.09, 215.08, 147.74)
(275.09, 215.08, 147.74)
(274.50, 224.36, 138.70)
(274.50, 224.36, 138.70)
(274.50, 224.36, 138.70)
(274.50, 224.36, 138.70)
(275.42, 225.04, 138.67)
(275.42, 225.04, 138.67)
(275.42, 225.04, 138.67)
(275.42, 225.04, 138.67)
(275.42, 225.04, 138.67)
(276.25, 226.92, 137.49)
(276.25, 226.92, 137.49)
(276.25, 226.92, 137.49)
(276.25, 226.92, 137.49)
(276.25, 226.92, 137.49)
(276.25, 226.92, 137.49)
(276.25, 226.92, 137.49)
(276.25, 226.92, 137.49)
(276.25, 226.92, 137.49)
(276.17, 243.50, 121.89)
(276.17, 243.50, 121.89)
(276.17, 243.50, 121.89)
(276.17, 243.50, 121.89)
(275.67, 224.30, 139.53)
(275.67, 224.30, 139.53)
(275.64, 231.28, 132.99)
(275.64, 231.28, 132.99)
(275.64, 231.28, 132.99)
(275.64, 231.28, 132.99)
(275.64, 231.28, 132.99)
(274.80, 217.45, 145.38)
(274.80, 217.45, 145.38)
(274.80, 217.45, 145.38)
(274.15, 218.07, 144.42)
(274.15, 218.07, 144.42)
(274.15, 218.07, 144.42)
(274.15, 218.07, 144.42)
(274.15, 218.07, 144.42)
(274.15, 218.07, 144.42)
(274.15, 218.07, 144.42)
(274.22, 217.84, 144.68)
(274.22, 217.84, 144.68)
(274.22, 217.84, 144.68)
(274.22, 217.84, 144.68)
(274.22, 217.84, 144.68)
(274.22, 217.84, 144.68)
(275.03, 225.37, 138.10)
(275.03, 225.37, 138.10)
(275.03, 225.37, 138.10)
(275.58, 224.28, 139.48)
(275.58, 224.28, 139.48)
(275.58, 224.28, 139.48)
(275.58, 224.28, 139.48)
(275.58, 224.28, 139.48)
(275.72, 229.78, 134.45)
(275.72, 229.78, 134.45)
(275.21, 225.76, 137.86)
(275.21, 225.76, 137.86)
(275.21, 225.76, 137.86)
(275.21, 225.76, 137.86)
(275.21, 225.76, 137.86)
(275.20, 233.31, 130.75)
(275.20, 233.31, 130.75)
(275.20, 233.31, 130.75)
(275.20, 233.31, 130.75)
(274.72, 224.22, 138.97)
(274.72, 224.22, 138.97)
(274.72, 224.22, 138.97)
(274.72, 224.22, 138.97)
(274.72, 224.22, 138.97)
(274.72, 224.22, 138.97)
(274.72, 224.22, 138.97)
(274.72, 224.22, 138.97)
(274.86, 211.19, 151.24)
(274.86, 211.19, 151.24)
(274.86, 211.19, 151.24)
(274.86, 211.19, 151.24)
(274.86, 211.19, 151.24)
(274.86, 211.19, 151.24)
(276.15, 238.33, 126.76)
(276.15, 238.33, 126.76)
(276.15, 238.33, 126.76)
(274.51, 239.56, 124.25)
(274.51, 239.56, 124.25)
(274.51, 239.56, 124.25)
(274.51, 239.56, 124.25)
(274.51, 239.56, 124.25)
(274.12, 213.41, 148.79)
(274.12, 213.41, 148.79)
(274.12, 213.41, 148.79)
(274.12, 213.41, 148.79)
(274.12, 213.41, 148.79)
(274.12, 213.41, 148.79)
(274.12, 213.41, 148.79)
(274.12, 213.41, 148.79)
(276.72, 232.91, 132.26)
(276.72, 232.91, 132.26)
(276.72, 232.91, 132.26)
(276.72, 232.91, 132.26)
(276.72, 232.91, 132.26)
(276.72, 232.91, 132.26)
(276.72, 232.91, 132.26)
(276.72, 232.91, 132.26)
(277.62, 250.30, 116.72)
(277.62, 250.30, 116.72)
(277.62, 250.30, 116.72)
(280.77, 212.39, 152.97)
(280.77, 212.39, 152.97)
(280.77, 212.39, 152.97)
(280.77, 212.39, 152.97)
(284.16, 207.24, 158.62)
(284.16, 207.24, 158.62)
(284.16, 207.24, 158.62)
(290.77, 205.28, 162.40)
(290.77, 205.28, 162.40)
(290.77, 205.28, 162.40)
(290.77, 205.28, 162.40)
(290.77, 205.28, 162.40)
(290.77, 205.28, 162.40)
(293.60, 200.44, 166.54)
(293.60, 200.44, 166.54)
(293.60, 200.44, 166.54)
(293.60, 200.44, 166.54)
(293.60, 200.44, 166.54)
(293.60, 200.44, 166.54)
(304.34, 198.91, 169.95)
(304.34, 198.91, 169.95)
(309.35, 192.78, 173.93)
(309.35, 192.78, 173.93)
(309.35, 192.78, 173.93)
(309.35, 192.78, 173.93)
(309.35, 192.78, 173.93)
(311.99, 194.96, 173.30)
(311.99, 194.96, 173.30)
(311.99, 194.96, 173.30)
(311.99, 194.96, 173.30)
(311.99, 194.96, 173.30)
(319.22, 185.26, 178.04)
(319.22, 185.26, 178.04)
(319.22, 185.26, 178.04)
(320.40, 198.14, 173.42)
(320.40, 198.14, 173.42)
(320.40, 198.14, 173.42)
(320.40, 198.14, 173.42)
(320.40, 198.14, 173.42)
(320.40, 198.14, 173.42)
(318.63, 203.74, 170.92)
(318.63, 203.74, 170.92)
(318.63, 203.74, 170.92)
(318.63, 203.74, 170.92)
(318.63, 203.74, 170.92)
(318.63, 203.74, 170.92)
(318.63, 203.74, 170.92)
(318.63, 203.74, 170.92)
(319.43, 189.49, 176.49)
(319.43, 189.49, 176.49)
(319.43, 189.49, 176.49)
(319.43, 189.49, 176.49)
(319.43, 189.49, 176.49)
(324.82, 196.71, 174.67)
(324.82, 196.71, 174.67)
(324.82, 196.71, 174.67)
(326.16, 201.75, 173.31)
(326.16, 201.75, 173.31)
(326.16, 201.75, 173.31)
(326.16, 201.75, 173.31)
(326.16, 201.75, 173.31)
(326.16, 201.75, 173.31)
(326.16, 201.75, 173.31)
(324.78, 200.78, 173.34)
(324.78, 200.78, 173.34)
(324.78, 200.78, 173.34)
(324.78, 200.78, 173.34)
(324.78, 200.78, 173.34)
(324.78, 200.78, 173.34)
(328.21, 197.74, 174.91)
(328.21, 197.74, 174.91)
(328.21, 197.74, 174.91)
(336.28, 209.02, 173.78)
(336.28, 209.02, 173.78)
(336.28, 209.02, 173.78)
(336.28, 209.02, 173.78)
(336.28, 209.02, 173.78)
(331.92, 211.81, 171.85)
(331.92, 211.81, 171.85)
(331.92, 211.81, 171.85)
(335.97, 187.85, 178.33)
(335.97, 187.85, 178.33)
(335.97, 187.85, 178.33)
(335.97, 187.85, 178.33)
(335.97, 187.85, 178.33)
(342.45, 189.26, 178.57)
(342.45, 189.26, 178.57)
(342.45, 189.26, 178.57)
(342.45, 189.26, 178.57)
(342.45, 189.26, 178.57)
(343.99, 206.95, 176.14)
(343.99, 206.95, 176.14)
(343.99, 206.95, 176.14)
(345.80, 223.23, 174.35)
(345.80, 223.23, 174.35)
(345.80, 223.23, 174.35)
(345.80, 223.23, 174.35)
(345.80, 223.23, 174.35)
(345.80, 223.23, 174.35)
(347.82, 232.18, 174.02)
(347.82, 232.18, 174.02)
(347.82, 232.18, 174.02)
(347.82, 232.18, 174.02)
(347.82, 232.18, 174.02)
(347.82, 232.18, 174.02)
(347.82, 232.18, 174.02)
(347.82, 232.18, 174.02)
(358.08, 293.09, 177.09)
(358.08, 293.09, 177.09)
(358.08, 293.09, 177.09)
(358.08, 293.09, 177.09)
(358.08, 293.09, 177.09)
(5.23, 171.66, 179.62)
(5.23, 171.66, 179.62)
(5.23, 171.66, 179.62)
(5.23, 171.66, 179.62)
(5.23, 171.66, 179.62)
(16.88, 171.20, 178.69)
(16.88, 171.20, 178.69)
(16.88, 171.20, 178.69)
(16.88, 171.20, 178.69)
(16.88, 171.20, 178.69)
(16.88, 171.20, 178.69)
(21.59, 164.13, 176.95)
(21.59, 164.13, 176.95)
(21.59, 164.13, 176.95)
(25.46, 152.45, 173.66)
(25.46, 152.45, 173.66)
(25.46, 152.45, 173.66)
(25.46, 152.45, 173.66)
(30.72, 152.98, 172.45)
(30.72, 152.98, 172.45)
(30.72, 152.98, 172.45)
(30.72, 152.98, 172.45)
(30.72, 152.98, 172.45)
(30.72, 152.98, 172.45)
(30.72, 152.98, 172.45)
(28.61, 137.04, 168.54)
(27.53, 136.64, 168.88)
(27.53, 136.64, 168.88)
(27.53, 136.64, 168.88)
(27.53, 136.64, 168.88)
(27.53, 136.64, 168.88)
(27.53, 136.64, 168.88)
(27.53, 136.64, 168.88)
(27.53, 136.64, 168.88)
(27.53, 136.64, 168.88)
(32.21, 142.52, 168.81)
(32.21, 142.52, 168.81)
(32.21, 142.52, 168.81)
(35.01, 144.14, 168.35)
(35.01, 144.14, 168.35)
(35.01, 144.14, 168.35)
(35.01, 144.14, 168.35)
(35.01, 144.14, 168.35)
(35.01, 144.14, 168.35)
(35.01, 144.14, 168.35)
(34.85, 155.98, 172.36)
(34.85, 155.98, 172.36)
(34.85, 155.98, 172.36)
(34.85, 155.98, 172.36)
(34.85, 155.98, 172.36)
(34.85, 155.98, 172.36)
(34.85, 155.98, 172.36)
(36.60, 158.18, 172.71)
(33.92, 156.98, 172.89)
(33.92, 156.98, 172.89)
(33.92, 156.98, 172.89)
(33.92, 156.98, 172.89)
(33.92, 156.98, 172.89)
(33.92, 156.98, 172.89)
(33.92, 156.98, 172.89)
(33.92, 156.98, 172.89)
(33.92, 156.98, 172.89)
(39.04, 163.31, 174.05)
(39.04, 163.31, 174.05)
(39.04, 163.31, 174.05)
(45.39, 159.93, 171.53)
(45.39, 159.93, 171.53)
(45.39, 159.93, 171.53)
(45.39, 159.93, 171.53)
(45.39, 159.93, 171.53)
(41.26, 143.82, 165.98)
(41.26, 143.82, 165.98)
(41.26, 143.82, 165.98)
(41.26, 143.82, 165.98)
(41.26, 143.82, 165.98)
(41.26, 143.82, 165.98)
(41.26, 143.82, 165.98)
(41.26, 143.82, 165.98)
(41.26, 143.82, 165.98)
(39.08, 140.09, 165.32)
(42.64, 164.75, 174.02)
(42.64, 164.75, 174.02)
(42.64, 164.75, 174.02)
(42.64, 164.75, 174.02)
(42.64, 164.75, 174.02)
(42.64, 164.75, 174.02)
(45.73, 156.31, 169.89)
(45.73, 156.31, 169.89)
(45.73, 156.31, 169.89)
(45.73, 156.31, 169.89)
(45.73, 156.31, 169.89)
(45.73, 156.31, 169.89)
(43.70, 152.44, 168.77)
(43.70, 152.44, 168.77)
(43.70, 152.44, 168.77)
(43.70, 152.44, 168.77)
(43.70, 152.44, 168.77)
(42.16, 153.91, 169.80)
(42.16, 153.91, 169.80)
(44.53, 149.11, 167.09)
(44.53, 149.11, 167.09)
(44.53, 149.11, 167.09)
(44.53, 149.11, 167.09)
(44.53, 149.11, 167.09)
(44.53, 149.11, 167.09)
(43.23, 151.57, 168.54)
(43.23, 151.57, 168.54)
(43.23, 151.57, 168.54)
(43.23, 151.57, 168.54)
(43.23, 151.57, 168.54)
(42.88, 152.66, 169.09)
(42.88, 152.66, 169.09)
(42.88, 152.66, 169.09)
(42.88, 152.66, 169.09)
(42.88, 152.66, 169.09)
(42.88, 152.66, 169.09)
(46.02, 149.48, 166.78)
(46.02, 149.48, 166.78)
(43.75, 151.99, 168.56)
(43.75, 151.99, 168.56)
(43.75, 151.99, 168.56)
(41.26, 156.96, 171.22)
(41.26, 156.96, 171.22)
(41.26, 156.96, 171.22)
(41.26, 156.96, 171.22)
(41.26, 156.96, 171.22)
(41.26, 156.96, 171.22)
(41.26, 156.96, 171.22)
(41.26, 156.96, 171.22)
(41.92, 157.48, 171.28)
(41.92, 157.48, 171.28)
(41.92, 157.48, 171.28)
(41.92, 157.48, 171.28)
(41.92, 157.48, 171.28)
(41.92, 157.48, 171.28)
(41.92, 157.48, 171.28)
(41.92, 157.48, 171.28)
(41.92, 157.48, 171.28)
(44.18, 153.13, 168.92)
(44.18, 153.13, 168.92)
(44.18, 153.13, 168.92)
(44.96, 146.89, 165.97)
(44.96, 146.89, 165.97)
(44.96, 146.89, 165.97)
(44.96, 146.89, 165.97)
(44.09, 154.52, 169.54)
(44.09, 154.52, 169.54)
(44.09, 154.52, 169.54)
(44.09, 154.52, 169.54)
(44.09, 154.52, 169.54)
(45.19, 159.29, 171.30)
(45.19, 159.29, 171.30)
(45.19, 159.29, 171.30)
(45.19, 159.29, 171.30)
(45.19, 159.29, 171.30)
(45.32, 163.15, 172.92)
(45.32, 163.15, 172.92)
(45.32, 163.15, 172.92)
(44.86, 156.55, 170.21)
(44.86, 156.55, 170.21)
(44.86, 156.55, 170.21)
(44.86, 156.55, 170.21)
(44.86, 156.55, 170.21)
(44.86, 156.55, 170.21)
(44.86, 156.55, 170.21)
(44.00, 150.85, 168.01)
(44.00, 150.85, 168.01)
(44.00, 150.85, 168.01)
(43.33, 144.94, 165.70)
(43.33, 144.94, 165.70)
(43.33, 144.94, 165.70)
(43.33, 144.94, 165.70)
(43.33, 144.94, 165.70)
(43.33, 144.94, 165.70)
(43.34, 146.87, 166.52)
(43.34, 146.87, 166.52)
(42.51, 155.81, 170.47)
(42.51, 155.81, 170.47)
(42.51, 155.81, 170.47)
(42.51, 155.81, 170.47)
(42.51, 155.81, 170.47)
(42.51, 155.81, 170.47)
(43.40, 155.13, 169.97)
(43.40, 155.13, 169.97)
(43.40, 155.13, 169.97)
(44.55, 154.69, 169.49)
(44.55, 154.69, 169.49)
(44.55, 154.69, 169.49)
(44.55, 154.69, 169.49)
(44.55, 154.69, 169.49)
(44.55, 154.69, 169.49)
(44.55, 154.69, 169.49)
(44.55, 154.69, 169.49)
(44.55, 154.69, 169.49)
(44.55, 154.69, 169.49)
(44.24, 154.33, 169.42)
(44.24, 154.33, 169.42)
(44.24, 154.33, 169.42)
(42.62, 155.45, 170.30)
(42.62, 155.45, 170.30)
(42.62, 155.45, 170.30)
(43.88, 151.53, 168.33)
(43.88, 151.53, 168.33)
(43.71, 150.24, 167.83)
(43.71, 150.24, 167.83)
(43.71, 150.24, 167.83)
(43.71, 150.24, 167.83)
(43.71, 150.24, 167.83)
(43.71, 150.24, 167.83)
(43.71, 150.24, 167.83)
(43.71, 150.24, 167.83)
(42.84, 156.54, 170.69)
(42.84, 156.54, 170.69)
(42.84, 156.54, 170.69)
(42.69, 156.06, 170.53)
(42.69, 156.06, 170.53)
(43.70, 152.64, 168.85)
(43.70, 152.64, 168.85)
(43.70, 152.64, 168.85)
(43.70, 152.64, 168.85)
(43.70, 152.64, 168.85)
(44.66, 155.21, 169.69)
(44.66, 155.21, 169.69)
(44.66, 155.21, 169.69)
(44.66, 155.21, 169.69)
(44.66, 155.21, 169.69)
(44.66, 155.21, 169.69)
(43.49, 154.18, 169.55)
(43.49, 154.18, 169.55)
(42.80, 152.80, 169.17)
(42.80, 152.80, 169.17)
(42.80, 152.80, 169.17)
(42.80, 152.80, 169.17)
(42.80, 152.80, 169.17)
(42.80, 152.80, 169.17)
(42.80, 152.80, 169.17)
(42.80, 152.80, 169.17)
(42.80, 152.80, 169.17)
(42.80, 152.80, 169.17)
(42.80, 152.80, 169.17)
(42.70, 154.70, 169.97)
(42.70, 154.70, 169.97)
(42.70, 154.70, 169.97)
(42.70, 154.70, 169.97)
(42.70, 154.70, 169.97)
(42.70, 154.70, 169.97)
(42.70, 154.70, 169.97)
(42.70, 154.70, 169.97)
(42.22, 153.23, 169.50)
(42.22, 153.23, 169.50)
(42.22, 153.23, 169.50)
(42.22, 153.23, 169.50)
(42.22, 153.23, 169.50)
(42.22, 153.23, 169.50)
(42.08, 153.92, 169.82)
(42.08, 153.92, 169.82)
(42.08, 153.92, 169.82)
(42.08, 153.92, 169.82)
(42.08, 153.92, 169.82)
(43.10, 152.23, 168.85)
(43.10, 152.23, 168.85)
(43.10, 152.23, 168.85)
(43.10, 152.23, 168.85)
(43.10, 152.23, 168.85)
(43.10, 152.23, 168.85)
(41.85, 148.19, 167.56)
(41.85, 148.19, 167.56)
(41.85, 148.19, 167.56)
(41.85, 148.19, 167.56)
(41.85, 148.19, 167.56)
(41.77, 152.91, 169.50)
(41.77, 152.91, 169.50)
(44.03, 156.32, 170.31)
(44.03, 156.32, 170.31)
(43.42, 158.15, 171.21)
(43.42, 158.15, 171.21)
(43.42, 158.15, 171.21)
(43.42, 158.15, 171.21)
(43.42, 158.15, 171.21)
(43.42, 158.15, 171.21)
(42.74, 158.96, 171.69)
(42.74, 158.96, 171.69)
(42.74, 158.96, 171.69)
(42.74, 158.96, 171.69)
(42.74, 158.96, 171.69)
(43.47, 149.62, 167.65)
(43.47, 149.62, 167.65)
(43.47, 149.62, 167.65)
(43.47, 149.62, 167.65)
(43.47, 149.62, 167.65)
(43.47, 149.62, 167.65)
(43.06, 150.64, 168.20)
(43.06, 150.64, 168.20)
(43.06, 150.64, 168.20)
(42.06, 149.32, 167.96)
(42.06, 149.32, 167.96)
(42.06, 149.32, 167.96)
(42.06, 149.32, 167.96)
(42.06, 149.32, 167.96)
(41.47, 151.82, 169.14)
(41.59, 155.21, 170.46)
(41.59, 155.21, 170.46)
(41.59, 155.21, 170.46)
(41.59, 155.21, 170.46)
(41.59, 155.21, 170.46)
(41.59, 155.21, 170.46)
(41.59, 155.21, 170.46)
(42.36, 155.85, 170.52)
(42.36, 155.85, 170.52)
(42.36, 155.85, 170.52)
(42.36, 155.85, 170.52)
(42.36, 155.85, 170.52)
(42.76, 157.98, 171.29)
(42.76, 157.98, 171.29)
(42.76, 157.98, 171.29)
(41.40, 151.13, 168.89)
(41.40, 151.13, 168.89)
(41.40, 151.13, 168.89)
(41.40, 151.13, 168.89)
(41.40, 151.13, 168.89)
(41.40, 151.13, 168.89)
(42.86, 150.04, 168.01)
(42.86, 150.04, 168.01)
(42.86, 150.04, 168.01)
(42.86, 150.04, 168.01)
(42.86, 150.04, 168.01)
(43.40, 152.58, 168.91)
(43.40, 152.58, 168.91)
(43.40, 152.58, 168.91)
(43.40, 152.58, 168.91)
(43.40, 152.58, 168.91)
(43.07, 153.67, 169.45)
(43.07, 153.67, 169.45)
(43.07, 153.67, 169.45)
(42.47, 154.31, 169.87)
(42.47, 154.31, 169.87)
(42.47, 154.31, 169.87)
(42.47, 154.31, 169.87)
(42.47, 154.31, 169.87)
(42.38, 155.89, 170.53)
(42.38, 155.89, 170.53)
(42.38, 155.89, 170.53)
(42.38, 155.89, 170.53)
(42.38, 155.89, 170.53)
(42.38, 155.89, 170.53)
(42.40, 155.40, 170.33)
(42.40, 155.40, 170.33)
(42.40, 155.40, 170.33)
(42.40, 155.40, 170.33)
(42.40, 155.40, 170.33)
(41.99, 152.67, 169.34)
(41.99, 152.67, 169.34)
(41.99, 152.67, 169.34)
(41.62, 151.74, 169.07)
(41.62, 151.74, 169.07)
(41.62, 151.74, 169.07)
(41.62, 151.74, 169.07)
(41.62, 151.74, 169.07)
(41.62, 151.74, 169.07)
(42.54, 153.81, 169.65)
(42.54, 153.81, 169.65)
(41.04, 147.61, 167.59)
(41.04, 147.61, 167.59)
(41.04, 147.61, 167.59)
(41.04, 147.61, 167.59)
(41.04, 147.61, 167.59)
(40.71, 154.05, 170.23)
(40.71, 154.05, 170.23)
(40.71, 154.05, 170.23)
(40.71, 154.05, 170.23)
(40.71, 154.05, 170.23)
(40.71, 154.05, 170.23)
(41.74, 160.41, 172.47)
(41.74, 160.41, 172.47)
(41.74, 160.41, 172.47)
(43.58, 156.18, 170.36)
(43.58, 156.18, 170.36)
(43.58, 156.18, 170.36)
(43.58, 156.18, 170.36)
(43.58, 156.18, 170.36)
(42.71, 153.78, 169.59)
(42.71, 153.78, 169.59)
(42.71, 153.78, 169.59)
(42.71, 153.78, 169.59)
(42.71, 153.78, 169.59)
(42.82, 155.18, 170.14)
(42.82, 155.18, 170.14)
(42.82, 155.18, 170.14)
(43.73, 155.78, 170.16)
(43.73, 155.78, 170.16)
(43.73, 155.78, 170.16)
(43.73, 155.78, 170.16)
(43.73, 155.78, 170.16)
(43.74, 155.58, 170.07)
(43.74, 155.58, 170.07)
(43.74, 155.58, 170.07)
(43.74, 155.58, 170.07)
(43.74, 155.58, 170.07)
(43.74, 155.58, 170.07)
(44.05, 153.60, 169.16)
(44.05, 153.60, 169.16)
(44.05, 153.60, 169.16)
(44.05, 153.60, 169.16)
(44.05, 153.60, 169.16)
(44.45, 152.36, 168.52)
(44.45, 152.36, 168.52)
(44.45, 152.36, 168.52)
(44.45, 152.36, 168.52)
(44.45, 152.36, 168.52)
(43.02, 154.01, 169.61)
(43.02, 154.01, 169.61)
(43.02, 154.01, 169.61)
(43.53, 158.32, 171.26)
(43.53, 158.32, 171.26)
(43.53, 158.32, 171.26)
(43.53, 158.32, 171.26)
(43.53, 158.32, 171.26)
(45.12, 161.22, 172.14)
(45.12, 161.22, 172.14)
(45.12, 161.22, 172.14)
(45.12, 161.22, 172.14)
(45.12, 161.22, 172.14)
(45.12, 161.22, 172.14)
(44.30, 158.98, 171.36)
(44.30, 158.98, 171.36)
(44.30, 158.98, 171.36)
(40.36, 155.85, 171.01)
(40.36, 155.85, 171.01)
(40.36, 155.85, 171.01)
(40.36, 155.85, 171.01)
(40.36, 155.85, 171.01)
(36.62, 163.88, 174.64)
(36.62, 163.88, 174.64)
(36.62, 163.88, 174.64)
(36.62, 163.88, 174.64)
(36.62, 163.88, 174.64)
(38.25, 167.94, 175.80)
(38.25, 167.94, 175.80)
(35.56, 168.72, 176.37)
(35.56, 168.72, 176.37)
(35.56, 168.72, 176.37)
(35.56, 168.72, 176.37)
(35.56, 168.72, 176.37)
(35.56, 168.72, 176.37)
(35.99, 178.37, 179.47)
(35.99, 178.37, 179.47)
(35.99, 178.37, 179.47)
(35.99, 178.37, 179.47)
(35.99, 178.37, 179.47)
(32.90, 161.67, 174.54)
(32.90, 161.67, 174.54)
(32.90, 161.67, 174.54)
(32.90, 161.67, 174.54)
(32.90, 161.67, 174.54)
(32.90, 161.67, 174.54)
(28.38, 148.58, 171.87)
(28.38, 148.58, 171.87)
(17.20, 123.63, 170.73)
(17.20, 123.63, 170.73)
(17.20, 123.63, 170.73)
(17.20, 123.63, 170.73)
(17.20, 123.63, 170.73)
(18.43, 145.70, 174.27)
(18.43, 145.70, 174.27)
(18.43, 145.70, 174.27)
(18.43, 145.70, 174.27)
(18.43, 145.70, 174.27)
(11.34, 140.57, 175.92)
(11.34, 140.57, 175.92)
(11.34, 140.57, 175.92)
(5.22, 134.60, 177.82)
(5.22, 134.60, 177.82)
(5.22, 134.60, 177.82)
(5.22, 134.60, 177.82)
(5.22, 134.60, 177.82)
(5.22, 134.60, 177.82)
(4.74, 103.29, 176.25)
(4.74, 103.29, 176.25)
(4.74, 103.29, 176.25)
(357.36, 118.72, 181.56)
(357.36, 118.72, 181.56)
(357.36, 118.72, 181.56)
(357.36, 118.72, 181.56)
(357.36, 118.72, 181.56)
(354.36, 225.76, 177.62)
(354.36, 225.76, 177.62)
(354.36, 225.76, 177.62)
(354.36, 225.76, 177.62)
(354.36, 225.76, 177.62)
(348.93, 226.41, 175.24)
(348.93, 226.41, 175.24)
(348.93, 226.41, 175.24)
(348.93, 226.41, 175.24)
(348.93, 226.41, 175.24)
(348.93, 226.41, 175.24)
(348.93, 226.41, 175.24)
(348.93, 226.41, 175.24)
(338.97, 214.67, 173.37)
(338.97, 214.67, 173.37)
(338.97, 214.67, 173.37)
(338.97, 214.67, 173.37)
(338.97, 214.67, 173.37)
(338.97, 214.67, 173.37)
(338.97, 214.67, 173.37)
(338.97, 214.67, 173.37)
(338.97, 214.67, 173.37)
(331.94, 195.56, 176.09)
(331.94, 195.56, 176.09)
(331.94, 195.56, 176.09)
(331.94, 195.56, 176.09)
(331.94, 195.56, 176.09)
(331.94, 195.56, 176.09)
(331.94, 195.56, 176.09)
(325.61, 201.95, 173.13)
(325.61, 201.95, 173.13)
(325.61, 201.95, 173.13)
(325.61, 201.95, 173.13)
(325.61, 201.95, 173.13)
(325.61, 201.95, 173.13)
(325.52, 207.82, 171.21)
(325.52, 207.82, 171.21)
(325.52, 207.82, 171.21)
(323.25, 205.16, 171.52)
(323.25, 205.16, 171.52)
(323.25, 205.16, 171.52)
(323.25, 205.16, 171.52)
(322.88, 211.89, 169.04)
(322.88, 211.89, 169.04)
(322.88, 211.89, 169.04)
(322.88, 211.89, 169.04)
(316.87, 226.93, 160.53)
(316.87, 226.93, 160.53)
(316.87, 226.93, 160.53)
(316.87, 226.93, 160.53)
(316.87, 226.93, 160.53)
(313.44, 203.03, 169.98)
(313.44, 203.03, 169.98)
(313.44, 203.03, 169.98)
(313.44, 203.03, 169.98)
(313.44, 203.03, 169.98)
(314.68, 217.92, 163.68)
(314.68, 217.92, 163.68)
(314.68, 217.92, 163.68)
(314.68, 217.92, 163.68)
(314.68, 217.92, 163.68)
(314.68, 217.92, 163.68)
(314.68, 217.92, 163.68)
(305.96, 195.79, 171.91)
(305.96, 195.79, 171.91)
(305.96, 195.79, 171.91)
(305.96, 195.79, 171.91)
(305.96, 195.79, 171.91)
(305.96, 195.79, 171.91)
(305.96, 195.79, 171.91)
(305.96, 195.79, 171.91)
(302.12, 205.17, 165.92)
(302.12, 205.17, 165.92)
(302.12, 205.17, 165.92)
(302.12, 205.17, 165.92)
(302.12, 205.17, 165.92)
(302.12, 205.17, 165.92)
(300.51, 204.11, 166.08)
(300.51, 204.11, 166.08)
(300.51, 204.11, 166.08)
(300.51, 204.11, 166.08)
(300.51, 204.11, 166.08)
(298.95, 205.09, 165.05)
(298.95, 205.09, 165.05)
(298.95, 205.09, 165.05)
(298.95, 205.09, 165.05)
(298.95, 205.09, 165.05)
(297.58, 210.11, 161.49)
(297.58, 210.11, 161.49)
(297.58, 210.11, 161.49)
(297.87, 196.43, 170.06)
(297.87, 196.43, 170.06)
(297.87, 196.43, 170.06)
(297.87, 196.43, 170.06)
(297.87, 196.43, 170.06)
(294.98, 207.26, 162.43)
(294.98, 207.26, 162.43)
(294.98, 207.26, 162.43)
(294.98, 207.26, 162.43)
(294.98, 207.26, 162.43)
(294.98, 207.26, 162.43)
(295.91, 201.30, 166.57)
(295.91, 201.30, 166.57)
(295.91, 201.30, 166.57)
(296.32, 200.61, 167.12)
(296.32, 200.61, 167.12)
(296.32, 200.61, 167.12)
(296.32, 200.61, 167.12)
(296.32, 200.61, 167.12)
(296.92, 203.07, 165.72)
(296.92, 203.07, 165.72)
(296.92, 203.07, 165.72)
(291.67, 212.76, 157.43)
(291.67, 212.76, 157.43)
(291.67, 212.76, 157.43)
(291.67, 212.76, 157.43)
(291.67, 212.76, 157.43)
(290.71, 205.10, 162.51)
(290.71, 205.10, 162.51)
(290.71, 205.10, 162.51)
(290.71, 205.10, 162.51)
(290.71, 205.10, 162.51)
(290.97, 204.28, 163.17)
(290.97, 204.28, 163.17)
(290.97, 204.28, 163.17)
(290.97, 204.28, 163.17)
(290.97, 204.28, 163.17)
(290.97, 204.28, 163.17)
(288.33, 206.30, 160.85)
(288.33, 206.30, 160.85)
(286.95, 201.11, 164.29)
(286.95, 201.11, 164.29)
(286.95, 201.11, 164.29)
(286.95, 201.11, 164.29)
(286.95, 201.11, 164.29)
(286.95, 201.11, 164.29)
(286.95, 201.11, 164.29)
(286.95, 201.11, 164.29)
(286.95, 201.11, 164.29)
(284.61, 203.90, 161.43)
(284.61, 203.90, 161.43)
(284.61, 203.90, 161.43)
(284.61, 203.90, 161.43)
(284.57, 200.74, 163.89)
(284.57, 200.74, 163.89)
(284.57, 200.74, 163.89)
(284.57, 200.74, 163.89)
(284.57, 200.74, 163.89)
(284.57, 200.74, 163.89)
(284.57, 200.74, 163.89)
(284.57, 200.74, 163.89)
(284.57, 200.74, 163.89)
(283.58, 214.47, 152.55)
(283.58, 214.47, 152.55)
(283.58, 214.47, 152.55)
(283.58, 214.47, 152.55)
(283.58, 214.47, 152.55)
(282.89, 208.11, 157.43)
(282.89, 208.11, 157.43)
(282.89, 208.11, 157.43)
(282.89, 208.11, 157.43)
(282.89, 208.11, 157.43)
(280.57, 187.18, 174.03)
(280.57, 187.18, 174.03)
(280.57, 187.18, 174.03)
(280.57, 187.18, 174.03)
(280.57, 187.18, 174.03)
(280.57, 187.18, 174.03)
(279.95, 195.40, 167.04)
(279.95, 195.40, 167.04)
(278.66, 192.75, 169.04)
(278.66, 192.75, 169.04)
(278.66, 192.75, 169.04)
(278.66, 192.75, 169.04)
(278.66, 192.75, 169.04)
(279.39, 181.90, 178.39)
(279.39, 181.90, 178.39)
(279.39, 181.90, 178.39)
(279.39, 181.90, 178.39)
(279.39, 181.90, 178.39)
(279.39, 181.90, 178.39)
(278.41, 191.40, 170.16)
(278.41, 191.40, 170.16)
(278.41, 191.40, 170.16)
(277.78, 194.29, 167.51)
(277.78, 194.29, 167.51)
(277.78, 194.29, 167.51)
(277.78, 194.29, 167.51)
(277.78, 194.29, 167.51)
(278.45, 191.34, 170.21)
(278.45, 191.34, 170.21)
(278.45, 191.34, 170.21)
(278.45, 191.34, 170.21)
(278.45, 191.34, 170.21)
(278.45, 191.34, 170.21)
(278.95, 189.26, 172.08)
(278.95, 189.26, 172.08)
(278.95, 189.26, 172.08)
(278.95, 189.26, 172.08)
(277.68, 182.01, 178.24)
(277.68, 182.01, 178.24)
(277.68, 182.01, 178.24)
(275.88, 186.91, 173.76)
(275.88, 186.91, 173.76)
(275.88, 186.91, 173.76)
(275.88, 186.91, 173.76)
(275.88, 186.91, 173.76)
(275.88, 186.91, 173.76)
(276.52, 180.25, 179.78)
(276.52, 180.25, 179.78)
(276.52, 180.25, 179.78)
(276.52, 180.25, 179.78)
(276.52, 180.25, 179.78)
(276.15, 191.68, 169.51)
(276.15, 191.68, 169.51)
(276.15, 191.68, 169.51)
(275.87, 179.66, 180.30)
(275.87, 179.66, 180.30)
(275.87, 179.66, 180.30)
(275.87, 179.66, 180.30)
(275.87, 179.66, 180.30)
(275.87, 179.66, 180.30)
(277.26, 170.40, 188.46)
(277.26, 170.40, 188.46)
(276.30, 168.80, 190.04)
(276.30, 168.80, 190.04)
(276.30, 168.80, 190.04)
(276.30, 168.80, 190.04)
(276.30, 168.80, 190.04)
(276.30, 168.80, 190.04)
(276.30, 168.80, 190.04)
(276.30, 168.80, 190.04)
(275.88, 160.20, 197.90)
(275.88, 160.20, 197.90)
(275.88, 160.20, 197.90)
(276.44, 147.30, 209.37)
(276.44, 147.30, 209.37)
(276.44, 147.30, 209.37)
(276.44, 147.30, 209.37)
(276.44, 147.30, 209.37)
(274.70, 186.01, 174.46)
(274.70, 186.01, 174.46)
(274.70, 186.01, 174.46)
(274.47, 189.03, 171.64)
(274.47, 189.03, 171.64)
(274.47, 189.03, 171.64)
(274.47, 189.03, 171.64)
(274.47, 189.03, 171.64)
(274.47, 189.03, 171.64)
(274.04, 173.33, 186.21)
(274.04, 173.33, 186.21)
(273.75, 165.69, 193.41)
(273.75, 165.69, 193.41)
(273.75, 165.69, 193.41)
(273.75, 165.69, 193.41)
(273.70, 170.66, 188.76)
(273.70, 170.66, 188.76)
(273.70, 170.66, 188.76)
(273.70, 170.66, 188.76)
(273.70, 170.66, 188.76)
(273.70, 170.66, 188.76)
(273.31, 169.93, 189.51)
(273.31, 169.93, 189.51)
(273.31, 169.93, 189.51)
(273.31, 169.93, 189.51)
(273.31, 169.93, 189.51)
(274.62, 136.84, 220.09)
(274.62, 136.84, 220.09)
(274.62, 136.84, 220.09)
(274.62, 136.84, 220.09)
(274.62, 136.84, 220.09)
(274.62, 136.84, 220.09)
(273.67, 163.01, 195.95)
(273.67, 163.01, 195.95)
(273.67, 163.01, 195.95)
(273.67, 163.01, 195.95)
(273.67, 163.01, 195.95)
(272.67, 162.96, 196.27)
(272.67, 162.96, 196.27)
(274.15, 138.50, 218.82)
(274.15, 138.50, 218.82)
(274.15, 138.50, 218.82)
(274.15, 138.50, 218.82)
(274.15, 138.50, 218.82)
(274.15, 138.50, 218.82)
(273.56, 146.84, 211.26)
(273.56, 146.84, 211.26)
(273.56, 146.84, 211.26)
(273.56, 146.84, 211.26)
(273.56, 146.84, 211.26)
(273.21, 135.40, 222.39)
(273.21, 135.40, 222.39)
(273.21, 135.40, 222.39)
(273.21, 135.40, 222.39)
(273.21, 135.40, 222.39)
(273.02, 138.04, 219.98)
(273.02, 138.04, 219.98)
(273.02, 138.04, 219.98)
(273.03, 143.33, 214.90)
(273.03, 143.33, 214.90)
(273.03, 143.33, 214.90)
(273.65, 130.27, 227.00)
(273.65, 130.27, 227.00)
(273.65, 130.27, 227.00)
(273.65, 130.27, 227.00)
(273.65, 130.27, 227.00)
(273.64, 118.64, 238.21)
(273.64, 118.64, 238.21)
(273.64, 118.64, 238.21)
(273.64, 118.64, 238.21)
(273.64, 118.64, 238.21)
(273.81, 110.84, 245.65)
(273.81, 110.84, 245.65)
(273.81, 110.84, 245.65)
(273.81, 110.84, 245.65)
(273.81, 110.84, 245.65)
(273.81, 110.84, 245.65)
(273.81, 110.84, 245.65)
(273.81, 110.84, 245.65)
(273.34, 130.77, 226.74)
(273.34, 130.77, 226.74)
(273.34, 130.77, 226.74)
(273.40, 133.82, 223.78)
(273.40, 133.82, 223.78)
(273.40, 133.82, 223.78)
(272.94, 113.34, 243.98)
(272.94, 113.34, 243.98)
(272.94, 113.34, 243.98)
(273.25, 118.46, 238.72)
(273.25, 118.46, 238.72)
(273.25, 118.46, 238.72)
(273.25, 118.46, 238.72)
(273.25, 118.46, 238.72)
(273.25, 118.46, 238.72)
(273.25, 118.46, 238.72)
(274.62, 105.20, 250.39)
(274.62, 105.20, 250.39)
(274.62, 105.20, 250.39)
(271.28, 121.99, 236.93)
(271.28, 121.99, 236.93)
(271.28, 121.99, 236.93)
(271.28, 121.99, 236.93)
(271.28, 121.99, 236.93)
(271.28, 121.99, 236.93)
(272.47, 120.39, 237.50)
(272.47, 120.39, 237.50)
(273.23, 128.52, 229.00)
(273.23, 128.52, 229.00)
(273.23, 128.52, 229.00)
(273.23, 128.52, 229.00)
(273.23, 128.52, 229.00)
(273.23, 128.52, 229.00)
(273.23, 128.52, 229.00)
(273.23, 128.52, 229.00)
(273.23, 128.52, 229.00)
(272.70, 115.93, 241.67)
(272.70, 115.93, 241.67)
(272.70, 115.93, 241.67)
(272.70, 115.93, 241.67)
(272.70, 115.93, 241.67)
(272.74, 115.59, 241.97)
(272.74, 115.59, 241.97)
(272.74, 115.59, 241.97)
(272.74, 115.59, 241.97)
(272.74, 115.59, 241.97)
(272.74, 115.59, 241.97)
(272.74, 115.59, 241.97)
(272.74, 115.59, 241.97)
(272.79, 118.06, 239.51)
(272.79, 118.06, 239.51)
(272.17, 120.26, 237.89)
(272.17, 120.26, 237.89)
(272.57, 120.92, 236.90)
(272.57, 120.92, 236.90)
(272.57, 120.92, 236.90)
(272.57, 120.92, 236.90)
(272.57, 120.92, 236.90)
(272.57, 120.92, 236.90)
(272.57, 120.92, 236.90)
(272.57, 120.92, 236.90)
(272.57, 120.92, 236.90)
(272.57, 120.92, 236.90)
(272.57, 120.92, 236.90)
(272.57, 120.92, 236.90)
(272.49, 116.14, 241.64)
(272.49, 116.14, 241.64)
(272.83, 116.60, 240.89)
(272.83, 116.60, 240.89)
(272.83, 116.60, 240.89)
(272.83, 116.60, 240.89)
(272.83, 116.60, 240.89)
(272.66, 113.78, 243.80)
(272.66, 113.78, 243.80)
(272.66, 113.78, 243.80)
(272.66, 113.78, 243.80)
(272.66, 113.78, 243.80)
(272.66, 113.78, 243.80)
(273.32, 110.85, 246.08)
(273.32, 110.85, 246.08)
(272.42, 119.29, 238.62)
(272.42, 119.29, 238.62)
(272.42, 119.29, 238.62)
(272.42, 119.29, 238.62)
(272.42, 119.29, 238.62)
(272.42, 119.29, 238.62)
(272.56, 125.47, 232.48)
(272.56, 125.47, 232.48)
(272.56, 125.47, 232.48)
(272.56, 125.47, 232.48)
(272.56, 125.47, 232.48)
(272.56, 125.47, 232.48)
(272.56, 125.47, 232.48)
(272.56, 125.47, 232.48)
(272.86, 118.11, 239.40)
(272.86, 118.11, 239.40)
(272.86, 118.11, 239.40)
(273.82, 112.43, 244.09)
(273.82, 112.43, 244.09)
(273.82, 112.43, 244.09)
(273.82, 112.43, 244.09)
(273.82, 112.43, 244.09)
(273.82, 112.43, 244.09)
(273.82, 112.43, 244.09)
(273.82, 112.43, 244.09)
(273.82, 112.43, 244.09)
(272.19, 111.17, 246.80)
(272.19, 111.17, 246.80)
(272.62, 113.82, 243.81)
(272.62, 113.82, 243.81)
(272.62, 113.82, 243.81)
(273.52, 121.33, 235.72)
(273.52, 121.33, 235.72)
(273.52, 121.33, 235.72)
(273.52, 121.33, 235.72)
(273.52, 121.33, 235.72)
(273.52, 121.33, 235.72)
(273.52, 121.33, 235.72)
(273.52, 121.33, 235.72)
(273.52, 121.33, 235.72)
(271.60, 147.54, 211.62)
(271.60, 147.54, 211.62)
(271.60, 147.54, 211.62)
(271.58, 144.11, 214.98)
(271.58, 144.11, 214.98)
(271.58, 144.11, 214.98)
(271.58, 144.11, 214.98)
(271.58, 144.11, 214.98)
(273.96, 113.46, 242.96)
(273.96, 113.46, 242.96)
(272.20, 124.52, 233.69)
(272.20, 124.52, 233.69)
(272.20, 124.52, 233.69)
(272.20, 124.52, 233.69)
(272.20, 124.52, 233.69)
(272.20, 124.52, 233.69)
(273.38, 120.44, 236.69)
(273.38, 120.44, 236.69)
(273.38, 120.44, 236.69)
(272.68, 127.17, 230.72)
(272.68, 127.17, 230.72)
(272.68, 127.17, 230.72)
(272.68, 127.17, 230.72)
(272.68, 127.17, 230.72)
(272.84, 121.08, 236.52)
(272.84, 121.08, 236.52)
(272.84, 121.08, 236.52)
(272.84, 121.08, 236.52)
(272.84, 121.08, 236.52)
(272.07, 129.69, 228.73)
(272.07, 129.69, 228.73)
(272.07, 129.69, 228.73)
(272.07, 129.69, 228.73)
(272.07, 129.69, 228.73)
(272.95, 132.88, 225.00)
(272.95, 132.88, 225.00)
(272.95, 132.88, 225.00)
(272.33, 139.79, 218.73)
(272.33, 139.79, 218.73)
(272.33, 139.79, 218.73)
(272.33, 139.79, 218.73)
(272.33, 139.79, 218.73)
(272.33, 139.79, 218.73)
(272.33, 139.79, 218.73)
(272.33, 139.79, 218.73)
(272.89, 125.32, 232.35)
(272.89, 125.32, 232.35)
(272.89, 125.32, 232.35)
(271.73, 135.07, 223.72)
(271.73, 135.07, 223.72)
(272.95, 129.45, 228.32)
(272.95, 129.45, 228.32)
(272.95, 129.45, 228.32)
(272.88, 125.30, 232.38)
(272.88, 125.30, 232.38)
(272.88, 125.30, 232.38)
(272.88, 125.30, 232.38)
(272.47, 128.28, 229.81)
(272.47, 128.28, 229.81)
(272.59, 128.62, 229.39)
(272.59, 128.62, 229.39)
(272.59, 128.62, 229.39)
(272.59, 128.62, 229.39)
(272.59, 128.62, 229.39)
(272.59, 128.62, 229.39)
(272.55, 131.79, 226.33)
(272.55, 131.79, 226.33)
(272.55, 131.79, 226.33)
(272.55, 131.79, 226.33)
(272.55, 131.79, 226.33)
(272.55, 131.79, 226.33)
(272.55, 131.79, 226.33)
(272.41, 138.17, 220.25)
(272.41, 138.17, 220.25)
(272.35, 133.31, 225.00)
(272.35, 133.31, 225.00)
(272.35, 133.31, 225.00)
(272.35, 133.31, 225.00)
(272.35, 133.31, 225.00)
(272.35, 133.31, 225.00)
(271.71, 146.79, 212.29)
(271.71, 146.79, 212.29)
(271.71, 146.79, 212.29)
(271.71, 146.79, 212.29)
(271.71, 146.79, 212.29)
(271.96, 143.57, 215.28)
(271.96, 143.57, 215.28)
(272.24, 152.54, 206.45)
(272.24, 152.54, 206.45)
(272.24, 152.54, 206.45)
(272.24, 152.54, 206.45)
(272.24, 152.54, 206.45)
(273.17, 143.44, 214.71)
(273.17, 143.44, 214.71)
(273.17, 143.44, 214.71)
(273.17, 143.44, 214.71)
(273.17, 143.44, 214.71)
(273.17, 143.44, 214.71)
(273.32, 143.19, 214.87)
(273.32, 143.19, 214.87)
(273.32, 143.19, 214.87)
(273.32, 143.19, 214.87)
(273.32, 143.19, 214.87)
(272.20, 155.08, 204.01)
(272.20, 155.08, 204.01)
(272.20, 155.08, 204.01)
(272.23, 146.57, 212.22)
(272.23, 146.57, 212.22)
(272.23, 146.57, 212.22)
(272.23, 146.57, 212.22)
(272.23, 146.57, 212.22)
(272.23, 146.57, 212.22)
(272.70, 144.51, 213.96)
(272.70, 144.51, 213.96)
(272.70, 144.51, 213.96)
(272.70, 144.51, 213.96)
(272.45, 155.82, 203.20)
(272.45, 155.82, 203.20)
(272.45, 155.82, 203.20)
(272.45, 155.82, 203.20)
(272.45, 155.82, 203.20)
(272.45, 155.82, 203.20)
(272.37, 153.55, 205.42)
(272.37, 153.55, 205.42)
(272.37, 153.55, 205.42)
(272.65, 147.94, 210.68)
(272.65, 147.94, 210.68)
(272.65, 147.94, 210.68)
(272.65, 147.94, 210.68)
(272.65, 147.94, 210.68)
(272.68, 145.29, 213.21)
(272.68, 145.29, 213.21)
(272.53, 151.66, 207.16)
(272.53, 151.66, 207.16)
(272.53, 151.66, 207.16)
(272.53, 151.66, 207.16)
(272.53, 151.66, 207.16)
(272.53, 151.66, 207.16)
(272.03, 164.09, 195.36)
(272.03, 164.09, 195.36)
(272.03, 164.09, 195.36)
(272.03, 164.09, 195.36)
(272.95, 139.45, 218.67)
(272.95, 139.45, 218.67)
(272.95, 139.45, 218.67)
(272.95, 139.45, 218.67)
(272.95, 139.45, 218.67)
(272.95, 139.45, 218.67)
(272.95, 139.45, 218.67)
(272.79, 154.29, 204.53)
(272.79, 154.29, 204.53)
(272.57, 152.37, 206.46)
(272.57, 152.37, 206.46)
(272.57, 152.37, 206.46)
(272.57, 152.37, 206.46)
(272.57, 152.37, 206.46)
(272.86, 150.26, 208.35)
(272.86, 150.26, 208.35)
(272.86, 150.26, 208.35)
(272.86, 150.26, 208.35)
(272.86, 150.26, 208.35)
(272.86, 150.26, 208.35)
(272.84, 154.76, 204.06)
(272.84, 154.76, 204.06)
(272.84, 154.76, 204.06)
(273.03, 154.28, 204.43)
(273.03, 154.28, 204.43)
(273.03, 154.28, 204.43)
(273.03, 154.28, 204.43)
(273.03, 154.28, 204.43)
(273.03, 154.28, 204.43)
(273.03, 154.28, 204.43)
(273.03, 154.28, 204.43)
(273.00, 152.65, 206.00)
(273.00, 152.65, 206.00)
(272.81, 151.46, 207.23)
(272.81, 151.46, 207.23)
(272.81, 151.46, 207.23)
(272.87, 161.98, 197.15)
(272.87, 161.98, 197.15)
(272.87, 161.98, 197.15)
(272.87, 161.98, 197.15)
(272.87, 161.98, 197.15)
(273.01, 161.70, 197.38)
(273.01, 161.70, 197.38)
(273.01, 161.70, 197.38)
(273.01, 161.70, 197.38)
(273.01, 161.70, 197.38)
(273.01, 161.70, 197.38)
(273.14, 157.07, 201.74)
(273.14, 157.07, 201.74)
(273.14, 157.07, 201.74)
(273.11, 151.25, 207.28)
(273.11, 151.25, 207.28)
(273.11, 151.25, 207.28)
(273.11, 151.25, 207.28)
(273.13, 148.60, 209.80)
(273.13, 148.60, 209.80)
(273.13, 148.60, 209.80)
(273.13, 148.60, 209.80)
(273.13, 148.60, 209.80)
(272.92, 153.35, 205.37)
(272.92, 153.35, 205.37)
(272.92, 153.35, 205.37)
(272.92, 153.35, 205.37)
(272.92, 153.35, 205.37)
(272.92, 153.35, 205.37)
(272.92, 153.35, 205.37)
(272.92, 153.35, 205.37)
(272.92, 153.35, 205.37)
(273.08, 163.03, 196.10)
(273.08, 163.03, 196.10)
(273.08, 163.03, 196.10)
(273.08, 163.03, 196.10)
(273.08, 163.03, 196.10)
(273.08, 163.03, 196.10)
(273.02, 175.41, 184.36)
(273.02, 175.41, 184.36)
(273.12, 166.54, 192.75)
(273.12, 166.54, 192.75)
(273.12, 166.54, 192.75)
(273.12, 166.54, 192.75)
(273.12, 166.54, 192.75)
(273.51, 144.49, 213.52)
(273.51, 144.49, 213.52)
(273.51, 144.49, 213.52)
(273.51, 144.49, 213.52)
(273.51, 144.49, 213.52)
(273.51, 144.49, 213.52)
(272.83, 157.80, 201.16)
(272.83, 157.80, 201.16)
(272.83, 157.80, 201.16)
(273.37, 150.86, 207.54)
(273.37, 150.86, 207.54)
(273.37, 150.86, 207.54)
(273.37, 150.86, 207.54)
(273.37, 150.86, 207.54)
(273.37, 150.86, 207.54)
(273.37, 150.86, 207.54)
(273.37, 150.86, 207.54)
(272.68, 173.32, 186.37)
(272.68, 173.32, 186.37)
(272.68, 173.32, 186.37)
(273.05, 168.46, 190.95)
(273.05, 168.46, 190.95)
(273.05, 168.46, 190.95)
(273.05, 168.46, 190.95)
(273.05, 168.46, 190.95)
(272.93, 173.26, 186.40)
(272.93, 173.26, 186.40)
(272.91, 167.02, 192.34)
(272.91, 167.02, 192.34)
(272.91, 167.02, 192.34)
(272.91, 167.02, 192.34)
(272.91, 167.02, 192.34)
(272.91, 167.02, 192.34)
(272.99, 159.84, 199.15)
(272.99, 159.84, 199.15)
(272.99, 159.84, 199.15)
(272.99, 159.84, 199.15)
(272.99, 159.84, 199.15)
(273.04, 157.76, 201.11)
(273.04, 157.76, 201.11)
(273.04, 157.76, 201.11)
(273.04, 157.76, 201.11)
(273.04, 157.76, 201.11)
(273.04, 157.76, 201.11)
(273.04, 157.76, 201.11)
(273.04, 157.76, 201.11)
(272.99, 169.42, 190.05)
(272.99, 169.42, 190.05)
(272.99, 169.42, 190.05)
(272.87, 172.56, 187.08)
(272.87, 172.56, 187.08)
(272.87, 172.56, 187.08)
(272.87, 172.56, 187.08)
(272.87, 172.56, 187.08)
(272.87, 172.56, 187.08)
(272.87, 172.56, 187.08)
(272.87, 172.56, 187.08)
(272.87, 172.56, 187.08)
(273.19, 161.07, 197.92)
(273.19, 161.07, 197.92)
(273.19, 161.07, 197.92)
(273.19, 161.07, 197.92)
(273.19, 161.07, 197.92)
(273.19, 161.07, 197.92)
(273.19, 161.07, 197.92)
(273.19, 161.07, 197.92)
(273.34, 163.77, 195.32)
(273.34, 163.77, 195.32)
(273.34, 163.77, 195.32)
(273.34, 163.77, 195.32)
(272.92, 175.35, 184.42)
(272.92, 175.35, 184.42)
(272.92, 175.35, 184.42)
(272.92, 175.35, 184.42)
(272.92, 175.35, 184.42)
(273.24, 164.92, 194.26)
(273.24, 164.92, 194.26)
(273.27, 182.05, 178.06)
(273.27, 182.05, 178.06)
(273.27, 182.05, 178.06)
(273.27, 182.05, 178.06)
(273.27, 182.05, 178.06)
(273.31, 174.53, 185.16)
(273.31, 174.53, 185.16)
(273.31, 174.53, 185.16)
(273.31, 174.53, 185.16)
(273.31, 174.53, 185.16)
(273.31, 174.53, 185.16)
(273.07, 166.14, 193.14)
(273.07, 166.14, 193.14)
(273.00, 165.77, 193.51)
(273.00, 165.77, 193.51)
(273.00, 165.77, 193.51)
(273.59, 167.54, 191.71)
(273.59, 167.54, 191.71)
(273.59, 167.54, 191.71)
(273.59, 167.54, 191.71)
(273.17, 188.93, 171.55)
(273.17, 188.93, 171.55)
(273.08, 181.83, 178.27)
(273.08, 181.83, 178.27)
(273.08, 181.83, 178.27)
(273.37, 174.66, 185.03)
(273.37, 174.66, 185.03)
(273.37, 174.66, 185.03)
(273.37, 174.66, 185.03)
(273.65, 177.35, 182.48)
(273.65, 177.35, 182.48)
(273.67, 180.18, 179.83)
(273.67, 180.18, 179.83)
(273.67, 180.18, 179.83)
(273.67, 180.18, 179.83)
(273.67, 180.18, 179.83)
(273.67, 180.18, 179.83)
(273.41, 171.50, 188.01)
(273.41, 171.50, 188.01)
(273.28, 178.37, 181.53)
(273.61, 176.36, 183.42)
(273.61, 176.36, 183.42)
(273.61, 176.36, 183.42)
(273.61, 176.36, 183.42)
(273.57, 178.98, 180.96)
(273.57, 178.98, 180.96)
(273.57, 178.98, 180.96)
(273.73, 167.21, 191.99)
(273.73, 167.21, 191.99)
(273.73, 167.21, 191.99)
(273.48, 178.46, 181.45)
(273.48, 178.46, 181.45)
(273.46, 177.73, 182.13)
(273.46, 177.73, 182.13)
(273.46, 177.73, 182.13)
(273.46, 177.73, 182.13)
(273.60, 181.12, 178.95)
(273.60, 181.12, 178.95)
(273.61, 185.17, 175.15)
(273.61, 185.17, 175.15)
(273.61, 185.17, 175.15)
(273.61, 185.17, 175.15)
(273.61, 185.17, 175.15)
(273.44, 188.73, 171.77)
(273.44, 188.73, 171.77)
(273.45, 189.29, 171.25)
(273.45, 189.29, 171.25)
(273.45, 189.29, 171.25)
(273.67, 186.56, 173.84)
(273.67, 186.56, 173.84)
(273.67, 186.56, 173.84)
(273.67, 186.56, 173.84)
(273.67, 186.56, 173.84)
(273.67, 186.56, 173.84)
(273.63, 182.34, 177.80)
(273.63, 182.34, 177.80)
(273.63, 182.34, 177.80)
(273.19, 171.83, 187.73)
(273.31, 192.55, 168.15)
(273.31, 192.55, 168.15)
(273.31, 192.55, 168.15)
(273.31, 192.55, 168.15)
(273.66, 189.13, 171.43)
(273.66, 189.13, 171.43)
(273.66, 189.13, 171.43)
(273.82, 195.79, 165.21)
(273.82, 195.79, 165.21)
(273.82, 195.79, 165.21)
(273.82, 195.79, 165.21)
(273.89, 198.15, 163.02)
(273.89, 198.15, 163.02)
(273.89, 198.15, 163.02)
(273.89, 198.15, 163.02)
(273.89, 198.15, 163.02)
(273.35, 183.46, 176.74)
(273.35, 183.46, 176.74)
(273.35, 183.46, 176.74)
(273.35, 183.46, 176.74)
(273.35, 183.46, 176.74)
(273.35, 183.46, 176.74)
(273.35, 183.46, 176.74)
(273.32, 181.71, 178.39)
(273.32, 181.71, 178.39)
(273.51, 186.30, 174.08)
(273.51, 186.30, 174.08)
(273.51, 186.30, 174.08)
(273.51, 186.30, 174.08)
(273.51, 186.30, 174.08)
(273.51, 186.30, 174.08)
(273.51, 186.30, 174.08)
(273.51, 186.30, 174.08)
(273.69, 189.17, 171.40)
(273.69, 189.17, 171.40)
(273.69, 189.17, 171.40)
(273.53, 197.14, 163.87)
(273.53, 197.14, 163.87)
(273.53, 197.14, 163.87)
(273.53, 197.14, 163.87)
(273.53, 197.14, 163.87)
(273.68, 188.00, 172.50)
(273.68, 188.00, 172.50)
(273.68, 188.00, 172.50)
(273.64, 187.76, 172.72)
(273.64, 187.76, 172.72)
(273.64, 187.76, 172.72)
(273.64, 187.76, 172.72)
(273.64, 187.76, 172.72)
(273.64, 187.76, 172.72)
(273.64, 187.76, 172.72)
(273.64, 187.76, 172.72)
(273.34, 191.57, 169.09)
(273.34, 191.57, 169.09)
(273.58, 191.13, 169.54)
(273.58, 191.13, 169.54)
(273.58, 191.13, 169.54)
(273.58, 191.13, 169.54)
(273.58, 191.13, 169.54)
(273.58, 191.13, 169.54)
(273.65, 192.98, 167.82)
(273.65, 192.98, 167.82)
(273.89, 188.08, 172.45)
(273.89, 188.08, 172.45)
(273.89, 188.08, 172.45)
(273.89, 188.08, 172.45)
(273.89, 188.08, 172.45)
(273.85, 188.41, 172.13)
(273.85, 188.41, 172.13)
(273.85, 188.41, 172.13)
(273.85, 188.41, 172.13)
(273.85, 188.41, 172.13)
(273.85, 188.41, 172.13)
(273.80, 202.20, 159.19)
(273.80, 202.20, 159.19)
(273.80, 202.20, 159.19)
(273.80, 202.20, 159.19)
(273.80, 202.20, 159.19)
(274.01, 187.77, 172.76)
(274.01, 187.77, 172.76)
(274.01, 187.77, 172.76)
(274.01, 187.77, 172.76)
(274.01, 187.77, 172.76)
(274.01, 187.77, 172.76)
(273.96, 186.06, 174.35)
(273.96, 186.06, 174.35)
(273.64, 185.58, 174.77)
(273.64, 185.58, 174.77)
(273.64, 185.58, 174.77)
(273.55, 183.26, 176.94)
(273.55, 183.26, 176.94)
(273.55, 183.26, 176.94)
(273.55, 183.26, 176.94)
(273.55, 183.26, 176.94)
(273.94, 189.30, 171.31)
(273.94, 189.30, 171.31)
(273.94, 189.30, 171.31)
(273.94, 189.30, 171.31)
(273.94, 189.30, 171.31)
(273.94, 189.30, 171.31)
(273.86, 196.51, 164.55)
(273.86, 196.51, 164.55)
(274.04, 192.07, 168.75)
(274.04, 192.07, 168.75)
(274.04, 192.07, 168.75)
(274.04, 192.07, 168.75)
(274.04, 192.07, 168.75)
(274.04, 192.07, 168.75)
(274.04, 192.07, 168.75)
(274.04, 192.07, 168.75)
(273.81, 191.23, 169.49)
(273.81, 191.23, 169.49)
(273.81, 191.23, 169.49)
(273.96, 191.66, 169.11)
(273.96, 191.66, 169.11)
(273.86, 183.26, 176.95)
(273.86, 183.26, 176.95)
(273.86, 183.26, 176.95)
(273.86, 183.26, 176.95)
(273.86, 183.26, 176.95)
(273.81, 178.61, 181.30)
(273.81, 178.61, 181.30)
(273.81, 178.61, 181.30)
(273.81, 178.61, 181.30)
(273.81, 178.61, 181.30)
(273.81, 178.61, 181.30)
(273.85, 179.50, 180.47)
(273.85, 179.50, 180.47)
(273.85, 179.50, 180.47)
(273.85, 179.50, 180.47)
(273.85, 179.50, 180.47)
(273.81, 181.72, 178.39)
(273.81, 181.72, 178.39)
(273.81, 181.72, 178.39)
(273.81, 181.72, 178.39)
(273.81, 181.72, 178.39)
(273.81, 181.72, 178.39)
(273.81, 181.72, 178.39)
(273.81, 181.72, 178.39)
(273.81, 181.72, 178.39)
(273.81, 181.72, 178.39)
(273.81, 181.72, 178.39)
(274.20, 183.27, 176.96)
(274.20, 183.27, 176.96)
(274.20, 183.27, 176.96)
(274.20, 183.27, 176.96)
(274.20, 183.27, 176.96)
(274.20, 183.27, 176.96)
(274.20, 183.27, 176.96)
(273.84, 189.94, 170.70)
(273.84, 189.94, 170.70)
(273.72, 193.22, 167.61)
(273.72, 193.22, 167.61)
(273.72, 193.22, 167.61)
(273.72, 193.22, 167.61)
(273.72, 193.22, 167.61)
(273.72, 193.22, 167.61)
(273.72, 193.22, 167.61)
(273.92, 189.70, 170.94)
(273.92, 189.70, 170.94)
(273.67, 195.11, 165.82)
(273.67, 195.11, 165.82)
(273.67, 195.11, 165.82)
(273.67, 195.11, 165.82)
(273.67, 195.11, 165.82)
(273.67, 195.11, 165.82)
(273.98, 189.83, 170.83)
(273.98, 189.83, 170.83)
(273.98, 189.83, 170.83)
(273.98, 189.83, 170.83)
(273.98, 189.83, 170.83)
(273.98, 188.65, 171.93)
(273.98, 188.65, 171.93)
(273.84, 187.53, 172.96)
(273.84, 187.53, 172.96)
(273.84, 187.53, 172.96)
(273.84, 187.53, 172.96)
(273.84, 187.53, 172.96)
(273.84, 187.53, 172.96)
(273.80, 179.26, 180.69)
(273.80, 179.26, 180.69)
(273.80, 179.26, 180.69)
(273.80, 179.26, 180.69)
(273.80, 179.26, 180.69)
(273.49, 189.12, 171.42)
(273.49, 189.12, 171.42)
(273.49, 189.12, 171.42)
(273.84, 191.80, 168.96)
(273.84, 191.80, 168.96)
(273.84, 191.80, 168.96)
(273.84, 191.80, 168.96)
(273.84, 191.80, 168.96)
(273.84, 191.80, 168.96)
(273.84, 191.80, 168.96)
(273.84, 191.80, 168.96)
(273.84, 191.80, 168.96)
(273.84, 191.80, 168.96)
(273.84, 191.80, 168.96)
(273.84, 191.80, 168.96)
(273.84, 191.80, 168.96)
(273.85, 192.94, 167.89)
(273.85, 192.94, 167.89)
(273.85, 192.94, 167.89)
(273.85, 192.16, 168.63)
(273.85, 192.16, 168.63)
(273.85, 192.16, 168.63)
(273.71, 195.34, 165.61)
(273.71, 195.34, 165.61)
(273.71, 195.34, 165.61)
(273.71, 195.34, 165.61)
(273.71, 195.34, 165.61)
(273.71, 195.34, 165.61)
(273.71, 195.34, 165.61)
(273.99, 194.39, 166.57)
(273.99, 194.39, 166.57)
(273.99, 194.39, 166.57)
(273.99, 194.39, 166.57)
(273.85, 195.96, 165.07)
(273.85, 195.96, 165.07)
(273.85, 195.96, 165.07)
(273.54, 196.94, 164.06)
(273.54, 196.94, 164.06)
(273.54, 196.94, 164.06)
(273.54, 196.94, 164.06)
(273.54, 196.94, 164.06)
(273.54, 196.94, 164.06)
(273.54, 196.94, 164.06)
(273.54, 188.89, 171.65)
(273.54, 188.89, 171.65)
(273.54, 188.89, 171.65)
(273.75, 189.55, 171.06)
(273.75, 189.55, 171.06)
(273.75, 189.55, 171.06)
(273.75, 196.38, 164.64)
(273.75, 196.38, 164.64)
(273.75, 196.38, 164.64)
(273.75, 196.38, 164.64)
(273.75, 196.38, 164.64)
(273.83, 198.42, 162.75)
(273.83, 198.42, 162.75)
(273.83, 198.42, 162.75)
(273.83, 198.42, 162.75)
(273.83, 198.42, 162.75)
(273.83, 198.42, 162.75)
(274.07, 203.18, 158.37)
(274.07, 203.18, 158.37)
(274.07, 203.18, 158.37)
(274.07, 203.18, 158.37)
(274.07, 203.18, 158.37)
(273.93, 187.93, 172.60)
(273.93, 187.93, 172.60)
(273.51, 182.34, 177.80)
(273.51, 182.34, 177.80)
(273.51, 182.34, 177.80)
(273.51, 182.34, 177.80)
(273.51, 182.34, 177.80)
(273.51, 182.34, 177.80)
(273.52, 188.40, 172.09)
(273.52, 188.40, 172.09)
(273.52, 188.40, 172.09)
(273.52, 188.40, 172.09)
(273.76, 191.20, 169.51)
(273.76, 191.20, 169.51)
(273.76, 191.20, 169.51)
(274.11, 202.06, 159.44)
(274.11, 202.06, 159.44)
(274.11, 202.06, 159.44)
(274.11, 202.06, 159.44)
(274.11, 202.06, 159.44)
(274.11, 202.06, 159.44)
(274.11, 202.06, 159.44)
(274.11, 202.06, 159.44)
(274.11, 202.06, 159.44)
(273.75, 195.35, 165.61)
(273.75, 195.35, 165.61)
(273.75, 195.35, 165.61)
(273.75, 195.35, 165.61)
(273.75, 195.35, 165.61)
(273.75, 195.35, 165.61)
(273.75, 195.35, 165.61)
(273.90, 186.51, 173.92)
(273.90, 186.51, 173.92)
(273.90, 186.51, 173.92)
(273.80, 195.30, 165.67)
(273.80, 195.30, 165.67)
(273.80, 195.30, 165.67)
(273.80, 195.30, 165.67)
(273.80, 195.30, 165.67)
(273.80, 195.30, 165.67)
(273.83, 197.94, 163.21)
(273.83, 197.94, 163.21)
(273.87, 196.49, 164.57)
(273.87, 196.49, 164.57)
(273.87, 196.49, 164.57)
(273.87, 196.49, 164.57)
(273.87, 196.49, 164.57)
(273.87, 196.49, 164.57)
(273.74, 197.00, 164.06)
(273.74, 197.00, 164.06)
(273.74, 197.00, 164.06)
(273.74, 197.00, 164.06)
(273.74, 197.00, 164.06)
(274.03, 196.13, 164.95)
(274.03, 196.13, 164.95)
(274.05, 201.31, 160.11)
(274.05, 201.31, 160.11)
(274.05, 201.31, 160.11)
(274.05, 201.31, 160.11)
(274.05, 201.31, 160.11)
(274.05, 201.31, 160.11)
(274.01, 197.72, 163.46)
(274.01, 197.72, 163.46)
(274.01, 197.72, 163.46)
(273.96, 194.55, 166.42)
(273.96, 194.55, 166.42)
(273.96, 194.55, 166.42)
(273.96, 194.55, 166.42)
(273.96, 194.55, 166.42)
(273.96, 193.40, 167.49)
(273.96, 193.40, 167.49)
(273.96, 193.40, 167.49)
(273.96, 193.40, 167.49)
(273.96, 193.40, 167.49)
(274.02, 191.14, 169.61)
(274.02, 191.14, 169.61)
(274.02, 191.14, 169.61)
(274.02, 191.14, 169.61)
(274.02, 191.14, 169.61)
(274.02, 191.14, 169.61)
(274.02, 191.14, 169.61)
(273.83, 204.08, 157.43)
(273.83, 204.08, 157.43)
(273.83, 204.08, 157.43)
(273.87, 198.13, 163.03)
(273.87, 198.13, 163.03)
(273.87, 198.13, 163.03)
(273.87, 198.13, 163.03)
(274.26, 199.45, 161.92)
(274.26, 199.45, 161.92)
(274.26, 199.45, 161.92)
(274.26, 199.45, 161.92)
(274.26, 199.45, 161.92)
(274.39, 198.54, 162.80)
(274.39, 198.54, 162.80)
(273.98, 185.78, 174.61)
(273.98, 185.78, 174.61)
(273.98, 185.78, 174.61)
(273.98, 185.78, 174.61)
(273.98, 185.78, 174.61)
(273.98, 185.78, 174.61)
(273.98, 185.78, 174.61)
(273.98, 185.78, 174.61)
(273.98, 185.78, 174.61)
(273.73, 194.96, 165.98)
(273.73, 194.96, 165.98)
(273.73, 194.96, 165.98)
(273.99, 202.04, 159.41)
(273.99, 202.04, 159.41)
(273.99, 202.04, 159.41)
(273.99, 202.04, 159.41)
(274.64, 206.39, 155.60)
(274.64, 206.39, 155.60)
(274.64, 206.39, 155.60)
(274.82, 209.23, 153.04)
(274.82, 209.23, 153.04)
(274.82, 209.23, 153.04)
(274.82, 209.23, 153.04)
(274.82, 209.23, 153.04)
(274.82, 209.23, 153.04)
(274.11, 196.02, 165.08)
(274.11, 196.02, 165.08)
(274.11, 196.02, 165.08)
(274.11, 196.02, 165.08)
(274.11, 196.02, 165.08)
(273.62, 189.97, 170.63)
(273.62, 189.97, 170.63)
(273.62, 189.97, 170.63)
(273.62, 189.97, 170.63)
(273.62, 189.97, 170.63)
(273.62, 189.97, 170.63)
(273.73, 203.69, 157.77)
(273.73, 203.69, 157.77)
(274.08, 216.38, 145.97)
(274.08, 216.38, 145.97)
(274.08, 216.38, 145.97)
(274.08, 216.38, 145.97)
(272.85, 223.28, 138.64)
(272.85, 223.28, 138.64)
(272.85, 223.28, 138.64)
(272.85, 223.28, 138.64)
(272.85, 223.28, 138.64)
(272.85, 223.28, 138.64)
(272.85, 223.28, 138.64)
(273.29, 230.62, 131.88)
(273.29, 230.62, 131.88)
(274.64, 217.25, 145.47)
(274.64, 217.25, 145.47)
(274.64, 217.25, 145.47)
(274.64, 217.25, 145.47)
(274.64, 217.25, 145.47)
(278.62, 210.92, 153.24)
(278.62, 210.92, 153.24)
(278.62, 210.92, 153.24)
(278.62, 210.92, 153.24)
(278.62, 210.92, 153.24)
(278.62, 210.92, 153.24)
(280.97, 203.27, 160.72)
(280.97, 203.27, 160.72)
(280.97, 203.27, 160.72)
(285.50, 207.84, 158.65)
(285.50, 207.84, 158.65)
(285.50, 207.84, 158.65)
(285.50, 207.84, 158.65)
(288.17, 202.65, 163.49)
(288.17, 202.65, 163.49)
(288.17, 202.65, 163.49)
(288.17, 202.65, 163.49)
(288.17, 202.65, 163.49)
(288.17, 202.65, 163.49)
(293.50, 183.97, 177.40)
(293.50, 183.97, 177.40)
(293.50, 183.97, 177.40)
(296.95, 192.44, 172.35)
(296.95, 192.44, 172.35)
(296.95, 192.44, 172.35)
(296.95, 192.44, 172.35)
(302.43, 191.40, 173.72)
(302.43, 191.40, 173.72)
(302.43, 191.40, 173.72)
(302.43, 191.40, 173.72)
(302.43, 191.40, 173.72)
(302.43, 191.40, 173.72)
(303.26, 182.45, 178.68)
(303.26, 182.45, 178.68)
(303.26, 182.45, 178.68)
(301.31, 184.46, 177.49)
(301.31, 184.46, 177.49)
(301.31, 184.46, 177.49)
(301.31, 184.46, 177.49)
(300.98, 182.27, 178.71)
(300.98, 182.27, 178.71)
(300.98, 182.27, 178.71)
(300.98, 182.27, 178.71)
(300.98, 182.27, 178.71)
(300.98, 182.27, 178.71)
(310.38, 189.87, 175.43)
(310.38, 189.87, 175.43)
(310.38, 189.87, 175.43)
(310.32, 188.12, 176.24)
(310.32, 188.12, 176.24)
(310.32, 188.12, 176.24)
(310.32, 188.12, 176.24)
(310.32, 188.12, 176.24)
(309.59, 190.02, 175.28)
(309.59, 190.02, 175.28)
(309.59, 190.02, 175.28)
(309.59, 190.02, 175.28)
(309.59, 190.02, 175.28)
(309.59, 190.02, 175.28)
(311.50, 182.65, 178.81)
(311.50, 182.65, 178.81)
(311.50, 182.65, 178.81)
(311.50, 182.65, 178.81)
(311.50, 182.65, 178.81)
(319.31, 187.07, 177.38)
(319.31, 187.07, 177.38)
(319.31, 187.07, 177.38)
(319.31, 187.07, 177.38)
(319.31, 187.07, 177.38)
(319.70, 190.56, 176.11)
(319.70, 190.56, 176.11)
(319.70, 190.56, 176.11)
(324.70, 186.34, 177.98)
(324.70, 186.34, 177.98)
(324.70, 186.34, 177.98)
(324.70, 186.34, 177.98)
(324.70, 186.34, 177.98)
(328.19, 184.59, 178.69)
(328.19, 184.59, 178.69)
(334.48, 183.14, 179.29)
(334.48, 183.14, 179.29)
(334.48, 183.14, 179.29)
(334.48, 183.14, 179.29)
(334.48, 183.14, 179.29)
(334.48, 183.14, 179.29)
(339.80, 186.85, 178.78)
(339.80, 186.85, 178.78)
(339.80, 186.85, 178.78)
(339.80, 186.85, 178.78)
(339.80, 186.85, 178.78)
(335.76, 191.08, 177.61)
(335.76, 191.08, 177.61)
(335.76, 191.08, 177.61)
(335.76, 191.08, 177.61)
(335.76, 191.08, 177.61)
(335.76, 191.08, 177.61)
(335.76, 191.08, 177.61)
(335.76, 191.08, 177.61)
(338.70, 204.05, 175.41)
(338.70, 204.05, 175.41)
(338.70, 204.05, 175.41)
(338.70, 204.05, 175.41)
(338.70, 204.05, 175.41)
(341.81, 198.88, 176.95)
(341.81, 198.88, 176.95)
(341.81, 198.88, 176.95)
(341.81, 198.88, 176.95)
(341.81, 198.88, 176.95)
(341.81, 198.88, 176.95)
(345.25, 200.04, 177.38)
(345.25, 200.04, 177.38)
(345.25, 200.04, 177.38)
(346.33, 188.61, 178.97)
(346.33, 188.61, 178.97)
(346.33, 188.61, 178.97)
(346.33, 188.61, 178.97)
(346.33, 188.61, 178.97)
(346.33, 188.61, 178.97)
(346.33, 188.61, 178.97)
(350.36, 225.15, 175.98)
(350.36, 225.15, 175.98)
(350.36, 225.15, 175.98)
(350.36, 225.15, 175.98)
(350.36, 225.15, 175.98)
(350.36, 225.15, 175.98)
(350.36, 225.15, 175.98)
(350.36, 225.15, 175.98)
(359.34, 347.25, 174.07)
(359.34, 347.25, 174.07)
(359.34, 347.25, 174.07)
(4.71, 94.21, 175.62)
(4.71, 94.21, 175.62)
(4.71, 94.21, 175.62)
(4.71, 94.21, 175.62)
(4.71, 94.21, 175.62)
(11.57, 113.52, 172.40)
(11.57, 113.52, 172.40)
(11.57, 113.52, 172.40)
(10.07, 105.05, 172.27)
(10.07, 105.05, 172.27)
(10.07, 105.05, 172.27)
(10.07, 105.05, 172.27)
(10.07, 105.05, 172.27)
(11.72, 121.98, 173.49)
(11.72, 121.98, 173.49)
(11.72, 121.98, 173.49)
(11.72, 121.98, 173.49)
(11.72, 121.98, 173.49)
(19.40, 136.74, 172.24)
(19.40, 136.74, 172.24)
(19.40, 136.74, 172.24)
(19.88, 133.59, 171.41)
(19.88, 133.59, 171.41)
(19.88, 133.59, 171.41)
(19.88, 133.59, 171.41)
(19.88, 133.59, 171.41)
(19.88, 133.59, 171.41)
(19.88, 133.59, 171.41)
(19.88, 133.59, 171.41)
(18.62, 132.36, 171.72)
(18.62, 132.36, 171.72)
(18.62, 132.36, 171.72)
(26.27, 143.84, 171.29)
(26.27, 143.84, 171.29)
(26.27, 143.84, 171.29)
(26.27, 143.84, 171.29)
(26.27, 143.84, 171.29)
(26.27, 143.84, 171.29)
(30.52, 141.50, 169.12)
(30.52, 141.50, 169.12)
(31.04, 143.50, 169.54)
(31.04, 143.50, 169.54)
(31.04, 143.50, 169.54)
(31.04, 143.50, 169.54)
(31.04, 143.50, 169.54)
(31.04, 143.50, 169.54)
(31.04, 143.50, 169.54)
(31.04, 143.50, 169.54)
(31.04, 143.50, 169.54)
(28.76, 137.43, 168.59)
(28.76, 137.43, 168.59)
(28.76, 137.43, 168.59)
(28.76, 137.43, 168.59)
(37.08, 137.89, 165.29)
(37.08, 137.89, 165.29)
(37.08, 137.89, 165.29)
(37.08, 137.89, 165.29)
(37.08, 137.89, 165.29)
(37.08, 137.89, 165.29)
(36.56, 134.38, 164.18)
(36.56, 134.38, 164.18)
(36.56, 134.38, 164.18)
(36.56, 134.38, 164.18)
(36.56, 134.38, 164.18)
(36.56, 134.38, 164.18)
(31.27, 130.06, 165.15)
(31.27, 130.06, 165.15)
(31.17, 147.79, 170.79)
(31.17, 147.79, 170.79)
(31.17, 147.79, 170.79)
(31.17, 147.79, 170.79)
(31.17, 147.79, 170.79)
(31.17, 147.79, 170.79)
(33.99, 149.69, 170.53)
(33.99, 149.69, 170.53)
(33.99, 149.69, 170.53)
(33.99, 149.69, 170.53)
(33.99, 149.69, 170.53)
(32.84, 147.18, 170.08)
(32.84, 147.18, 170.08)
(29.90, 143.12, 169.83)
(29.90, 143.12, 169.83)
(29.90, 143.12, 169.83)
(29.90, 143.12, 169.83)
(29.90, 143.12, 169.83)
(29.90, 143.12, 169.83)
(31.18, 139.94, 168.38)
(31.18, 139.94, 168.38)
(31.18, 139.94, 168.38)
(31.79, 131.64, 165.43)
(31.79, 131.64, 165.43)
(31.79, 131.64, 165.43)
(31.79, 131.64, 165.43)
(31.79, 131.64, 165.43)
(31.79, 131.64, 165.43)
(31.79, 131.64, 165.43)
(32.05, 132.34, 165.54)
(32.05, 132.34, 165.54)
(32.05, 132.34, 165.54)
(30.55, 134.28, 166.87)
(30.55, 134.28, 166.87)
(30.55, 134.28, 166.87)
(30.55, 134.28, 166.87)
(30.55, 134.28, 166.87)
(31.68, 143.51, 169.31)
(31.68, 143.51, 169.31)
(31.68, 143.51, 169.31)
(32.03, 141.65, 168.60)
(32.03, 141.65, 168.60)
(32.03, 141.65, 168.60)
(32.03, 141.65, 168.60)
(32.03, 141.65, 168.60)
(32.03, 141.65, 168.60)
(29.84, 133.97, 167.09)
(29.84, 133.97, 167.09)
(29.84, 133.97, 167.09)
(29.91, 136.25, 167.76)
(29.91, 136.25, 167.76)
(29.91, 136.25, 167.76)
(29.91, 136.25, 167.76)
(29.91, 136.25, 167.76)
(30.99, 138.79, 168.10)
(30.99, 138.79, 168.10)
(30.99, 138.79, 168.10)
(30.99, 138.79, 168.10)
(30.99, 138.79, 168.10)
(31.09, 133.56, 166.39)
(31.09, 133.56, 166.39)
(31.09, 133.56, 166.39)
(30.99, 133.70, 166.48)
(30.99, 133.70, 166.48)
(30.99, 133.70, 166.48)
(30.99, 133.70, 166.48)
(30.99, 133.70, 166.48)
(30.99, 133.70, 166.48)
(30.99, 133.70, 166.48)
(31.78, 139.62, 168.05)
(31.78, 139.62, 168.05)
(31.78, 139.62, 168.05)
(31.07, 136.95, 167.48)
(31.07, 136.95, 167.48)
(31.07, 136.95, 167.48)
(31.07, 136.95, 167.48)
(31.07, 136.95, 167.48)
(31.07, 136.95, 167.48)
(31.82, 136.54, 167.04)
(31.82, 136.54, 167.04)
(31.82, 136.54, 167.04)
(31.82, 136.54, 167.04)
(31.82, 136.54, 167.04)
(31.82, 136.54, 167.04)
(31.82, 136.54, 167.04)
(31.82, 136.54, 167.04)
(31.87, 133.07, 165.87)
(31.87, 133.07, 165.87)
(31.87, 133.07, 165.87)
(31.87, 133.07, 165.87)
(30.32, 141.18, 169.09)
(30.32, 141.18, 169.09)
(30.32, 141.18, 169.09)
(28.93, 150.65, 172.27)
(28.93, 150.65, 172.27)
(28.93, 150.65, 172.27)
(28.93, 150.65, 172.27)
(28.93, 150.65, 172.27)
(28.93, 150.65, 172.27)
(31.47, 142.98, 169.22)
(31.47, 142.98, 169.22)
(31.47, 142.98, 169.22)
(31.47, 142.98, 169.22)
(31.47, 142.98, 169.22)
(31.47, 142.98, 169.22)
(33.08, 141.21, 168.06)
(33.08, 141.21, 168.06)
(33.08, 141.21, 168.06)
(33.08, 141.21, 168.06)
(33.08, 141.21, 168.06)
(32.85, 140.84, 168.03)
(32.85, 140.84, 168.03)
(32.85, 140.84, 168.03)
(32.73, 135.27, 166.22)
(32.73, 135.27, 166.22)
(32.73, 135.27, 166.22)
(32.73, 135.27, 166.22)
(32.73, 135.27, 166.22)
(32.73, 135.27, 166.22)
(32.73, 135.27, 166.22)
(31.56, 128.42, 164.45)
(31.56, 128.42, 164.45)
(31.47, 137.98, 167.65)
(31.47, 137.98, 167.65)
(31.47, 137.98, 167.65)
(31.47, 137.98, 167.65)
(32.12, 142.71, 168.90)
(32.12, 142.71, 168.90)
(32.12, 142.71, 168.90)
(32.12, 142.71, 168.90)
(32.12, 142.71, 168.90)
(33.45, 142.44, 168.33)
(33.45, 142.44, 168.33)
(33.45, 142.44, 168.33)
(33.45, 142.44, 168.33)
(33.45, 142.44, 168.33)
(31.71, 136.15, 166.96)
(31.71, 136.15, 166.96)
(31.71, 136.15, 166.96)
(31.71, 136.15, 166.96)
(31.71, 136.15, 166.96)
(31.71, 136.15, 166.96)
(31.25, 135.57, 166.97)
(31.75, 137.37, 167.34)
(31.75, 137.37, 167.34)
(31.75, 137.37, 167.34)
(31.75, 137.37, 167.34)
(30.94, 132.88, 166.24)
(30.94, 132.88, 166.24)
(30.94, 132.88, 166.24)
(30.94, 132.88, 166.24)
(30.94, 132.88, 166.24)
(30.94, 132.88, 166.24)
(30.94, 132.88, 166.24)
(31.37, 132.86, 166.03)
(31.37, 132.86, 166.03)
(31.95, 135.05, 166.49)
(31.95, 135.05, 166.49)
(31.95, 135.05, 166.49)
(31.95, 135.05, 166.49)
(31.95, 135.05, 166.49)
(31.95, 135.05, 166.49)
(31.59, 135.96, 166.95)
(31.59, 135.96, 166.95)
(31.59, 135.96, 166.95)
(32.02, 138.09, 167.46)
(32.02, 138.09, 167.46)
(32.02, 138.09, 167.46)
(32.02, 138.09, 167.46)
(32.02, 138.09, 167.46)
(32.02, 138.09, 167.46)
(31.51, 138.15, 167.69)
(31.51, 138.15, 167.69)
(31.51, 138.15, 167.69)
(31.51, 138.15, 167.69)
(31.51, 138.15, 167.69)
(31.51, 138.15, 167.69)
(31.51, 138.15, 167.69)
(31.51, 138.15, 167.69)
(31.51, 138.15, 167.69)
(31.24, 134.99, 166.79)
(31.24, 134.99, 166.79)
(31.24, 134.99, 166.79)
(30.97, 134.48, 166.74)
(30.97, 134.48, 166.74)
(30.97, 134.48, 166.74)
(30.97, 134.48, 166.74)
(31.56, 134.32, 166.42)
(31.56, 134.32, 166.42)
(31.56, 134.32, 166.42)
(31.56, 134.32, 166.42)
(31.56, 134.32, 166.42)
(31.56, 134.32, 166.42)
(31.56, 134.32, 166.42)
(31.49, 134.13, 166.39)
(31.49, 134.13, 166.39)
(30.23, 131.55, 166.14)
(30.23, 131.55, 166.14)
(30.23, 131.55, 166.14)
(30.23, 131.55, 166.14)
(30.23, 131.55, 166.14)
(31.26, 139.38, 168.18)
(31.26, 139.38, 168.18)
(31.26, 139.38, 168.18)
(31.26, 139.38, 168.18)
(31.26, 139.38, 168.18)
(31.26, 139.38, 168.18)
(31.30, 138.51, 167.88)
(31.30, 138.51, 167.88)
(31.30, 138.51, 167.88)
(31.30, 138.51, 167.88)
(31.86, 136.10, 166.88)
(31.86, 136.10, 166.88)
(31.86, 136.10, 166.88)
(32.33, 138.89, 167.59)
(32.33, 138.89, 167.59)
(32.33, 138.89, 167.59)
(32.33, 138.89, 167.59)
(32.17, 134.51, 166.22)
(32.17, 134.51, 166.22)
(32.17, 134.51, 166.22)
(32.17, 134.51, 166.22)
(31.08, 133.27, 166.30)
(31.08, 133.27, 166.30)
(31.08, 133.27, 166.30)
(31.08, 133.27, 166.30)
(31.08, 133.27, 166.30)
(31.08, 133.27, 166.30)
(32.39, 140.35, 168.04)
(32.39, 140.35, 168.04)
(32.39, 140.35, 168.04)
(32.39, 140.35, 168.04)
(32.39, 140.35, 168.04)
(33.05, 136.50, 166.50)
(33.05, 136.50, 166.50)
(33.05, 136.50, 166.50)
(33.05, 136.50, 166.50)
(33.05, 136.50, 166.50)
(33.05, 136.50, 166.50)
(33.05, 136.50, 166.50)
(33.05, 136.50, 166.50)
(31.69, 136.16, 166.97)
(31.69, 136.16, 166.97)
(31.69, 136.16, 166.97)
(31.44, 135.11, 166.74)
(31.44, 135.11, 166.74)
(31.44, 135.11, 166.74)
(31.43, 133.22, 166.12)
(31.43, 133.22, 166.12)
(31.43, 133.22, 166.12)
(31.43, 133.22, 166.12)
(31.43, 133.22, 166.12)
(31.43, 133.22, 166.12)
(31.43, 133.22, 166.12)
(32.13, 140.41, 168.16)
(32.13, 140.41, 168.16)
(32.13, 140.41, 168.16)
(32.13, 140.41, 168.16)
(32.13, 140.41, 168.16)
(32.13, 140.41, 168.16)
(31.76, 133.53, 166.07)
(31.76, 133.53, 166.07)
(31.76, 133.53, 166.07)
(31.76, 133.53, 166.07)
(31.76, 133.53, 166.07)
(32.13, 132.32, 165.50)
(32.13, 132.32, 165.50)
(32.13, 132.32, 165.50)
(32.13, 132.32, 165.50)
(32.13, 132.32, 165.50)
(32.13, 132.32, 165.50)
(32.03, 131.02, 165.10)
(32.03, 131.02, 165.10)
(31.69, 136.36, 167.03)
(31.69, 136.36, 167.03)
(31.69, 136.36, 167.03)
(32.06, 138.37, 167.53)
(32.06, 138.37, 167.53)
(32.06, 138.37, 167.53)
(32.06, 138.37, 167.53)
(32.06, 138.37, 167.53)
(32.06, 138.37, 167.53)
(32.06, 138.37, 167.53)
(32.06, 138.37, 167.53)
(32.26, 139.18, 167.71)
(32.26, 139.18, 167.71)
(33.49, 146.59, 169.68)
(33.49, 146.59, 169.68)
(33.49, 146.59, 169.68)
(33.49, 146.59, 169.68)
(33.49, 146.59, 169.68)
(33.49, 146.59, 169.68)
(33.49, 146.59, 169.68)
(33.49, 146.59, 169.68)
(33.49, 146.59, 169.68)
(33.49, 146.59, 169.68)
(33.49, 146.59, 169.68)
(33.49, 146.59, 169.68)
(33.49, 146.59, 169.68)
(33.49, 146.59, 169.68)
(30.38, 126.88, 164.54)
(30.38, 126.88, 164.54)
(30.38, 126.88, 164.54)
(30.06, 128.96, 165.39)
(30.06, 128.96, 165.39)
(30.33, 131.55, 166.09)
(30.33, 131.55, 166.09)
(30.33, 131.55, 166.09)
(30.33, 131.55, 166.09)
(30.33, 131.55, 166.09)
(30.33, 131.55, 166.09)
(30.33, 131.55, 166.09)
(30.33, 131.55, 166.09)
(32.86, 138.95, 167.40)
(32.86, 138.95, 167.40)
(32.86, 138.95, 167.40)
(32.86, 138.95, 167.40)
(32.86, 138.95, 167.40)
(32.09, 140.08, 168.07)
(32.09, 140.08, 168.07)
(32.09, 140.08, 168.07)
(32.09, 140.08, 168.07)
(32.09, 140.08, 168.07)
(32.09, 140.08, 168.07)
(32.09, 140.08, 168.07)
(32.09, 140.08, 168.07)
