(350.71, 358.66, 16.37)
(350.71, 358.66, 16.37)
(349.48, 358.50, 16.21)
(348.14, 358.26, 16.66)
(348.14, 358.26, 16.66)
(348.14, 358.26, 16.66)
(348.14, 358.26, 16.66)
(348.42, 358.42, 15.49)
(348.42, 358.42, 15.49)
(349.12, 358.48, 15.86)
(349.12, 358.48, 15.86)
(349.12, 358.48, 15.86)
(349.12, 358.48, 15.86)
(348.70, 358.36, 16.45)
(348.70, 358.36, 16.45)
(348.70, 358.36, 16.45)
(348.70, 358.36, 16.45)
(348.70, 358.36, 16.45)
(348.70, 358.36, 16.45)
(348.70, 358.36, 16.45)
(348.70, 358.36, 16.45)
(348.70, 358.36, 16.45)
(348.70, 358.36, 16.45)
(348.70, 358.36, 16.45)
(347.65, 358.26, 15.95)
(347.65, 358.26, 15.95)
(347.65, 358.26, 15.95)
(347.65, 358.26, 15.95)
(347.65, 358.26, 15.95)
(347.65, 358.26, 15.95)
(348.31, 358.36, 15.92)
(348.31, 358.36, 15.92)
(348.31, 358.36, 15.92)
(348.82, 358.31, 17.14)
(348.82, 358.31, 17.14)
(348.82, 358.31, 17.14)
(348.82, 358.31, 17.14)
(348.82, 358.31, 17.14)
(348.82, 358.31, 17.14)
(347.66, 358.24, 16.19)
(347.66, 358.24, 16.19)
(347.66, 358.24, 16.19)
(347.66, 358.24, 16.19)
(347.66, 358.24, 16.19)
(347.66, 358.24, 16.19)
(348.31, 358.48, 14.76)
(348.31, 358.48, 14.76)
(348.31, 358.48, 14.76)
(348.31, 358.48, 14.76)
(348.31, 358.48, 14.76)
(348.31, 358.48, 14.76)
(348.31, 358.48, 14.76)
(348.31, 358.48, 14.76)
(348.31, 358.48, 14.76)
(348.31, 358.48, 14.76)
(348.31, 358.48, 14.76)
(348.31, 358.48, 14.76)
(348.74, 358.31, 16.99)
(348.74, 358.31, 16.99)
(348.74, 358.31, 16.99)
(348.74, 358.31, 16.99)
(348.83, 358.45, 15.80)
(348.83, 358.45, 15.80)
(348.83, 358.45, 15.80)
(348.83, 358.45, 15.80)
(348.83, 358.45, 15.80)
(348.83, 358.45, 15.80)
(348.21, 358.35, 15.88)
(348.21, 358.35, 15.88)
(348.21, 358.35, 15.88)
(348.21, 358.35, 15.88)
(347.05, 358.14, 16.29)
(347.05, 358.14, 16.29)
(347.05, 358.14, 16.29)
(347.05, 358.14, 16.29)
(347.05, 358.14, 16.29)
(347.05, 358.14, 16.29)
(349.39, 358.45, 16.54)
(349.39, 358.45, 16.54)
(349.39, 358.45, 16.54)
(349.39, 358.45, 16.54)
(349.39, 358.45, 16.54)
(349.39, 358.45, 16.54)
(349.46, 358.49, 16.25)
(349.46, 358.49, 16.25)
(349.46, 358.49, 16.25)
(349.46, 358.49, 16.25)
(349.46, 358.49, 16.25)
(349.46, 358.49, 16.25)
(348.30, 358.35, 15.97)
(348.30, 358.35, 15.97)
(348.30, 358.35, 15.97)
(347.96, 358.31, 15.89)
(347.96, 358.31, 15.89)
(347.96, 358.31, 15.89)
(347.96, 358.31, 15.89)
(347.96, 358.31, 15.89)
(347.96, 358.31, 15.89)
(347.96, 358.31, 15.89)
(348.58, 358.32, 16.69)
(348.58, 358.32, 16.69)
(348.58, 358.32, 16.69)
(348.58, 358.32, 16.69)
(349.03, 358.38, 16.73)
(349.03, 358.38, 16.73)
(349.03, 358.38, 16.73)
(349.03, 358.38, 16.73)
(349.03, 358.38, 16.73)
(349.03, 358.38, 16.73)
(348.98, 358.46, 15.88)
(348.98, 358.46, 15.88)
(348.98, 358.46, 15.88)
(348.98, 358.46, 15.88)
(348.98, 358.46, 15.88)
(348.40, 358.37, 15.92)
(348.40, 358.37, 15.92)
(348.40, 358.37, 15.92)
(348.40, 358.37, 15.92)
(348.40, 358.37, 15.92)
(348.40, 358.37, 15.92)
(348.40, 358.37, 15.92)
(348.40, 358.37, 15.92)
(348.40, 358.37, 15.92)
(348.40, 358.37, 15.92)
(348.40, 358.37, 15.92)
(348.40, 358.37, 15.92)
(348.40, 358.37, 15.92)
(348.68, 358.44, 15.65)
(348.68, 358.44, 15.65)
(348.68, 358.44, 15.65)
(348.35, 358.30, 16.55)
(348.35, 358.30, 16.55)
(348.35, 358.30, 16.55)
(348.35, 358.30, 16.55)
(348.91, 358.44, 15.97)
(348.91, 358.44, 15.97)
(348.91, 358.44, 15.97)
(348.91, 358.44, 15.97)
(348.91, 358.44, 15.97)
(348.91, 358.44, 15.97)
(348.91, 358.44, 15.97)
(348.91, 358.44, 15.97)
(348.91, 358.44, 15.97)
(349.37, 358.44, 16.68)
(349.37, 358.44, 16.68)
(349.37, 358.44, 16.68)
(347.76, 358.08, 17.78)
(347.76, 358.08, 17.78)
(347.76, 358.08, 17.78)
(347.76, 358.08, 17.78)
(347.76, 358.08, 17.78)
(347.76, 358.08, 17.78)
(347.76, 358.08, 17.78)
(347.76, 358.08, 17.78)
(347.76, 358.08, 17.78)
(347.76, 358.08, 17.78)
(347.76, 358.08, 17.78)
(347.76, 358.08, 17.78)
(347.76, 358.08, 17.78)
(348.22, 358.35, 15.84)
(348.22, 358.35, 15.84)
(348.22, 358.35, 15.84)
(348.22, 358.43, 15.16)
(348.22, 358.43, 15.16)
(348.22, 358.43, 15.16)
(348.22, 358.43, 15.16)
(348.22, 358.43, 15.16)
(348.35, 358.40, 15.55)
(348.35, 358.40, 15.55)
(348.35, 358.40, 15.55)
(348.35, 358.40, 15.55)
(349.47, 358.50, 16.21)
(349.47, 358.50, 16.21)
(349.47, 358.50, 16.21)
(349.47, 358.50, 16.21)
(349.47, 358.50, 16.21)
(349.47, 358.50, 16.21)
(349.08, 358.32, 17.41)
(349.08, 358.32, 17.41)
(349.08, 358.32, 17.41)
(349.08, 358.32, 17.41)
(349.08, 358.32, 17.41)
(349.08, 358.32, 17.41)
(348.36, 358.33, 16.31)
(348.36, 358.33, 16.31)
(348.36, 358.33, 16.31)
(348.34, 358.30, 16.52)
(348.34, 358.30, 16.52)
(348.34, 358.30, 16.52)
(348.34, 358.30, 16.52)
(348.34, 358.30, 16.52)
(348.34, 358.30, 16.52)
(348.34, 358.30, 16.52)
(348.34, 358.30, 16.52)
(348.34, 358.30, 16.52)
(348.34, 358.30, 16.52)
(348.68, 358.41, 15.94)
(348.68, 358.41, 15.94)
(348.68, 358.41, 15.94)
(348.11, 358.35, 15.77)
(348.11, 358.35, 15.77)
(348.11, 358.35, 15.77)
(348.11, 358.35, 15.77)
(348.21, 358.31, 16.23)
(348.21, 358.31, 16.23)
(348.21, 358.31, 16.23)
(348.21, 358.31, 16.23)
(348.21, 358.31, 16.23)
(349.30, 358.45, 16.48)
(349.30, 358.45, 16.48)
(349.30, 358.45, 16.48)
(349.30, 358.45, 16.48)
(349.30, 358.45, 16.48)
(349.30, 358.45, 16.48)
(349.27, 358.38, 17.07)
(349.27, 358.38, 17.07)
(349.27, 358.38, 17.07)
(349.01, 358.46, 15.92)
(349.01, 358.46, 15.92)
(349.01, 358.46, 15.92)
(349.01, 358.46, 15.92)
(349.01, 358.46, 15.92)
(349.01, 358.46, 15.92)
(349.01, 358.46, 15.92)
(349.01, 358.46, 15.92)
(349.01, 358.46, 15.92)
(349.01, 358.46, 15.92)
(348.14, 358.25, 16.77)
(348.14, 358.25, 16.77)
(348.14, 358.25, 16.77)
(348.61, 358.36, 16.37)
(348.61, 358.36, 16.37)
(348.61, 358.36, 16.37)
(348.61, 358.36, 16.37)
(348.61, 358.36, 16.37)
(348.61, 358.36, 16.37)
(348.61, 358.36, 16.37)
(348.75, 358.49, 15.23)
(348.75, 358.49, 15.23)
(348.54, 358.44, 15.46)
(348.54, 358.44, 15.46)
(348.54, 358.44, 15.46)
(348.54, 358.44, 15.46)
(348.54, 358.44, 15.46)
(348.54, 358.44, 15.46)
(348.54, 358.44, 15.46)
(348.46, 358.29, 16.85)
(348.46, 358.29, 16.85)
(348.46, 358.29, 16.85)
(348.96, 358.39, 16.53)
(348.96, 358.39, 16.53)
(348.96, 358.39, 16.53)
(348.96, 358.39, 16.53)
(348.96, 358.39, 16.53)
(348.96, 358.39, 16.53)
(348.96, 358.39, 16.53)
(347.78, 358.30, 15.78)
(347.78, 358.30, 15.78)
(347.78, 358.30, 15.78)
(347.78, 358.30, 15.78)
(347.78, 358.30, 15.78)
(347.78, 358.30, 15.78)
(347.42, 358.26, 15.71)
(347.42, 358.26, 15.71)
(347.42, 358.26, 15.71)
(347.42, 358.26, 15.71)
(347.42, 358.26, 15.71)
(347.42, 358.26, 15.71)
(349.08, 358.45, 16.10)
(349.08, 358.45, 16.10)
(349.08, 358.45, 16.10)
(349.08, 358.45, 16.10)
(348.81, 358.41, 16.11)
(348.81, 358.41, 16.11)
(348.81, 358.41, 16.11)
(348.81, 358.41, 16.11)
(348.81, 358.41, 16.11)
(348.81, 358.41, 16.11)
(348.81, 358.41, 16.11)
(348.81, 358.41, 16.11)
(348.66, 358.30, 17.03)
(348.66, 358.30, 17.03)
(348.66, 358.30, 17.03)
(348.48, 358.26, 17.09)
(348.48, 358.26, 17.09)
(348.48, 358.26, 17.09)
(348.48, 358.26, 17.09)
(348.96, 358.50, 15.41)
(348.96, 358.50, 15.41)
(348.96, 358.50, 15.41)
(348.96, 358.50, 15.41)
(348.96, 358.50, 15.41)
(348.96, 358.50, 15.41)
(349.42, 358.56, 15.47)
(349.42, 358.56, 15.47)
(349.42, 358.56, 15.47)
(349.42, 358.56, 15.47)
(349.42, 358.56, 15.47)
(349.42, 358.56, 15.47)
(349.42, 358.56, 15.47)
(348.72, 358.39, 16.15)
(348.72, 358.39, 16.15)
(348.72, 358.39, 16.15)
(348.72, 358.39, 16.15)
(348.72, 358.39, 16.15)
(348.90, 358.36, 16.78)
(348.90, 358.36, 16.78)
(348.90, 358.36, 16.78)
(349.05, 358.45, 16.11)
(349.05, 358.45, 16.11)
(349.05, 358.45, 16.11)
(349.05, 358.45, 16.11)
(349.05, 358.45, 16.11)
(349.05, 358.45, 16.11)
(349.05, 358.45, 16.11)
(349.02, 358.47, 15.81)
(349.02, 358.47, 15.81)
(349.02, 358.47, 15.81)
(349.54, 358.55, 15.72)
(349.54, 358.55, 15.72)
(349.54, 358.55, 15.72)
(349.54, 358.55, 15.72)
(349.54, 358.55, 15.72)
(349.54, 358.55, 15.72)
(350.44, 358.67, 15.83)
(350.44, 358.67, 15.83)
(350.44, 358.67, 15.83)
(350.44, 358.67, 15.83)
(350.44, 358.67, 15.83)
(350.44, 358.67, 15.83)
(350.08, 358.62, 15.83)
(350.08, 358.62, 15.83)
(350.08, 358.62, 15.83)
(350.08, 358.62, 15.83)
(350.08, 358.62, 15.83)
(350.08, 358.62, 15.83)
(348.81, 358.43, 15.94)
(348.81, 358.43, 15.94)
(349.78, 358.63, 15.21)
(349.78, 358.63, 15.21)
(349.78, 358.63, 15.21)
(349.78, 358.63, 15.21)
(349.78, 358.63, 15.21)
(349.78, 358.63, 15.21)
(349.78, 358.63, 15.21)
(348.61, 358.47, 15.27)
(348.61, 358.47, 15.27)
(348.61, 358.47, 15.27)
(347.47, 358.20, 16.31)
(347.47, 358.20, 16.31)
(347.47, 358.20, 16.31)
(347.47, 358.20, 16.31)
(347.47, 358.20, 16.31)
(347.47, 358.20, 16.31)
(348.99, 358.67, 13.77)
(348.99, 358.67, 13.77)
(348.99, 358.67, 13.77)
(348.99, 358.67, 13.77)
(348.99, 358.67, 13.77)
(350.46, 358.72, 15.30)
(350.46, 358.72, 15.30)
(350.46, 358.72, 15.30)
(350.46, 358.72, 15.30)
(350.46, 358.72, 15.30)
(350.46, 358.72, 15.30)
(350.56, 358.73, 15.30)
(350.56, 358.73, 15.30)
(351.65, 358.87, 15.33)
(351.65, 358.87, 15.33)
(351.65, 358.87, 15.33)
(351.65, 358.87, 15.33)
(351.65, 358.87, 15.33)
(351.65, 358.87, 15.33)
(349.85, 358.73, 14.20)
(349.85, 358.73, 14.20)
(349.85, 358.73, 14.20)
(348.31, 358.64, 13.26)
(348.31, 358.64, 13.26)
(348.31, 358.64, 13.26)
(348.31, 358.64, 13.26)
(348.31, 358.64, 13.26)
(348.81, 358.45, 15.74)
(348.81, 358.45, 15.74)
(348.81, 358.45, 15.74)
(348.81, 358.45, 15.74)
(348.81, 358.45, 15.74)
(348.81, 358.45, 15.74)
(348.81, 358.45, 15.74)
(350.32, 358.72, 14.98)
(350.32, 358.72, 14.98)
(350.32, 358.72, 14.98)
(351.88, 358.99, 14.18)
(351.88, 358.99, 14.18)
(351.88, 358.99, 14.18)
(351.88, 358.99, 14.18)
(351.88, 358.99, 14.18)
(350.04, 358.72, 14.63)
(350.04, 358.72, 14.63)
(350.04, 358.72, 14.63)
(350.04, 358.72, 14.63)
(350.04, 358.72, 14.63)
(350.04, 358.72, 14.63)
(350.04, 358.72, 14.63)
(349.82, 358.64, 15.18)
(349.82, 358.64, 15.18)
(349.82, 358.64, 15.18)
(349.82, 358.64, 15.18)
(349.82, 358.64, 15.18)
(349.82, 358.64, 15.18)
(350.84, 358.91, 13.51)
(350.84, 358.91, 13.51)
(350.84, 358.91, 13.51)
(350.14, 358.63, 15.81)
(350.14, 358.63, 15.81)
(350.14, 358.63, 15.81)
(350.14, 358.63, 15.81)
(350.14, 358.63, 15.81)
(350.14, 358.63, 15.81)
(350.14, 358.63, 15.81)
(349.65, 358.75, 13.70)
(349.65, 358.75, 13.70)
(349.65, 358.75, 13.70)
(349.65, 358.75, 13.70)
(349.65, 358.75, 13.70)
(350.46, 358.82, 14.02)
(350.46, 358.82, 14.02)
(350.23, 358.67, 15.53)
(350.23, 358.67, 15.53)
(350.23, 358.67, 15.53)
(350.23, 358.67, 15.53)
(350.23, 358.67, 15.53)
(350.23, 358.67, 15.53)
(350.23, 358.67, 15.53)
(350.23, 358.67, 15.53)
(350.23, 358.67, 15.53)
(350.23, 358.67, 15.53)
(350.92, 358.77, 15.46)
(350.92, 358.77, 15.46)
(349.80, 358.72, 14.29)
(349.80, 358.72, 14.29)
(349.80, 358.72, 14.29)
(349.80, 358.72, 14.29)
(349.80, 358.72, 14.29)
(349.80, 358.72, 14.29)
(349.80, 358.72, 14.29)
(350.07, 358.74, 14.38)
(350.07, 358.74, 14.38)
(350.07, 358.74, 14.38)
(350.79, 358.73, 15.71)
(350.79, 358.73, 15.71)
(350.79, 358.73, 15.71)
(350.79, 358.73, 15.71)
(350.79, 358.73, 15.71)
(350.79, 358.73, 15.71)
(350.84, 358.80, 14.87)
(350.84, 358.80, 14.87)
(350.84, 358.80, 14.87)
(350.66, 358.82, 14.43)
(350.66, 358.82, 14.43)
(350.66, 358.82, 14.43)
(350.66, 358.82, 14.43)
(350.66, 358.82, 14.43)
(350.66, 358.82, 14.43)
(350.66, 358.82, 14.43)
(350.66, 358.82, 14.43)
(350.66, 358.82, 14.43)
(350.66, 358.82, 14.43)
(350.66, 358.82, 14.43)
(350.66, 358.82, 14.43)
(350.30, 358.79, 14.20)
(350.30, 358.79, 14.20)
(350.30, 358.79, 14.20)
(350.30, 358.79, 14.20)
(350.30, 358.79, 14.20)
(350.30, 358.79, 14.20)
(350.26, 358.66, 15.58)
(350.26, 358.66, 15.58)
(350.26, 358.66, 15.58)
(350.10, 358.68, 15.16)
(350.10, 358.68, 15.16)
(350.10, 358.68, 15.16)
(350.10, 358.68, 15.16)
(350.10, 358.68, 15.16)
(350.10, 358.68, 15.16)
(350.61, 358.81, 14.47)
(350.61, 358.81, 14.47)
(350.61, 358.81, 14.47)
(350.59, 358.76, 15.05)
(350.69, 358.70, 15.85)
(350.69, 358.70, 15.85)
(350.69, 358.70, 15.85)
(350.69, 358.70, 15.85)
(350.37, 358.77, 14.56)
(350.37, 358.77, 14.56)
(350.37, 358.77, 14.56)
(350.37, 358.77, 14.56)
(350.37, 358.77, 14.56)
(350.37, 358.77, 14.56)
(350.37, 358.77, 14.56)
(350.37, 358.77, 14.56)
(350.37, 358.77, 14.56)
(350.18, 358.65, 15.62)
(350.18, 358.65, 15.62)
(350.18, 358.65, 15.62)
(350.18, 358.65, 15.62)
(350.18, 358.65, 15.62)
(350.18, 358.65, 15.62)
(352.30, 359.14, 12.72)
(352.30, 359.14, 12.72)
(352.30, 359.14, 12.72)
(352.30, 359.14, 12.72)
(352.30, 359.14, 12.72)
(350.90, 358.94, 13.28)
(350.90, 358.94, 13.28)
(350.90, 358.94, 13.28)
(350.90, 358.94, 13.28)
(350.90, 358.94, 13.28)
(350.90, 358.94, 13.28)
(348.13, 358.27, 16.51)
(348.13, 358.27, 16.51)
(348.13, 358.27, 16.51)
(350.04, 358.66, 15.26)
(350.04, 358.66, 15.26)
(350.04, 358.66, 15.26)
(350.04, 358.66, 15.26)
(350.04, 358.66, 15.26)
(350.04, 358.66, 15.26)
(350.04, 358.66, 15.26)
(352.13, 359.04, 13.89)
(352.13, 359.04, 13.89)
(352.13, 359.04, 13.89)
(351.83, 358.95, 14.66)
(351.83, 358.95, 14.66)
(351.83, 358.95, 14.66)
(351.83, 358.95, 14.66)
(351.83, 358.95, 14.66)
(351.83, 358.95, 14.66)
(351.83, 358.95, 14.66)
(351.83, 358.95, 14.66)
(351.83, 358.95, 14.66)
(350.55, 358.70, 15.59)
(350.55, 358.70, 15.59)
(350.55, 358.70, 15.59)
(350.64, 358.73, 15.45)
(350.64, 358.73, 15.45)
(350.64, 358.73, 15.45)
(350.64, 358.73, 15.45)
(350.64, 358.73, 15.45)
(350.64, 358.73, 15.45)
(350.64, 358.73, 15.45)
(350.64, 358.73, 15.45)
(350.64, 358.73, 15.45)
(349.06, 358.65, 14.08)
(349.06, 358.65, 14.08)
(349.06, 358.65, 14.08)
(349.06, 358.65, 14.08)
(349.06, 358.65, 14.08)
(349.06, 358.65, 14.08)
(349.06, 358.65, 14.08)
(349.06, 358.65, 14.08)
(349.06, 358.65, 14.08)
(349.06, 358.65, 14.08)
(349.89, 358.78, 13.76)
(349.89, 358.78, 13.76)
(349.89, 358.78, 13.76)
(352.12, 358.94, 15.36)
(352.12, 358.94, 15.36)
(352.12, 358.94, 15.36)
(351.48, 358.80, 15.96)
(351.48, 358.80, 15.96)
(351.48, 358.80, 15.96)
(351.48, 358.80, 15.96)
(351.48, 358.80, 15.96)
(351.48, 358.80, 15.96)
(350.57, 358.81, 14.33)
(350.57, 358.81, 14.33)
(350.57, 358.81, 14.33)
(350.57, 358.81, 14.33)
(350.57, 358.81, 14.33)
(350.57, 358.81, 14.33)
(350.11, 358.71, 14.85)
(350.11, 358.71, 14.85)
(350.11, 358.71, 14.85)
(350.11, 358.71, 14.85)
(350.11, 358.71, 14.85)
(350.11, 358.71, 14.85)
(349.80, 358.62, 15.35)
(349.80, 358.62, 15.35)
(349.80, 358.62, 15.35)
(349.80, 358.62, 15.35)
(351.32, 358.90, 14.37)
(351.32, 358.90, 14.37)
(351.32, 358.90, 14.37)
(351.32, 358.90, 14.37)
(351.32, 358.90, 14.37)
(351.32, 358.90, 14.37)
(351.08, 358.83, 14.91)
(351.08, 358.83, 14.91)
(351.08, 358.83, 14.91)
(350.20, 358.61, 16.07)
(350.20, 358.61, 16.07)
(350.20, 358.61, 16.07)
(350.20, 358.61, 16.07)
(350.20, 358.61, 16.07)
(350.20, 358.61, 16.07)
(350.54, 358.74, 15.11)
(350.54, 358.74, 15.11)
(350.54, 358.74, 15.11)
(350.54, 358.74, 15.11)
(350.54, 358.74, 15.11)
(350.54, 358.74, 15.11)
(350.15, 358.71, 14.88)
(350.15, 358.71, 14.88)
(350.15, 358.71, 14.88)
(350.15, 358.71, 14.88)
(350.15, 358.71, 14.88)
(350.15, 358.71, 14.88)
(350.15, 358.71, 14.88)
(350.15, 358.71, 14.88)
(350.15, 358.71, 14.88)
(351.34, 358.87, 14.88)
(351.34, 358.87, 14.88)
(351.34, 358.87, 14.88)
(351.34, 358.87, 14.88)
(351.34, 358.87, 14.88)
(351.34, 358.87, 14.88)
(351.34, 358.87, 14.88)
(350.81, 358.73, 15.67)
(350.81, 358.73, 15.67)
(350.81, 358.73, 15.67)
(351.82, 358.92, 14.99)
(351.82, 358.92, 14.99)
(351.82, 358.92, 14.99)
(351.82, 358.92, 14.99)
(351.82, 358.92, 14.99)
(351.82, 358.92, 14.99)
(350.13, 358.66, 15.46)
(350.13, 358.66, 15.46)
(350.13, 358.66, 15.46)
(350.13, 358.66, 15.46)
(350.13, 358.66, 15.46)
(350.13, 358.66, 15.46)
(349.52, 358.60, 15.16)
(349.52, 358.60, 15.16)
(349.52, 358.60, 15.16)
(349.52, 358.60, 15.16)
(349.52, 358.60, 15.16)
(349.52, 358.60, 15.16)
(350.07, 358.73, 14.54)
(350.07, 358.73, 14.54)
(350.07, 358.73, 14.54)
(350.07, 358.73, 14.54)
(350.07, 358.73, 14.54)
(350.07, 358.73, 14.54)
(350.07, 358.73, 14.54)
(350.56, 358.74, 15.14)
(350.56, 358.74, 15.14)
(351.88, 358.88, 15.65)
(351.88, 358.88, 15.65)
(351.94, 358.89, 15.62)
(351.94, 358.89, 15.62)
(351.94, 358.89, 15.62)
(351.94, 358.89, 15.62)
(351.94, 358.89, 15.62)
(351.94, 358.89, 15.62)
(350.43, 358.72, 15.15)
(350.43, 358.72, 15.15)
(350.43, 358.72, 15.15)
(350.43, 358.72, 15.15)
(350.43, 358.72, 15.15)
(349.41, 358.61, 14.93)
(349.41, 358.61, 14.93)
(349.41, 358.61, 14.93)
(349.41, 358.61, 14.93)
(349.41, 358.61, 14.93)
(349.41, 358.61, 14.93)
(350.76, 358.76, 15.29)
(350.76, 358.76, 15.29)
(350.76, 358.76, 15.29)
(350.48, 358.74, 15.03)
(350.48, 358.74, 15.03)
(350.48, 358.74, 15.03)
(350.48, 358.74, 15.03)
(350.48, 358.74, 15.03)
(350.48, 358.74, 15.03)
(350.48, 358.74, 15.03)
(349.53, 358.65, 14.61)
(349.53, 358.65, 14.61)
(349.53, 358.65, 14.61)
(351.24, 358.85, 14.91)
(351.24, 358.85, 14.91)
(351.24, 358.85, 14.91)
(351.24, 358.85, 14.91)
(351.24, 358.85, 14.91)
(352.04, 359.03, 13.90)
(352.04, 359.03, 13.90)
(352.04, 359.03, 13.90)
(352.04, 359.03, 13.90)
(352.04, 359.03, 13.90)
(352.04, 359.03, 13.90)
(352.04, 359.03, 13.90)
(350.34, 358.65, 15.90)
(350.34, 358.65, 15.90)
(350.34, 358.65, 15.90)
(350.34, 358.65, 15.90)
(350.34, 358.65, 15.90)
(350.34, 358.65, 15.90)
(350.01, 358.66, 15.26)
(350.01, 358.66, 15.26)
(350.01, 358.66, 15.26)
(351.24, 358.88, 14.54)
(351.24, 358.88, 14.54)
(351.24, 358.88, 14.54)
(351.24, 358.88, 14.54)
(351.24, 358.88, 14.54)
(351.24, 358.88, 14.54)
(351.24, 358.88, 14.54)
(351.24, 358.88, 14.54)
(351.24, 358.88, 14.54)
(350.96, 358.81, 15.01)
(350.96, 358.81, 15.01)
(350.96, 358.81, 15.01)
(350.04, 358.64, 15.53)
(350.04, 358.64, 15.53)
(350.04, 358.64, 15.53)
(350.04, 358.64, 15.53)
(350.04, 358.64, 15.53)
(350.04, 358.64, 15.53)
(350.29, 358.77, 14.35)
(350.29, 358.77, 14.35)
(350.29, 358.77, 14.35)
(350.32, 358.76, 14.58)
(350.32, 358.76, 14.58)
(350.32, 358.76, 14.58)
(350.32, 358.76, 14.58)
(350.32, 358.76, 14.58)
(350.32, 358.76, 14.58)
(349.55, 358.60, 15.21)
(349.55, 358.60, 15.21)
(349.55, 358.60, 15.21)
(349.55, 358.60, 15.21)
(349.55, 358.60, 15.21)
(349.55, 358.60, 15.21)
(349.55, 358.60, 15.21)
(349.55, 358.60, 15.21)
(349.55, 358.60, 15.21)
(349.55, 358.60, 15.21)
(352.04, 358.94, 15.10)
(352.04, 358.94, 15.10)
(352.04, 358.94, 15.10)
(352.04, 358.94, 15.10)
(352.04, 358.94, 15.10)
(352.04, 358.94, 15.10)
(350.66, 358.79, 14.74)
(350.66, 358.79, 14.74)
(350.66, 358.79, 14.74)
(350.66, 358.79, 14.74)
(350.66, 358.79, 14.74)
(349.53, 358.61, 15.06)
(349.53, 358.61, 15.06)
(349.53, 358.61, 15.06)
(349.53, 358.61, 15.06)
(349.53, 358.61, 15.06)
(349.53, 358.61, 15.06)
(350.31, 358.72, 15.06)
(350.31, 358.72, 15.06)
(350.31, 358.72, 15.06)
(350.31, 358.72, 15.06)
(350.94, 358.77, 15.37)
(350.94, 358.77, 15.37)
(350.94, 358.77, 15.37)
(350.94, 358.77, 15.37)
(350.94, 358.77, 15.37)
(350.94, 358.77, 15.37)
(350.94, 358.77, 15.37)
(350.94, 358.77, 15.37)
(350.94, 358.77, 15.37)
(350.94, 358.77, 15.37)
(350.15, 358.74, 14.55)
(350.15, 358.74, 14.55)
(350.15, 358.74, 14.55)
(350.15, 358.74, 14.55)
(350.15, 358.74, 14.55)
(351.48, 358.82, 15.73)
(351.48, 358.82, 15.73)
(351.48, 358.82, 15.73)
(351.48, 358.82, 15.73)
(351.48, 358.82, 15.73)
(351.48, 358.82, 15.73)
(351.51, 358.88, 15.06)
(351.51, 358.88, 15.06)
(351.51, 358.88, 15.06)
(350.06, 358.72, 14.65)
(350.06, 358.72, 14.65)
(350.06, 358.72, 14.65)
(350.06, 358.72, 14.65)
(350.06, 358.72, 14.65)
(350.06, 358.72, 14.65)
(350.06, 358.72, 14.65)
(350.06, 358.72, 14.65)
(350.06, 358.72, 14.65)
(350.06, 358.72, 14.65)
(350.41, 358.78, 14.44)
(350.41, 358.78, 14.44)
(350.41, 358.78, 14.44)
(351.48, 358.85, 15.35)
(351.48, 358.85, 15.35)
(351.48, 358.85, 15.35)
(351.48, 358.85, 15.35)
(351.48, 358.85, 15.35)
(351.48, 358.85, 15.35)
(351.48, 358.85, 15.35)
(351.48, 358.85, 15.35)
(351.48, 358.85, 15.35)
(351.48, 358.85, 15.35)
(351.48, 358.85, 15.35)
(351.48, 358.85, 15.35)
(350.17, 358.75, 14.45)
(350.17, 358.75, 14.45)
(350.17, 358.75, 14.45)
(350.98, 358.84, 14.60)
(350.98, 358.84, 14.60)
(350.98, 358.84, 14.60)
(350.98, 358.84, 14.60)
(350.98, 358.84, 14.60)
(350.60, 358.79, 14.70)
(350.60, 358.79, 14.70)
(350.60, 358.79, 14.70)
(350.69, 358.76, 15.19)
(350.69, 358.76, 15.19)
(350.69, 358.76, 15.19)
(350.69, 358.76, 15.19)
(350.69, 358.76, 15.19)
(350.69, 358.76, 15.19)
(350.23, 358.61, 16.16)
(350.23, 358.61, 16.16)
(350.23, 358.61, 16.16)
(350.23, 358.61, 16.16)
(350.23, 358.61, 16.16)
(350.23, 358.61, 16.16)
(350.23, 358.61, 16.16)
(350.27, 358.74, 14.72)
(350.27, 358.74, 14.72)
(350.27, 358.74, 14.72)
(350.27, 358.74, 14.72)
(350.27, 358.74, 14.72)
(350.27, 358.74, 14.72)
(350.96, 358.86, 14.32)
(350.96, 358.86, 14.32)
(350.96, 358.86, 14.32)
(350.96, 358.86, 14.32)
(350.68, 358.75, 15.30)
(350.68, 358.75, 15.30)
(350.40, 358.67, 15.72)
(350.40, 358.67, 15.72)
(350.40, 358.67, 15.72)
(350.40, 358.67, 15.72)
(350.40, 358.67, 15.72)
(350.40, 358.67, 15.72)
(350.60, 358.78, 14.76)
(350.60, 358.78, 14.76)
(350.60, 358.78, 14.76)
(350.60, 358.78, 14.76)
(350.60, 358.78, 14.76)
(350.60, 358.78, 14.76)
(351.15, 358.86, 14.66)
(351.15, 358.86, 14.66)
(351.15, 358.86, 14.66)
(351.15, 358.86, 14.66)
(351.15, 358.86, 14.66)
(351.15, 358.86, 14.66)
(351.15, 358.86, 14.66)
(350.98, 358.81, 14.98)
(350.98, 358.81, 14.98)
(350.98, 358.81, 14.98)
(350.98, 358.81, 14.98)
(350.98, 358.81, 14.98)
(350.98, 358.81, 14.98)
(350.98, 358.81, 14.98)
(350.98, 358.81, 14.98)
(350.98, 358.81, 14.98)
(350.98, 358.81, 14.98)
(350.98, 358.81, 14.98)
(350.98, 358.81, 14.98)
(350.98, 358.81, 14.98)
(350.98, 358.81, 14.98)
(350.98, 358.81, 14.98)
(350.01, 358.61, 15.84)
(350.01, 358.61, 15.84)
(350.01, 358.61, 15.84)
(350.01, 358.61, 15.84)
(350.01, 358.61, 15.84)
(350.01, 358.61, 15.84)
(350.01, 358.61, 15.84)
(350.40, 358.76, 14.73)
(350.40, 358.76, 14.73)
(350.40, 358.76, 14.73)
(350.40, 358.76, 14.73)
(350.40, 358.76, 14.73)
(350.40, 358.76, 14.73)
(350.40, 358.76, 14.73)
(351.20, 358.83, 15.13)
(351.20, 358.83, 15.13)
(351.20, 358.83, 15.13)
(350.36, 358.73, 14.99)
(350.36, 358.73, 14.99)
(350.36, 358.73, 14.99)
(350.36, 358.73, 14.99)
(350.36, 358.73, 14.99)
(350.36, 358.73, 14.99)
(350.36, 358.73, 14.99)
(349.78, 358.65, 15.03)
(349.78, 358.65, 15.03)
(349.78, 358.65, 15.03)
(350.23, 358.67, 15.44)
(350.23, 358.67, 15.44)
(350.23, 358.67, 15.44)
(350.23, 358.67, 15.44)
(350.23, 358.67, 15.44)
(350.23, 358.67, 15.44)
(350.23, 358.67, 15.44)
(350.23, 358.67, 15.44)
(350.23, 358.67, 15.44)
(352.63, 359.03, 15.02)
(352.63, 359.03, 15.02)
(352.63, 359.03, 15.02)
(352.63, 359.03, 15.02)
(352.63, 359.03, 15.02)
(352.63, 359.03, 15.02)
(352.63, 359.03, 15.02)
(352.63, 359.03, 15.02)
(352.63, 359.03, 15.02)
(352.63, 359.03, 15.02)
(352.63, 359.03, 15.02)
(352.63, 359.03, 15.02)
(349.46, 358.67, 14.38)
(349.46, 358.67, 14.38)
(349.46, 358.67, 14.38)
(349.46, 358.67, 14.38)
(349.46, 358.67, 14.38)
(349.46, 358.67, 14.38)
(349.46, 358.67, 14.38)
(349.46, 358.67, 14.38)
(349.46, 358.67, 14.38)
(349.46, 358.67, 14.38)
(349.46, 358.67, 14.38)
(352.00, 358.82, 16.73)
(352.00, 358.82, 16.73)
(352.00, 358.82, 16.73)
(352.00, 358.82, 16.73)
(352.00, 358.82, 16.73)
(352.00, 358.82, 16.73)
(352.00, 358.82, 16.73)
(352.00, 358.82, 16.73)
(352.00, 358.82, 16.73)
(350.21, 358.83, 13.60)
(350.21, 358.83, 13.60)
(350.21, 358.83, 13.60)
(349.40, 358.60, 15.02)
(349.40, 358.60, 15.02)
(349.40, 358.60, 15.02)
(349.40, 358.60, 15.02)
(349.40, 358.60, 15.02)
(349.40, 358.60, 15.02)
(350.00, 358.63, 15.60)
(350.00, 358.63, 15.60)
(350.00, 358.63, 15.60)
(350.00, 358.63, 15.60)
(350.00, 358.63, 15.60)
(350.00, 358.63, 15.60)
(350.73, 358.70, 15.89)
(350.73, 358.70, 15.89)
(350.73, 358.70, 15.89)
(350.62, 358.76, 15.06)
(350.62, 358.76, 15.06)
(350.62, 358.76, 15.06)
(350.62, 358.76, 15.06)
(350.74, 358.79, 14.90)
(350.74, 358.79, 14.90)
(350.74, 358.79, 14.90)
(350.74, 358.79, 14.90)
(350.74, 358.79, 14.90)
(350.74, 358.79, 14.90)
(350.74, 358.79, 14.90)
(351.87, 358.91, 15.21)
(351.87, 358.91, 15.21)
(351.87, 358.91, 15.21)
(352.15, 358.86, 16.51)
(352.15, 358.86, 16.51)
(352.15, 358.86, 16.51)
(352.15, 358.86, 16.51)
(352.15, 358.86, 16.51)
(352.15, 358.86, 16.51)
(352.15, 358.86, 16.51)
(351.12, 358.81, 15.23)
(351.12, 358.81, 15.23)
(349.82, 358.64, 15.16)
(349.82, 358.64, 15.16)
(349.82, 358.64, 15.16)
(349.82, 358.64, 15.16)
(349.82, 358.64, 15.16)
(349.82, 358.64, 15.16)
(349.82, 358.64, 15.16)
(349.38, 358.52, 15.84)
(349.38, 358.52, 15.84)
(349.38, 358.52, 15.84)
(349.38, 358.52, 15.84)
(349.38, 358.52, 15.84)
(349.38, 358.52, 15.84)
(350.25, 358.76, 14.50)
(350.25, 358.76, 14.50)
(350.25, 358.76, 14.50)
(352.58, 359.04, 14.68)
(352.58, 359.04, 14.68)
(352.58, 359.04, 14.68)
(352.58, 359.04, 14.68)
(352.58, 359.04, 14.68)
(352.58, 359.04, 14.68)
(352.37, 358.88, 16.68)
(352.37, 358.88, 16.68)
(352.37, 358.88, 16.68)
(352.37, 358.88, 16.68)
(352.37, 358.88, 16.68)
(352.37, 358.88, 16.68)
(352.37, 358.88, 16.68)
(350.98, 358.73, 15.96)
(350.98, 358.73, 15.96)
(350.98, 358.73, 15.96)
(350.44, 358.72, 15.17)
(350.44, 358.72, 15.17)
(350.44, 358.72, 15.17)
(350.44, 358.72, 15.17)
(350.44, 358.72, 15.17)
(350.44, 358.72, 15.17)
(350.44, 358.72, 15.17)
(350.44, 358.72, 15.17)
(350.44, 358.72, 15.17)
(350.44, 358.72, 15.17)
(351.06, 358.81, 15.10)
(351.06, 358.81, 15.10)
(349.51, 358.63, 14.86)
(349.51, 358.63, 14.86)
(349.51, 358.63, 14.86)
(349.64, 358.64, 14.88)
(349.64, 358.64, 14.88)
(349.64, 358.64, 14.88)
(349.64, 358.64, 14.88)
(349.64, 358.64, 14.88)
(349.64, 358.64, 14.88)
(349.64, 358.64, 14.88)
(350.97, 358.71, 16.22)
(350.97, 358.71, 16.22)
(350.97, 358.71, 16.22)
(350.97, 358.71, 16.22)
(350.97, 358.71, 16.22)
(350.97, 358.71, 16.22)
(351.58, 358.86, 15.44)
(351.58, 358.86, 15.44)
(351.58, 358.86, 15.44)
(351.58, 358.86, 15.44)
(351.58, 358.86, 15.44)
(351.58, 358.86, 15.44)
(351.58, 358.86, 15.44)
(351.41, 358.81, 15.74)
(351.41, 358.81, 15.74)
(351.41, 358.81, 15.74)
(350.56, 358.67, 16.04)
(350.56, 358.67, 16.04)
(350.56, 358.67, 16.04)
(350.56, 358.67, 16.04)
(350.56, 358.67, 16.04)
(350.56, 358.67, 16.04)
(350.52, 358.76, 14.90)
(350.52, 358.76, 14.90)
(350.52, 358.76, 14.90)
(351.02, 358.84, 14.64)
(351.02, 358.84, 14.64)
(351.02, 358.84, 14.64)
(351.02, 358.84, 14.64)
(351.02, 358.84, 14.64)
(351.02, 358.84, 14.64)
(350.49, 358.65, 16.18)
(350.49, 358.65, 16.18)
(350.49, 358.65, 16.18)
(350.49, 358.65, 16.18)
(350.49, 358.65, 16.18)
(350.49, 358.65, 16.18)
(350.49, 358.65, 16.18)
(350.91, 358.74, 15.81)
(350.91, 358.74, 15.81)
(350.91, 358.74, 15.81)
(350.91, 358.74, 15.81)
(350.91, 358.74, 15.81)
(350.91, 358.74, 15.81)
(350.74, 358.74, 15.49)
(350.74, 358.74, 15.49)
(350.74, 358.74, 15.49)
(350.74, 358.74, 15.49)
(350.74, 358.74, 15.49)
(350.74, 358.74, 15.49)
(350.74, 358.74, 15.49)
(351.36, 358.87, 14.82)
(351.36, 358.87, 14.82)
(351.36, 358.87, 14.82)
(351.42, 358.80, 15.91)
(351.42, 358.80, 15.91)
(351.42, 358.80, 15.91)
(351.42, 358.80, 15.91)
(351.42, 358.80, 15.91)
(350.72, 358.70, 15.86)
(350.72, 358.70, 15.86)
(350.72, 358.70, 15.86)
(350.72, 358.70, 15.86)
(350.72, 358.70, 15.86)
(350.72, 358.70, 15.86)
(350.72, 358.70, 15.86)
(351.06, 358.79, 15.42)
(351.06, 358.79, 15.42)
(351.06, 358.79, 15.42)
(350.23, 358.72, 14.94)
(350.23, 358.72, 14.94)
(350.23, 358.72, 14.94)
(350.23, 358.72, 14.94)
(350.23, 358.72, 14.94)
(351.21, 358.82, 15.28)
(351.21, 358.82, 15.28)
(351.21, 358.82, 15.28)
(351.21, 358.82, 15.28)
(351.21, 358.82, 15.28)
(351.21, 358.82, 15.28)
(350.54, 358.65, 16.20)
(350.54, 358.65, 16.20)
(350.54, 358.65, 16.20)
(350.17, 358.68, 15.30)
(350.17, 358.68, 15.30)
(350.17, 358.68, 15.30)
(350.17, 358.68, 15.30)
(350.17, 358.68, 15.30)
(350.53, 358.74, 15.11)
(350.53, 358.74, 15.11)
(350.53, 358.74, 15.11)
(350.53, 358.74, 15.11)
(351.52, 358.87, 15.13)
(351.52, 358.87, 15.13)
(351.52, 358.87, 15.13)
(351.52, 358.87, 15.13)
(351.52, 358.87, 15.13)
(351.52, 358.87, 15.13)
(350.14, 358.64, 15.63)
(350.14, 358.64, 15.63)
(350.14, 358.64, 15.63)
(350.14, 358.64, 15.63)
(350.14, 358.64, 15.63)
(350.14, 358.64, 15.63)
(350.14, 358.64, 15.63)
(351.34, 358.77, 16.15)
(351.34, 358.77, 16.15)
(351.34, 358.77, 16.15)
(351.34, 358.77, 16.15)
(351.34, 358.77, 16.15)
(351.34, 358.77, 16.15)
(351.34, 358.77, 16.15)
(351.81, 358.82, 16.38)
(351.81, 358.82, 16.38)
(351.81, 358.82, 16.38)
(350.78, 358.75, 15.39)
(350.78, 358.75, 15.39)
(350.78, 358.75, 15.39)
(350.78, 358.75, 15.39)
(350.54, 358.71, 15.52)
(350.54, 358.71, 15.52)
(350.54, 358.71, 15.52)
(350.54, 358.71, 15.52)
(350.54, 358.71, 15.52)
(350.54, 358.71, 15.52)
(350.54, 358.71, 15.52)
(351.08, 358.78, 15.50)
(351.08, 358.78, 15.50)
(351.08, 358.78, 15.50)
(351.08, 358.78, 15.50)
(350.90, 358.74, 15.77)
(350.90, 358.74, 15.77)
(350.90, 358.74, 15.77)
(350.90, 358.74, 15.77)
(350.90, 358.74, 15.77)
(351.17, 358.75, 16.05)
(351.17, 358.75, 16.05)
(351.17, 358.75, 16.05)
(351.17, 358.75, 16.05)
(351.17, 358.75, 16.05)
(351.17, 358.75, 16.05)
(351.17, 358.75, 16.05)
(350.96, 358.78, 15.31)
(350.96, 358.78, 15.31)
(350.96, 358.78, 15.31)
(350.96, 358.78, 15.31)
(350.96, 358.78, 15.31)
(350.96, 358.78, 15.31)
(350.96, 358.78, 15.31)
(350.73, 358.69, 16.02)
(350.73, 358.69, 16.02)
(350.80, 358.74, 15.56)
(350.80, 358.74, 15.56)
(350.80, 358.74, 15.56)
(350.80, 358.74, 15.56)
(350.80, 358.74, 15.56)
(350.80, 358.74, 15.56)
(350.80, 358.74, 15.56)
(350.63, 358.74, 15.31)
(350.63, 358.74, 15.31)
(350.63, 358.74, 15.31)
(350.63, 358.74, 15.31)
(350.63, 358.74, 15.31)
(350.63, 358.74, 15.31)
(350.17, 358.66, 15.53)
(350.17, 358.66, 15.53)
(350.17, 358.66, 15.53)
(350.17, 358.66, 15.53)
(350.66, 358.71, 15.72)
(350.66, 358.71, 15.72)
(350.66, 358.71, 15.72)
(350.66, 358.71, 15.72)
(350.66, 358.71, 15.72)
(350.66, 358.71, 15.72)
(351.14, 358.76, 15.92)
(351.14, 358.76, 15.92)
(351.14, 358.76, 15.92)
(351.14, 358.76, 15.92)
(351.14, 358.76, 15.92)
(351.14, 358.76, 15.92)
(351.14, 358.76, 15.92)
(351.14, 358.76, 15.92)
(351.14, 358.76, 15.92)
(350.37, 358.74, 14.88)
(350.37, 358.74, 14.88)
(350.37, 358.74, 14.88)
(350.37, 358.74, 14.88)
(350.37, 358.74, 14.88)
(350.37, 358.74, 14.88)
(350.37, 358.62, 16.24)
(350.37, 358.62, 16.24)
(350.37, 358.62, 16.24)
(350.37, 358.62, 16.24)
(350.31, 358.67, 15.65)
(350.31, 358.67, 15.65)
(350.31, 358.67, 15.65)
(350.31, 358.67, 15.65)
(350.31, 358.67, 15.65)
(350.31, 358.67, 15.65)
(350.31, 358.67, 15.65)
(350.31, 358.67, 15.65)
(350.31, 358.67, 15.65)
(350.69, 358.75, 15.24)
(350.69, 358.75, 15.24)
(350.69, 358.75, 15.24)
(350.63, 358.71, 15.60)
(350.63, 358.71, 15.60)
(350.63, 358.71, 15.60)
(350.63, 358.71, 15.60)
(350.63, 358.71, 15.60)
(350.63, 358.71, 15.60)
(351.99, 358.88, 15.83)
(351.99, 358.88, 15.83)
(351.99, 358.88, 15.83)
(351.99, 358.88, 15.83)
(351.99, 358.88, 15.83)
(351.99, 358.88, 15.83)
(350.76, 358.74, 15.55)
(350.76, 358.74, 15.55)
(350.76, 358.74, 15.55)
(349.87, 358.64, 15.25)
(349.87, 358.64, 15.25)
(349.87, 358.64, 15.25)
(349.87, 358.64, 15.25)
(349.87, 358.64, 15.25)
(350.93, 358.73, 15.88)
(350.93, 358.73, 15.88)
(350.93, 358.73, 15.88)
(351.16, 358.73, 16.26)
(351.16, 358.73, 16.26)
(351.16, 358.73, 16.26)
(351.16, 358.73, 16.26)
(351.16, 358.73, 16.26)
(351.16, 358.73, 16.26)
(350.83, 358.78, 15.16)
(350.83, 358.78, 15.16)
(350.83, 358.78, 15.16)
(350.83, 358.78, 15.16)
(350.83, 358.78, 15.16)
(350.83, 358.78, 15.16)
(350.28, 358.67, 15.57)
(350.28, 358.67, 15.57)
(350.28, 358.67, 15.57)
(350.28, 358.67, 15.57)
(350.28, 358.67, 15.57)
(350.28, 358.67, 15.57)
(350.66, 358.70, 15.80)
(350.66, 358.70, 15.80)
(350.66, 358.70, 15.80)
(350.97, 358.79, 15.26)
(350.97, 358.79, 15.26)
(350.97, 358.79, 15.26)
(350.97, 358.79, 15.26)
(350.97, 358.79, 15.26)
(350.97, 358.79, 15.26)
(350.97, 358.79, 15.26)
(350.97, 358.79, 15.26)
(350.97, 358.79, 15.26)
(351.12, 358.76, 15.82)
(351.12, 358.76, 15.82)
(351.12, 358.76, 15.82)
(350.79, 358.73, 15.73)
(350.79, 358.73, 15.73)
(350.79, 358.73, 15.73)
(350.79, 358.73, 15.73)
(350.79, 358.73, 15.73)
(350.79, 358.73, 15.73)
(351.93, 358.88, 15.73)
(351.93, 358.88, 15.73)
(351.93, 358.88, 15.73)
(351.93, 358.88, 15.73)
(351.93, 358.88, 15.73)
(351.93, 358.88, 15.73)
(351.93, 358.88, 15.73)
(351.04, 358.77, 15.57)
(351.04, 358.77, 15.57)
(351.04, 358.77, 15.57)
(350.38, 358.69, 15.48)
(350.38, 358.69, 15.48)
(350.38, 358.69, 15.48)
(350.38, 358.69, 15.48)
(350.38, 358.69, 15.48)
(350.14, 358.59, 16.21)
(350.14, 358.59, 16.21)
(350.14, 358.59, 16.21)
(350.55, 358.72, 15.35)
(350.55, 358.72, 15.35)
(350.55, 358.72, 15.35)
(350.55, 358.72, 15.35)
(350.55, 358.72, 15.35)
(350.55, 358.72, 15.35)
(350.58, 358.76, 14.98)
(350.58, 358.76, 14.98)
(350.58, 358.76, 14.98)
(350.97, 358.79, 15.20)
(350.97, 358.79, 15.20)
(350.97, 358.79, 15.20)
(350.97, 358.79, 15.20)
(350.97, 358.79, 15.20)
(350.97, 358.79, 15.20)
(350.94, 358.66, 16.80)
(350.94, 358.66, 16.80)
(350.94, 358.66, 16.80)
(350.94, 358.66, 16.80)
(350.39, 358.66, 15.90)
(350.39, 358.66, 15.90)
(350.39, 358.66, 15.90)
(350.39, 358.66, 15.90)
(350.39, 358.66, 15.90)
(350.39, 358.66, 15.90)
(350.39, 358.66, 15.90)
(350.39, 358.66, 15.90)
(350.39, 358.66, 15.90)
(350.39, 358.66, 15.90)
(350.39, 358.66, 15.90)
(350.39, 358.66, 15.90)
(350.39, 358.66, 15.90)
(350.39, 358.66, 15.90)
(349.93, 358.55, 16.36)
(349.93, 358.55, 16.36)
(349.93, 358.55, 16.36)
(349.93, 358.55, 16.36)
(349.21, 358.32, 17.65)
(349.21, 358.32, 17.65)
(349.21, 358.32, 17.65)
(349.14, 358.30, 17.74)
(349.14, 358.30, 17.74)
(349.14, 358.30, 17.74)
(349.14, 358.30, 17.74)
(349.14, 358.30, 17.74)
(349.14, 358.30, 17.74)
(350.31, 358.44, 18.23)
(350.31, 358.44, 18.23)
(350.31, 358.44, 18.23)
(350.31, 358.44, 18.23)
(350.31, 358.44, 18.23)
(350.31, 358.44, 18.23)
(350.31, 358.44, 18.23)
(350.31, 358.44, 18.23)
(350.31, 358.44, 18.23)
(350.23, 358.08, 22.18)
(350.23, 358.08, 22.18)
(350.23, 358.08, 22.18)
(345.46, 357.32, 20.76)
(345.46, 357.32, 20.76)
(345.46, 357.32, 20.76)
(340.40, 356.56, 19.75)
(340.40, 356.56, 19.75)
(340.40, 356.56, 19.75)
(340.40, 356.56, 19.75)
(340.40, 356.56, 19.75)
(340.40, 356.56, 19.75)
(340.52, 356.54, 19.96)
(340.52, 356.54, 19.96)
(340.52, 356.54, 19.96)
(340.52, 356.54, 19.96)
(345.99, 357.56, 19.66)
(345.99, 357.56, 19.66)
(345.99, 357.56, 19.66)
(345.99, 357.56, 19.66)
(345.99, 357.56, 19.66)
(345.99, 357.56, 19.66)
(347.14, 357.79, 19.40)
(347.14, 357.79, 19.40)
(347.14, 357.79, 19.40)
(347.14, 357.79, 19.40)
(347.14, 357.79, 19.40)
(347.14, 357.79, 19.40)
(343.14, 357.05, 19.71)
(343.14, 357.05, 19.71)
(343.14, 357.05, 19.71)
(343.14, 357.05, 19.71)
(343.14, 357.05, 19.71)
(343.14, 357.05, 19.71)
(344.39, 357.44, 18.49)
(344.39, 357.44, 18.49)
(344.39, 357.44, 18.49)
(347.12, 358.02, 17.39)
(347.12, 358.02, 17.39)
(347.12, 358.02, 17.39)
(347.12, 358.02, 17.39)
(347.12, 358.02, 17.39)
(347.12, 358.02, 17.39)
(346.80, 358.04, 16.86)
(346.80, 358.04, 16.86)
(346.80, 358.04, 16.86)
(346.80, 358.04, 16.86)
(346.80, 358.04, 16.86)
(346.80, 358.04, 16.86)
(347.27, 357.29, 23.94)
(347.27, 357.29, 23.94)
(347.27, 357.29, 23.94)
(341.24, 355.83, 24.84)
(341.24, 355.83, 24.84)
(341.24, 355.83, 24.84)
(341.24, 355.83, 24.84)
(341.24, 355.83, 24.84)
(341.24, 355.83, 24.84)
(325.93, 354.51, 17.78)
(325.93, 354.51, 17.78)
(325.93, 354.51, 17.78)
(325.93, 354.51, 17.78)
(325.93, 354.51, 17.78)
(325.93, 354.51, 17.78)
(325.93, 354.51, 17.78)
(325.93, 354.51, 17.78)
(324.92, 352.76, 22.64)
(324.92, 352.76, 22.64)
(324.92, 352.76, 22.64)
(321.21, 352.31, 21.62)
(321.21, 352.31, 21.62)
(321.21, 352.31, 21.62)
(321.21, 352.31, 21.62)
(319.93, 352.93, 19.22)
(319.93, 352.93, 19.22)
(319.93, 352.93, 19.22)
(319.93, 352.93, 19.22)
(319.93, 352.93, 19.22)
(319.93, 352.93, 19.22)
(320.87, 351.05, 24.84)
(320.87, 351.05, 24.84)
(320.87, 351.05, 24.84)
(321.18, 351.01, 25.17)
(321.18, 351.01, 25.17)
(321.18, 351.01, 25.17)
(321.18, 351.01, 25.17)
(321.18, 351.01, 25.17)
(321.18, 351.01, 25.17)
(321.18, 351.01, 25.17)
(317.16, 354.31, 14.44)
(317.16, 354.31, 14.44)
(317.16, 354.31, 14.44)
(317.16, 354.31, 14.44)
(317.16, 354.31, 14.44)
(317.01, 352.33, 19.31)
(317.01, 352.33, 19.31)
(317.01, 352.33, 19.31)
(316.32, 350.90, 19.31)
(316.32, 350.90, 19.31)
(316.32, 350.90, 19.31)
(316.32, 350.90, 22.45)
(316.32, 350.90, 22.45)
(316.32, 350.90, 22.45)
(308.99, 352.36, 15.94)
(308.99, 352.36, 15.94)
(308.99, 352.36, 15.94)
(308.99, 352.36, 15.94)
(308.99, 352.36, 15.94)
(308.99, 352.36, 15.94)
(308.99, 352.36, 15.94)
(306.02, 348.35, 22.66)
(306.02, 348.35, 22.66)
(306.02, 348.35, 22.66)
(306.02, 348.35, 22.66)
(306.02, 348.35, 22.66)
(308.46, 342.85, 34.68)
(308.46, 342.85, 34.68)
(308.46, 342.85, 34.68)
(308.46, 342.85, 34.68)
(291.23, 345.52, 21.04)
(291.23, 345.52, 21.04)
(291.23, 345.52, 21.04)
(291.23, 345.52, 21.04)
(291.23, 345.52, 21.04)
(287.60, 342.22, 24.13)
(287.60, 342.22, 24.13)
(287.60, 342.22, 24.13)
(287.60, 342.22, 24.13)
(287.60, 342.22, 24.13)
(295.40, 307.01, 76.51)
(295.40, 307.01, 76.51)
(295.40, 307.01, 76.51)
(298.19, 284.23, 104.85)
(298.19, 284.23, 104.85)
(298.19, 284.23, 104.85)
(298.19, 284.23, 104.85)
(298.19, 284.23, 104.85)
(298.19, 284.23, 104.85)
(298.19, 284.23, 104.85)
(305.41, 284.33, 112.79)
(305.41, 284.33, 112.79)
(305.41, 284.33, 112.79)
(305.41, 284.33, 112.79)
(305.41, 284.33, 112.79)
(305.41, 284.33, 112.79)
(305.41, 284.33, 112.79)
(305.41, 284.33, 112.79)
(305.41, 284.33, 112.79)
(297.10, 244.01, 138.17)
(297.10, 244.01, 138.17)
(297.10, 244.01, 138.17)
(297.10, 244.01, 138.17)
(297.10, 244.01, 138.17)
(297.10, 244.01, 138.17)
(297.10, 244.01, 138.17)
(297.10, 244.01, 138.17)
(297.10, 244.01, 138.17)
(297.10, 244.01, 138.17)
(297.10, 244.01, 138.17)
(297.10, 244.01, 138.17)
(301.86, 223.22, 155.16)
(301.86, 223.22, 155.16)
(301.86, 223.22, 155.16)
(301.86, 223.22, 155.16)
(301.86, 223.22, 155.16)
(301.86, 223.22, 155.16)
(297.73, 167.89, 187.33)
(297.73, 167.89, 187.33)
(297.73, 167.89, 187.33)
(296.30, 232.74, 145.76)
(296.30, 232.74, 145.76)
(296.30, 232.74, 145.76)
(296.30, 232.74, 145.76)
(296.30, 232.74, 145.76)
(296.30, 232.74, 145.76)
(296.30, 232.74, 145.76)
(311.94, 241.45, 150.32)
(311.94, 241.45, 150.32)
(311.94, 241.45, 150.32)
(311.94, 241.45, 150.32)
(311.94, 241.45, 150.32)
(311.94, 241.45, 150.32)
(310.82, 211.95, 165.07)
(310.82, 211.95, 165.07)
(310.82, 211.95, 165.07)
(308.73, 204.58, 168.06)
(308.73, 204.58, 168.06)
(308.73, 204.58, 168.06)
(308.73, 204.58, 168.06)
(308.73, 204.58, 168.06)
(308.73, 204.58, 168.06)
(308.73, 204.58, 168.06)
(308.73, 204.58, 168.06)
(308.73, 204.58, 168.06)
(308.73, 204.58, 168.06)
(308.73, 204.58, 168.06)
(304.23, 200.03, 169.33)
(304.23, 200.03, 169.33)
(304.23, 200.03, 169.33)
(303.45, 201.21, 168.50)
(303.45, 201.21, 168.50)
(303.45, 201.21, 168.50)
(303.45, 201.21, 168.50)
(303.45, 201.21, 168.50)
(303.45, 201.21, 168.50)
(309.99, 239.12, 150.37)
(309.99, 239.12, 150.37)
(309.99, 239.12, 150.37)
(309.99, 239.12, 150.37)
(309.99, 239.12, 150.37)
(309.99, 239.12, 150.37)
(314.18, 249.79, 147.15)
(314.18, 249.79, 147.15)
(314.18, 249.79, 147.15)
(329.04, 208.42, 171.98)
(329.04, 208.42, 171.98)
(329.04, 208.42, 171.98)
(329.04, 208.42, 171.98)
(329.04, 208.42, 171.98)
(329.04, 208.42, 171.98)
(322.88, 178.19, 180.61)
(322.88, 178.19, 180.61)
(322.88, 178.19, 180.61)
(322.88, 178.19, 180.61)
(322.88, 178.19, 180.61)
(322.88, 178.19, 180.61)
(322.88, 178.19, 180.61)
(322.88, 178.19, 180.61)
(322.88, 178.19, 180.61)
(319.70, 203.64, 171.22)
(319.70, 203.64, 171.22)
(319.70, 203.64, 171.22)
(337.60, 276.50, 154.98)
(337.60, 276.50, 154.98)
(337.60, 276.50, 154.98)
(342.27, 302.71, 148.13)
(342.27, 302.71, 148.13)
(342.27, 302.71, 148.13)
(342.27, 302.71, 148.13)
(342.27, 302.71, 148.13)
(342.27, 302.71, 148.13)
(342.27, 302.71, 148.13)
(332.32, 273.54, 150.63)
(332.32, 273.54, 150.63)
(332.32, 273.54, 150.63)
(332.32, 273.54, 150.63)
(332.32, 273.54, 150.63)
(333.73, 118.27, 195.88)
(333.73, 118.27, 195.88)
(333.73, 118.27, 195.88)
(333.73, 118.27, 195.88)
(333.73, 118.27, 195.88)
(333.73, 118.27, 195.88)
(329.71, 152.09, 187.70)
(329.71, 152.09, 187.70)
(329.71, 152.09, 187.70)
(329.71, 152.09, 187.70)
(329.71, 152.09, 187.70)
(329.71, 152.09, 187.70)
(329.71, 152.09, 187.70)
(336.60, 190.61, 177.80)
(336.60, 190.61, 177.80)
(336.60, 190.61, 177.80)
(336.60, 190.61, 177.80)
(336.60, 190.61, 177.80)
(336.60, 190.61, 177.80)
(341.35, 251.34, 166.56)
(341.35, 251.34, 166.56)
(341.35, 251.34, 166.56)
(341.35, 251.34, 166.56)
(341.35, 251.34, 166.56)
(341.35, 251.34, 166.56)
(339.45, 267.99, 160.15)
(339.45, 267.99, 160.15)
(339.45, 267.99, 160.15)
(339.45, 267.99, 160.15)
(339.45, 267.99, 160.15)
(330.04, 255.36, 156.65)
(330.04, 255.36, 156.65)
(330.04, 255.36, 156.65)
(330.04, 255.36, 156.65)
(330.04, 255.36, 156.65)
(330.04, 255.36, 156.65)
(327.52, 247.09, 158.14)
(327.52, 247.09, 158.14)
(327.52, 247.09, 158.14)
(327.52, 247.09, 158.14)
(327.52, 247.09, 158.14)
(327.52, 247.09, 158.14)
(327.52, 247.09, 158.14)
(327.52, 247.09, 158.14)
(327.52, 247.09, 158.14)
(327.52, 247.09, 158.14)
(327.52, 247.09, 158.14)
(327.52, 247.09, 158.14)
(328.14, 206.57, 172.29)
(328.14, 206.57, 172.29)
(328.14, 206.57, 172.29)
(331.27, 216.03, 170.48)
(331.27, 216.03, 170.48)
(331.27, 216.03, 170.48)
(333.79, 224.16, 169.21)
(333.79, 224.16, 169.21)
(333.79, 224.16, 169.21)
(333.79, 224.16, 169.21)
(333.79, 224.16, 169.21)
(333.79, 224.16, 169.21)
(333.79, 224.16, 169.21)
(333.79, 224.16, 169.21)
(332.04, 190.20, 177.45)
(332.04, 190.20, 177.45)
(332.04, 190.20, 177.45)
(332.04, 190.20, 177.45)
(332.04, 190.20, 177.45)
(332.04, 190.20, 177.45)
(329.64, 183.56, 179.03)
(329.64, 183.56, 179.03)
(329.64, 183.56, 179.03)
(329.64, 183.56, 179.03)
(329.64, 183.56, 179.03)
(329.64, 183.56, 179.03)
(329.64, 183.56, 179.03)
(329.64, 183.56, 179.03)
(329.64, 183.56, 179.03)
(329.64, 183.56, 179.03)
(329.64, 183.56, 179.03)
(329.64, 183.56, 179.03)
(329.64, 183.56, 179.03)
(325.72, 177.73, 180.70)
(325.72, 177.73, 180.70)
(325.72, 177.73, 180.70)
(325.72, 177.73, 180.70)
(325.72, 177.73, 180.70)
(325.72, 177.73, 180.70)
(325.72, 177.73, 180.70)
(327.25, 185.21, 178.47)
(327.25, 185.21, 178.47)
(326.72, 194.20, 175.74)
(326.72, 194.20, 175.74)
(326.72, 194.20, 175.74)
(326.72, 194.20, 175.74)
(326.72, 194.20, 175.74)
(326.72, 194.20, 175.74)
(322.59, 195.33, 174.78)
(322.59, 195.33, 174.78)
(322.59, 195.33, 174.78)
(320.19, 195.33, 174.42)
(320.19, 195.33, 174.42)
(320.19, 195.33, 174.42)
(320.19, 195.33, 174.42)
(320.19, 195.33, 174.42)
(315.14, 189.04, 176.26)
(315.14, 189.04, 176.26)
(315.14, 189.04, 176.26)
(315.14, 189.04, 176.26)
(315.14, 189.04, 176.26)
(315.14, 189.04, 176.26)
(315.14, 189.04, 176.26)
(313.01, 177.92, 180.90)
(313.01, 177.92, 180.90)
(313.01, 177.92, 180.90)
(312.66, 174.05, 182.61)
(312.66, 174.05, 182.61)
(312.66, 174.05, 182.61)
(312.66, 174.05, 182.61)
(312.66, 174.05, 182.61)
(312.66, 174.05, 182.61)
(314.10, 175.23, 182.02)
(314.10, 175.23, 182.02)
(314.10, 175.23, 182.02)
(314.10, 175.23, 182.02)
(314.10, 175.23, 182.02)
(319.05, 178.38, 180.61)
(319.05, 178.38, 180.61)
(319.05, 178.38, 180.61)
(319.05, 178.38, 180.61)
(319.05, 178.38, 180.61)
(319.05, 178.38, 180.61)
(319.05, 178.38, 180.61)
(320.34, 179.23, 180.28)
(320.34, 179.23, 180.28)
(320.34, 179.23, 180.28)
(318.97, 184.80, 178.20)
(318.97, 184.80, 178.20)
(318.97, 184.80, 178.20)
(318.97, 184.80, 178.20)
(318.97, 184.80, 178.20)
(318.97, 184.80, 178.20)
(319.59, 183.10, 178.86)
(319.59, 183.10, 178.86)
(319.59, 183.10, 178.86)
(319.59, 183.10, 178.86)
(319.98, 177.77, 180.81)
(319.98, 177.77, 180.81)
(319.98, 177.77, 180.81)
(319.98, 177.77, 180.81)
(319.98, 177.77, 180.81)
(322.07, 177.81, 180.75)
(322.07, 177.81, 180.75)
(322.07, 177.81, 180.75)
(322.07, 177.81, 180.75)
(322.07, 177.81, 180.75)
(322.07, 177.81, 180.75)
(323.91, 190.91, 176.44)
(323.91, 190.91, 176.44)
(323.91, 190.91, 176.44)
(323.91, 190.91, 176.44)
(323.91, 190.91, 176.44)
(324.15, 179.03, 180.31)
(324.15, 179.03, 180.31)
(324.15, 179.03, 180.31)
(324.15, 179.03, 180.31)
(324.15, 179.03, 180.31)
(324.15, 179.03, 180.31)
(324.60, 175.66, 181.39)
(324.60, 175.66, 181.39)
(324.60, 175.66, 181.39)
(331.84, 178.48, 180.38)
(331.84, 178.48, 180.38)
(331.84, 178.48, 180.38)
(331.84, 178.48, 180.38)
(335.78, 170.55, 182.03)
(335.78, 170.55, 182.03)
(335.78, 170.55, 182.03)
(335.78, 170.55, 182.03)
(335.78, 170.55, 182.03)
(335.78, 170.55, 182.03)
(335.78, 170.55, 182.03)
(335.78, 170.55, 182.03)
(335.78, 170.55, 182.03)
(334.07, 184.50, 178.96)
(334.07, 184.50, 178.96)
(335.72, 192.98, 177.20)
(335.72, 192.98, 177.20)
(335.72, 192.98, 177.20)
(335.72, 192.98, 177.20)
(335.72, 192.98, 177.20)
(335.72, 192.98, 177.20)
(335.72, 192.98, 177.20)
(335.72, 192.98, 177.20)
(335.72, 192.98, 177.20)
(344.39, 179.48, 180.07)
(344.39, 179.48, 180.07)
(344.39, 179.48, 180.07)
(344.39, 179.48, 180.07)
(344.39, 179.48, 180.07)
(344.39, 179.48, 180.07)
(344.39, 179.48, 180.07)
(344.39, 179.48, 180.07)
(344.39, 179.48, 180.07)
(344.39, 179.48, 180.07)
(348.00, 195.51, 178.36)
(348.00, 195.51, 178.36)
(348.00, 195.51, 178.36)
(350.85, 183.24, 179.74)
(350.85, 183.24, 179.74)
(350.85, 183.24, 179.74)
(350.93, 176.75, 180.26)
(350.93, 176.75, 180.26)
(350.93, 176.75, 180.26)
(350.93, 176.75, 180.26)
(350.93, 176.75, 180.26)
(350.93, 176.75, 180.26)
(350.33, 169.79, 180.87)
(350.33, 169.79, 180.87)
(350.33, 169.79, 180.87)
(350.33, 169.79, 180.87)
(350.33, 169.79, 180.87)
(350.33, 169.79, 180.87)
(349.08, 157.88, 182.14)
(349.08, 157.88, 182.14)
(349.08, 157.88, 182.14)
(349.08, 157.88, 182.14)
(349.08, 157.88, 182.14)
(349.08, 157.88, 182.14)
(349.08, 157.88, 182.14)
(352.86, 179.94, 180.00)
(352.86, 179.94, 180.00)
(352.86, 179.94, 180.00)
(356.74, 214.07, 179.00)
(356.74, 214.07, 179.00)
(356.74, 214.07, 179.00)
(356.74, 214.07, 179.00)
(356.74, 214.07, 179.00)
(1.59, 132.32, 179.30)
(1.59, 132.32, 179.30)
(1.59, 132.32, 179.30)
(1.59, 132.32, 179.30)
(1.59, 132.32, 179.30)
(1.59, 132.32, 179.30)
(4.53, 86.28, 175.17)
(4.53, 86.28, 175.17)
(4.53, 86.28, 175.17)
(4.53, 86.28, 175.17)
(4.53, 86.28, 175.17)
(4.53, 86.28, 175.17)
(3.77, 93.36, 176.44)
(3.77, 93.36, 176.44)
(357.04, 297.73, 175.10)
(357.04, 297.73, 175.10)
(357.04, 297.73, 175.10)
(357.04, 297.73, 175.10)
(357.04, 297.73, 175.10)
(357.04, 297.73, 175.10)
(357.93, 330.97, 172.01)
(357.93, 330.97, 172.01)
(357.93, 330.97, 172.01)
(357.93, 330.97, 172.01)
(324.95, 159.90, 186.41)
(324.95, 159.90, 186.41)
(324.95, 159.90, 186.41)
(324.95, 159.90, 186.41)
(324.95, 159.90, 186.41)
(324.95, 159.90, 186.41)
(292.07, 213.61, 157.00)
(292.07, 213.61, 157.00)
(292.07, 213.61, 157.00)
(292.07, 213.61, 157.00)
(292.07, 213.61, 157.00)
(292.07, 213.61, 157.00)
(276.28, 135.42, 220.34)
(276.28, 135.42, 220.34)
(276.28, 135.42, 220.34)
(274.75, 97.78, 257.53)
(274.75, 97.78, 257.53)
(274.75, 97.78, 257.53)
(274.75, 97.78, 257.53)
(274.75, 97.78, 257.53)
(274.75, 97.78, 257.53)
(281.43, 357.71, 2.80)
(281.43, 357.71, 2.80)
(281.43, 357.71, 2.80)
(281.43, 357.71, 2.80)
(281.43, 357.71, 2.80)
(281.43, 357.71, 2.80)
(284.74, 8.35, 349.18)
(284.74, 8.35, 349.18)
(284.74, 8.35, 349.18)
(284.74, 8.35, 349.18)
(284.74, 8.35, 349.18)
(284.74, 8.35, 349.18)
(286.95, 14.40, 340.64)
(286.95, 14.40, 340.64)
(286.95, 14.40, 340.64)
(288.61, 11.61, 343.90)
(288.61, 11.61, 343.90)
(288.61, 11.61, 343.90)
(288.61, 11.61, 343.90)
(288.61, 11.61, 343.90)
(288.61, 11.61, 343.90)
(290.54, 13.36, 340.82)
(290.54, 13.36, 340.82)
(290.54, 13.36, 340.82)
(290.54, 13.36, 340.82)
(290.54, 13.36, 340.82)
(290.54, 13.36, 340.82)
(293.89, 11.12, 342.98)
(293.89, 11.12, 342.98)
(293.89, 11.12, 342.98)
(293.89, 11.12, 342.98)
(293.89, 11.12, 342.98)
(293.89, 11.12, 342.98)
(293.89, 11.12, 342.98)
(293.89, 11.12, 342.98)
(299.25, 12.24, 339.28)
(299.25, 12.24, 339.28)
(299.25, 12.24, 339.28)
(299.25, 12.24, 339.28)
(299.25, 12.24, 339.28)
(299.25, 12.24, 339.28)
(302.70, 9.88, 342.01)
(302.70, 9.88, 342.01)
(302.70, 9.88, 342.01)
(307.07, 8.57, 342.88)
(307.07, 8.57, 342.88)
(307.07, 8.57, 342.88)
(307.07, 8.57, 342.88)
(307.07, 8.57, 342.88)
(307.07, 8.57, 342.88)
(310.39, 4.22, 350.89)
(310.39, 4.22, 350.89)
(310.39, 4.22, 350.89)
(310.39, 4.22, 350.89)
(310.39, 4.22, 350.89)
(310.39, 4.22, 350.89)
(312.65, 4.51, 349.73)
(312.65, 4.51, 349.73)
(312.65, 4.51, 349.73)
(312.65, 4.51, 349.73)
(312.65, 4.51, 349.73)
(315.59, 4.93, 347.95)
(315.59, 4.93, 347.95)
(315.59, 4.93, 347.95)
(315.59, 4.93, 347.95)
(315.59, 4.93, 347.95)
(315.59, 4.93, 347.95)
(315.59, 4.93, 347.95)
(318.05, 3.89, 349.87)
(318.05, 3.89, 349.87)
(318.05, 3.89, 349.87)
(315.87, 2.67, 353.41)
(315.87, 2.67, 353.41)
(315.87, 2.67, 353.41)
(315.87, 2.67, 353.41)
(315.87, 2.67, 353.41)
(315.87, 2.67, 353.41)
(313.96, 3.75, 351.19)
(313.96, 3.75, 351.19)
(313.96, 3.75, 351.19)
(316.12, 5.01, 347.60)
(316.12, 5.01, 347.60)
(316.12, 5.01, 347.60)
(316.12, 5.01, 347.60)
(316.12, 5.01, 347.60)
(316.12, 5.01, 347.60)
(316.87, 6.18, 344.44)
(316.87, 6.18, 344.44)
(316.87, 6.18, 344.44)
(316.87, 6.18, 344.44)
(316.87, 6.18, 344.44)
(317.85, 5.51, 345.78)
(317.85, 5.51, 345.78)
(317.85, 5.51, 345.78)
(317.85, 5.51, 345.78)
(317.85, 5.51, 345.78)
(317.85, 5.51, 345.78)
(317.85, 5.51, 345.78)
(322.51, 4.95, 345.49)
(322.51, 4.95, 345.49)
(322.51, 4.95, 345.49)
(324.81, 4.92, 344.56)
(324.81, 4.92, 344.56)
(324.81, 4.92, 344.56)
(324.96, 4.28, 346.50)
(324.96, 4.28, 346.50)
(324.96, 4.28, 346.50)
(324.96, 4.28, 346.50)
(324.96, 4.28, 346.50)
(324.96, 4.28, 346.50)
(324.96, 4.28, 346.50)
(324.96, 4.28, 346.50)
(324.96, 4.28, 346.50)
(324.96, 4.28, 346.50)
(324.96, 4.28, 346.50)
(332.62, 1.41, 354.20)
(332.62, 1.41, 354.20)
(332.62, 1.41, 354.20)
(332.62, 1.41, 354.20)
(332.62, 1.41, 354.20)
(332.62, 1.41, 354.20)
(332.62, 1.41, 354.20)
(331.86, 2.51, 350.01)
(331.86, 2.51, 350.01)
(331.86, 2.51, 350.01)
(331.86, 2.51, 350.01)
(331.64, 2.64, 349.58)
(331.64, 2.64, 349.58)
(331.64, 2.64, 349.58)
(325.66, 2.68, 351.34)
(325.66, 2.68, 351.34)
(325.66, 2.68, 351.34)
(325.66, 2.68, 351.34)
(325.66, 2.68, 351.34)
(325.66, 2.68, 351.34)
(325.66, 2.68, 351.34)
(330.87, 1.76, 353.23)
(330.87, 1.76, 353.23)
(330.87, 1.76, 353.23)
(330.87, 1.76, 353.23)
(330.87, 1.76, 353.23)
(330.87, 1.76, 353.23)
(329.41, 2.98, 349.13)
(329.41, 2.98, 349.13)
(329.41, 2.98, 349.13)
(329.41, 2.98, 349.13)
(329.41, 2.98, 349.13)
(329.41, 2.98, 349.13)
(335.03, 2.20, 350.09)
(335.03, 2.20, 350.09)
(335.03, 2.20, 350.09)
(335.03, 2.20, 350.09)
(335.03, 2.20, 350.09)
(335.03, 2.20, 350.09)
(325.48, 4.37, 345.98)
(325.48, 4.37, 345.98)
(325.48, 4.37, 345.98)
(325.48, 4.37, 345.98)
(329.80, 2.60, 350.39)
(329.80, 2.60, 350.39)
(329.80, 2.60, 350.39)
(329.80, 2.60, 350.39)
(329.80, 2.60, 350.39)
(329.80, 2.60, 350.39)
(340.60, 1.06, 353.83)
(340.60, 1.06, 353.83)
(340.60, 1.06, 353.83)
(340.60, 1.06, 353.83)
(340.60, 1.06, 353.83)
(340.60, 1.06, 353.83)
(336.69, 1.46, 352.95)
(336.69, 1.46, 352.95)
(336.69, 1.46, 352.95)
(333.46, 1.97, 351.67)
(333.46, 1.97, 351.67)
(333.46, 1.97, 351.67)
(333.46, 1.97, 351.67)
(333.46, 1.97, 351.67)
(333.46, 1.97, 351.67)
(333.46, 1.97, 351.67)
(332.00, 3.39, 346.45)
(332.00, 3.39, 346.45)
(332.00, 3.39, 346.45)
(332.00, 3.39, 346.45)
(332.00, 3.39, 346.45)
(332.00, 3.39, 346.45)
(333.85, 1.66, 352.87)
(333.85, 1.66, 352.87)
(341.15, 1.28, 352.29)
(341.15, 1.28, 352.29)
(341.15, 1.28, 352.29)
(341.15, 1.28, 352.29)
(341.15, 1.28, 352.29)
(341.14, 2.10, 347.39)
(341.14, 2.10, 347.39)
(341.14, 2.10, 347.39)
(340.80, 1.61, 350.52)
(340.80, 1.61, 350.52)
(328.01, 358.81, 4.15)
(328.01, 358.81, 4.15)
(328.01, 358.81, 4.15)
(328.01, 358.81, 4.15)
(336.65, 1.09, 354.72)
(336.65, 1.09, 354.72)
(336.65, 1.09, 354.72)
(336.65, 1.09, 354.72)
(336.65, 1.09, 354.72)
(336.65, 1.09, 354.72)
(347.18, 1.66, 345.28)
(347.18, 1.66, 345.28)
(347.18, 1.66, 345.28)
(342.58, 1.51, 350.15)
(342.58, 1.51, 350.15)
(342.58, 1.51, 350.15)
(342.58, 1.51, 350.15)
(342.58, 1.51, 350.15)
(343.32, 0.99, 353.28)
(343.32, 0.99, 353.28)
(343.32, 0.99, 353.28)
(343.32, 0.99, 353.28)
(343.32, 0.99, 353.28)
(343.32, 0.99, 353.28)
(354.17, 0.78, 344.76)
(354.17, 0.78, 344.76)
(354.17, 0.78, 344.76)
(351.61, 1.20, 343.76)
(351.61, 1.20, 343.76)
(351.61, 1.20, 343.76)
(351.61, 1.20, 343.76)
(342.09, 1.59, 349.90)
(342.09, 1.59, 349.90)
(342.09, 1.59, 349.90)
(342.09, 1.59, 349.90)
(342.09, 1.59, 349.90)
(342.09, 1.59, 349.90)
(337.72, 2.53, 347.21)
(337.72, 2.53, 347.21)
(337.72, 2.53, 347.21)
(337.72, 2.53, 347.21)
(337.72, 2.53, 347.21)
(337.72, 2.53, 347.21)
(337.72, 2.53, 347.21)
(337.72, 2.53, 347.21)
(337.72, 2.53, 347.21)
(337.72, 2.53, 347.21)
(339.73, 3.26, 341.90)
(339.73, 3.26, 341.90)
(340.70, 3.30, 340.75)
(340.70, 3.30, 340.75)
(340.70, 3.30, 340.75)
(336.82, 3.76, 341.80)
(336.82, 3.76, 341.80)
(336.82, 3.76, 341.80)
(336.82, 3.76, 341.80)
(336.82, 3.76, 341.80)
(335.96, 3.79, 342.35)
(335.96, 3.79, 342.35)
(343.74, 2.82, 340.47)
(343.74, 2.82, 340.47)
(343.74, 2.82, 340.47)
(343.74, 2.82, 340.47)
(343.74, 2.82, 340.47)
(343.74, 2.82, 340.47)
(344.72, 2.70, 340.06)
(344.72, 2.70, 340.06)
(344.72, 2.70, 340.06)
(344.72, 2.70, 340.06)
(344.72, 2.70, 340.06)
(344.72, 2.70, 340.06)
(334.37, 4.15, 341.92)
(334.37, 4.15, 341.92)
(334.37, 4.15, 341.92)
(334.37, 4.15, 341.92)
(334.37, 4.15, 341.92)
(334.37, 4.15, 341.92)
(332.12, 3.67, 345.31)
(332.12, 3.67, 345.31)
(332.12, 3.67, 345.31)
(333.64, 3.39, 345.58)
(333.64, 3.39, 345.58)
(333.64, 3.39, 345.58)
(333.64, 3.39, 345.58)
(333.64, 3.39, 345.58)
(334.50, 3.39, 345.10)
(334.50, 3.39, 345.10)
(333.08, 3.84, 344.05)
(333.08, 3.84, 344.05)
(333.08, 3.84, 344.05)
(333.08, 3.84, 344.05)
(333.08, 3.84, 344.05)
(333.08, 3.84, 344.05)
(331.47, 4.38, 342.91)
(331.47, 4.38, 342.91)
(331.47, 4.38, 342.91)
(331.47, 4.38, 342.91)
(332.50, 4.02, 343.67)
(332.50, 4.02, 343.67)
(332.50, 4.02, 343.67)
(332.50, 4.02, 343.67)
(332.30, 3.79, 344.72)
(332.30, 3.79, 344.72)
(332.30, 3.79, 344.72)
(332.30, 3.79, 344.72)
(332.30, 3.79, 344.72)
(330.89, 3.20, 347.71)
(330.89, 3.20, 347.71)
(330.89, 3.20, 347.71)
(330.89, 3.20, 347.71)
(330.89, 3.20, 347.71)
(328.04, 3.65, 347.29)
(330.79, 3.31, 347.35)
(330.79, 3.31, 347.35)
(330.79, 3.31, 347.35)
(330.79, 3.31, 347.35)
(330.79, 3.31, 347.35)
(330.79, 3.31, 347.35)
(329.00, 3.17, 348.60)
(329.00, 3.17, 348.60)
(329.00, 3.17, 348.60)
(329.00, 3.17, 348.60)
(329.00, 3.17, 348.60)
(329.00, 3.17, 348.60)
(329.00, 3.17, 348.60)
(329.00, 3.17, 348.60)
(324.18, 5.29, 343.74)
(324.18, 5.29, 343.74)
(324.18, 5.29, 343.74)
(324.18, 5.29, 343.74)
(324.18, 5.29, 343.74)
(324.18, 5.29, 343.74)
(323.54, 4.49, 346.43)
(323.54, 4.49, 34