(351.02, 171.12, 180.70)
(351.02, 171.12, 180.70)
(351.02, 171.12, 180.70)
(351.02, 171.12, 180.70)
(351.02, 171.12, 180.70)
(351.02, 171.12, 180.70)
(351.02, 171.12, 180.70)
(351.02, 171.12, 180.70)
(351.02, 171.12, 180.70)
(351.02, 171.12, 180.70)
(351.02, 171.12, 180.70)
(351.02, 171.12, 180.70)
(351.02, 171.12, 180.70)
(351.02, 171.12, 180.70)
(351.02, 171.12, 180.70)
(351.02, 171.12, 180.70)
(351.02, 171.12, 180.70)
(351.02, 171.12, 180.70)
(351.02, 171.12, 180.70)
(351.02, 171.12, 180.70)
(351.02, 171.12, 180.70)
(351.11, 171.22, 180.68)
(351.11, 171.22, 180.68)
(351.11, 171.22, 180.68)
(351.11, 171.22, 180.68)
(351.11, 171.22, 180.68)
(351.11, 171.22, 180.68)
(351.11, 171.22, 180.68)
(351.11, 171.22, 180.68)
(351.11, 171.22, 180.68)
(351.11, 171.22, 180.68)
(351.11, 171.22, 180.68)
(351.11, 171.22, 180.68)
(351.11, 171.22, 180.68)
(351.11, 171.22, 180.68)
(351.11, 171.22, 180.68)
(351.11, 171.22, 180.68)
(351.11, 171.22, 180.68)
(351.11, 171.22, 180.68)
(351.11, 171.22, 180.68)
(351.11, 171.22, 180.68)
(351.11, 171.22, 180.68)
(350.57, 170.84, 180.76)
(350.57, 170.84, 180.76)
(350.57, 170.84, 180.76)
(350.57, 170.84, 180.76)
(350.57, 170.84, 180.76)
(350.57, 170.84, 180.76)
(350.57, 170.84, 180.76)
(350.57, 170.84, 180.76)
(350.57, 170.84, 180.76)
(350.57, 170.84, 180.76)
(350.57, 170.84, 180.76)
(350.57, 170.84, 180.76)
(350.57, 170.84, 180.76)
(350.57, 170.84, 180.76)
(350.57, 170.84, 180.76)
(350.57, 170.84, 180.76)
(350.57, 170.84, 180.76)
(350.57, 170.84, 180.76)
(350.57, 170.84, 180.76)
(350.57, 170.84, 180.76)
(350.57, 170.84, 180.76)
(350.89, 175.13, 180.39)
(350.89, 175.13, 180.39)
(350.89, 175.13, 180.39)
(350.89, 175.13, 180.39)
(350.89, 175.13, 180.39)
(350.89, 175.13, 180.39)
(350.89, 175.13, 180.39)
(350.89, 175.13, 180.39)
(350.89, 175.13, 180.39)
(350.89, 175.13, 180.39)
(350.89, 175.13, 180.39)
(350.73, 172.62, 180.60)
(350.73, 172.62, 180.60)
(350.73, 172.62, 180.60)
(350.73, 172.62, 180.60)
(350.73, 172.62, 180.60)
(350.73, 172.62, 180.60)
(350.73, 172.62, 180.60)
(350.73, 172.62, 180.60)
(350.73, 172.62, 180.60)
(350.73, 172.62, 180.60)
(350.73, 172.62, 180.60)
(350.73, 172.62, 180.60)
(350.73, 172.62, 180.60)
(350.73, 172.62, 180.60)
(350.73, 172.62, 180.60)
(350.73, 172.62, 180.60)
(350.73, 172.62, 180.60)
(350.73, 172.62, 180.60)
(350.73, 172.62, 180.60)
(350.73, 172.62, 180.60)
(350.73, 172.62, 180.60)
(350.95, 173.33, 180.53)
(350.95, 173.33, 180.53)
(350.95, 173.33, 180.53)
(350.95, 173.33, 180.53)
(350.95, 173.33, 180.53)
(350.95, 173.33, 180.53)
(350.95, 173.33, 180.53)
(350.95, 173.33, 180.53)
(350.95, 173.33, 180.53)
(350.95, 173.33, 180.53)
(350.95, 173.33, 180.53)
(350.95, 173.33, 180.53)
(350.95, 173.33, 180.53)
(350.95, 173.33, 180.53)
(350.95, 173.33, 180.53)
(350.95, 173.33, 180.53)
(350.95, 173.33, 180.53)
(350.95, 173.33, 180.53)
(350.95, 173.33, 180.53)
(350.95, 173.33, 180.53)
(350.95, 173.33, 180.53)
(350.95, 173.33, 180.53)
(350.94, 174.04, 180.47)
(350.94, 174.04, 180.47)
(350.94, 174.04, 180.47)
(350.94, 174.04, 180.47)
(350.94, 174.04, 180.47)
(350.94, 174.04, 180.47)
(350.94, 174.04, 180.47)
(350.94, 174.04, 180.47)
(350.94, 174.04, 180.47)
(350.94, 174.04, 180.47)
(350.94, 174.04, 180.47)
(350.94, 174.04, 180.47)
(350.94, 174.04, 180.47)
(350.94, 174.04, 180.47)
(350.94, 174.04, 180.47)
(350.94, 174.04, 180.47)
(350.94, 174.04, 180.47)
(350.94, 174.04, 180.47)
(350.94, 174.04, 180.47)
(350.94, 174.04, 180.47)
(350.94, 174.04, 180.47)
(350.94, 174.04, 180.47)
(350.94, 174.04, 180.47)
(350.94, 174.04, 180.47)
(350.94, 174.04, 180.47)
(350.94, 174.04, 180.47)
(350.94, 174.04, 180.47)
(350.94, 174.04, 180.47)
(350.94, 174.04, 180.47)
(350.94, 174.04, 180.47)
(350.94, 174.04, 180.47)
(350.94, 174.04, 180.47)
(350.47, 170.44, 180.80)
(350.47, 170.44, 180.80)
(350.47, 170.44, 180.80)
(350.47, 170.44, 180.80)
(350.47, 170.44, 180.80)
(350.47, 170.44, 180.80)
(350.47, 170.44, 180.80)
(350.47, 170.44, 180.80)
(350.47, 170.44, 180.80)
(350.47, 170.44, 180.80)
(350.47, 170.44, 180.80)
(350.47, 170.44, 180.80)
(350.47, 170.44, 180.80)
(350.47, 170.44, 180.80)
(350.47, 170.44, 180.80)
(350.47, 170.44, 180.80)
(350.47, 170.44, 180.80)
(350.47, 170.44, 180.80)
(350.47, 170.44, 180.80)
(350.47, 170.44, 180.80)
(350.47, 170.44, 180.80)
(351.51, 175.37, 180.34)
(351.51, 175.37, 180.34)
(351.51, 175.37, 180.34)
(351.51, 175.37, 180.34)
(351.51, 175.37, 180.34)
(351.51, 175.37, 180.34)
(351.51, 175.37, 180.34)
(351.51, 175.37, 180.34)
(351.51, 175.37, 180.34)
(351.51, 175.37, 180.34)
(351.51, 175.37, 180.34)
(350.32, 173.27, 180.57)
(350.32, 173.27, 180.57)
(350.32, 173.27, 180.57)
(350.32, 173.27, 180.57)
(350.32, 173.27, 180.57)
(350.32, 173.27, 180.57)
(350.32, 173.27, 180.57)
(350.32, 173.27, 180.57)
(350.32, 173.27, 180.57)
(350.32, 173.27, 180.57)
(350.32, 173.27, 180.57)
(350.32, 173.27, 180.57)
(350.32, 173.27, 180.57)
(350.32, 173.27, 180.57)
(350.32, 173.27, 180.57)
(350.32, 173.27, 180.57)
(350.32, 173.27, 180.57)
(350.32, 173.27, 180.57)
(350.32, 173.27, 180.57)
(350.32, 173.27, 180.57)
(350.32, 173.27, 180.57)
(350.32, 173.27, 180.57)
(350.79, 171.68, 180.67)
(350.79, 171.68, 180.67)
(350.79, 171.68, 180.67)
(350.79, 171.68, 180.67)
(350.79, 171.68, 180.67)
(350.79, 171.68, 180.67)
(350.79, 171.68, 180.67)
(350.79, 171.68, 180.67)
(350.79, 171.68, 180.67)
(350.79, 171.68, 180.67)
(351.41, 174.83, 180.39)
(351.41, 174.83, 180.39)
(351.41, 174.83, 180.39)
(351.41, 174.83, 180.39)
(351.41, 174.83, 180.39)
(351.41, 174.83, 180.39)
(351.41, 174.83, 180.39)
(351.41, 174.83, 180.39)
(351.41, 174.83, 180.39)
(351.41, 174.83, 180.39)
(351.41, 174.83, 180.39)
(351.41, 174.83, 180.39)
(351.41, 174.83, 180.39)
(351.41, 174.83, 180.39)
(351.41, 174.83, 180.39)
(351.41, 174.83, 180.39)
(351.41, 174.83, 180.39)
(351.41, 174.83, 180.39)
(351.41, 174.83, 180.39)
(351.41, 174.83, 180.39)
(351.41, 174.83, 180.39)
(351.41, 174.83, 180.39)
(351.32, 172.10, 180.60)
(351.32, 172.10, 180.60)
(351.32, 172.10, 180.60)
(351.32, 172.10, 180.60)
(351.32, 172.10, 180.60)
(351.32, 172.10, 180.60)
(351.32, 172.10, 180.60)
(351.32, 172.10, 180.60)
(351.32, 172.10, 180.60)
(351.32, 172.10, 180.60)
(351.32, 172.10, 180.60)
(351.32, 172.10, 180.60)
(351.32, 172.10, 180.60)
(351.32, 172.10, 180.60)
(351.32, 172.10, 180.60)
(351.32, 172.10, 180.60)
(351.32, 172.10, 180.60)
(351.32, 172.10, 180.60)
(351.32, 172.10, 180.60)
(351.32, 172.10, 180.60)
(351.32, 172.10, 180.60)
(351.01, 174.00, 180.47)
(351.01, 174.00, 180.47)
(351.01, 174.00, 180.47)
(351.01, 174.00, 180.47)
(351.01, 174.00, 180.47)
(351.01, 174.00, 180.47)
(351.01, 174.00, 180.47)
(351.01, 174.00, 180.47)
(351.01, 174.00, 180.47)
(351.01, 174.00, 180.47)
(351.01, 174.00, 180.47)
(351.01, 174.00, 180.47)
(351.01, 174.00, 180.47)
(351.01, 174.00, 180.47)
(351.01, 174.00, 180.47)
(351.01, 174.00, 180.47)
(351.01, 174.00, 180.47)
(351.01, 174.00, 180.47)
(351.01, 174.00, 180.47)
(351.01, 174.00, 180.47)
(351.01, 174.00, 180.47)
(351.01, 174.00, 180.47)
(351.62, 170.70, 180.68)
(351.62, 170.70, 180.68)
(351.62, 170.70, 180.68)
(351.62, 170.70, 180.68)
(351.62, 170.70, 180.68)
(351.62, 170.70, 180.68)
(351.62, 170.70, 180.68)
(351.62, 170.70, 180.68)
(351.62, 170.70, 180.68)
(351.62, 170.70, 180.68)
(351.62, 170.70, 180.68)
(350.00, 176.22, 180.33)
(350.00, 176.22, 180.33)
(350.00, 176.22, 180.33)
(350.00, 176.22, 180.33)
(350.00, 176.22, 180.33)
(350.00, 176.22, 180.33)
(350.00, 176.22, 180.33)
(350.00, 176.22, 180.33)
(350.00, 176.22, 180.33)
(350.00, 176.22, 180.33)
(350.00, 176.22, 180.33)
(350.00, 176.22, 180.33)
(350.00, 176.22, 180.33)
(350.00, 176.22, 180.33)
(350.00, 176.22, 180.33)
(350.00, 176.22, 180.33)
(350.00, 176.22, 180.33)
(350.00, 176.22, 180.33)
(350.00, 176.22, 180.33)
(350.00, 176.22, 180.33)
(350.00, 176.22, 180.33)
(353.20, 185.94, 179.65)
(353.20, 185.94, 179.65)
(353.20, 185.94, 179.65)
(353.20, 185.94, 179.65)
(353.20, 185.94, 179.65)
(353.20, 185.94, 179.65)
(353.20, 185.94, 179.65)
(353.20, 185.94, 179.65)
(353.20, 185.94, 179.65)
(353.20, 185.94, 179.65)
(353.20, 185.94, 179.65)
(355.39, 187.36, 179.70)
(355.39, 187.36, 179.70)
(355.39, 187.36, 179.70)
(355.39, 187.36, 179.70)
(355.39, 187.36, 179.70)
(355.39, 187.36, 179.70)
(355.39, 187.36, 179.70)
(355.39, 187.36, 179.70)
(355.39, 187.36, 179.70)
(355.39, 187.36, 179.70)
(355.39, 187.36, 179.70)
(355.39, 187.36, 179.70)
(355.39, 187.36, 179.70)
(355.39, 187.36, 179.70)
(355.39, 187.36, 179.70)
(355.39, 187.36, 179.70)
(355.39, 187.36, 179.70)
(355.39, 187.36, 179.70)
(355.39, 187.36, 179.70)
(355.39, 187.36, 179.70)
(355.39, 187.36, 179.70)
(346.68, 169.43, 181.24)
(346.68, 169.43, 181.24)
(346.68, 169.43, 181.24)
(346.68, 169.43, 181.24)
(346.68, 169.43, 181.24)
(346.68, 169.43, 181.24)
(346.68, 169.43, 181.24)
(346.68, 169.43, 181.24)
(346.68, 169.43, 181.24)
(346.68, 169.43, 181.24)
(346.68, 169.43, 181.24)
(346.68, 169.43, 181.24)
(346.68, 169.43, 181.24)
(346.68, 169.43, 181.24)
(346.68, 169.43, 181.24)
(346.68, 169.43, 181.24)
(346.68, 169.43, 181.24)
(346.68, 169.43, 181.24)
(346.68, 169.43, 181.24)
(346.68, 169.43, 181.24)
(346.68, 169.43, 181.24)
(351.50, 189.08, 179.32)
(351.50, 189.08, 179.32)
(351.50, 189.08, 179.32)
(351.50, 189.08, 179.32)
(351.50, 189.08, 179.32)
(351.50, 189.08, 179.32)
(351.50, 189.08, 179.32)
(351.50, 189.08, 179.32)
(351.50, 189.08, 179.32)
(351.50, 189.08, 179.32)
(351.50, 189.08, 179.32)
(351.50, 189.08, 179.32)
(351.50, 189.08, 179.32)
(351.50, 189.08, 179.32)
(351.50, 189.08, 179.32)
(351.50, 189.08, 179.32)
(351.50, 189.08, 179.32)
(351.50, 189.08, 179.32)
(351.50, 189.08, 179.32)
(351.50, 189.08, 179.32)
(351.50, 189.08, 179.32)
(351.50, 189.08, 179.32)
(351.89, 170.19, 180.70)
(351.89, 170.19, 180.70)
(351.89, 170.19, 180.70)
(351.89, 170.19, 180.70)
(351.89, 170.19, 180.70)
(351.89, 170.19, 180.70)
(351.89, 170.19, 180.70)
(351.89, 170.19, 180.70)
(351.89, 170.19, 180.70)
(351.89, 170.19, 180.70)
(351.89, 170.19, 180.70)
(348.39, 172.24, 180.79)
(348.39, 172.24, 180.79)
(348.39, 172.24, 180.79)
(348.39, 172.24, 180.79)
(348.39, 172.24, 180.79)
(348.39, 172.24, 180.79)
(348.39, 172.24, 180.79)
(348.39, 172.24, 180.79)
(348.39, 172.24, 180.79)
(348.39, 172.24, 180.79)
(348.39, 172.24, 180.79)
(348.39, 172.24, 180.79)
(348.39, 172.24, 180.79)
(348.39, 172.24, 180.79)
(348.39, 172.24, 180.79)
(348.39, 172.24, 180.79)
(348.39, 172.24, 180.79)
(348.39, 172.24, 180.79)
(348.39, 172.24, 180.79)
(348.39, 172.24, 180.79)
(348.39, 172.24, 180.79)
(342.73, 173.70, 180.96)
(342.73, 173.70, 180.96)
(342.73, 173.70, 180.96)
(342.73, 173.70, 180.96)
(342.73, 173.70, 180.96)
(342.73, 173.70, 180.96)
(342.73, 173.70, 180.96)
(342.73, 173.70, 180.96)
(342.73, 173.70, 180.96)
(342.73, 173.70, 180.96)
(342.73, 173.70, 180.96)
(342.73, 173.70, 180.96)
(342.73, 173.70, 180.96)
(342.73, 173.70, 180.96)
(342.73, 173.70, 180.96)
(342.73, 173.70, 180.96)
(342.73, 173.70, 180.96)
(342.73, 173.70, 180.96)
(342.73, 173.70, 180.96)
(342.73, 173.70, 180.96)
(342.73, 173.70, 180.96)
(342.73, 173.70, 180.96)
(336.01, 176.17, 180.81)
(336.01, 176.17, 180.81)
(336.01, 176.17, 180.81)
(336.01, 176.17, 180.81)
(336.01, 176.17, 180.81)
(336.01, 176.17, 180.81)
(336.01, 176.17, 180.81)
(336.01, 176.17, 180.81)
(336.01, 176.17, 180.81)
(336.01, 176.17, 180.81)
(336.01, 176.17, 180.81)
(336.01, 176.17, 180.81)
(336.01, 176.17, 180.81)
(336.01, 176.17, 180.81)
(336.01, 176.17, 180.81)
(336.01, 176.17, 180.81)
(336.01, 176.17, 180.81)
(336.01, 176.17, 180.81)
(336.01, 176.17, 180.81)
(336.01, 176.17, 180.81)
(336.01, 176.17, 180.81)
(333.18, 173.88, 181.46)
(333.18, 173.88, 181.46)
(333.18, 173.88, 181.46)
(333.18, 173.88, 181.46)
(333.18, 173.88, 181.46)
(333.18, 173.88, 181.46)
(333.18, 173.88, 181.46)
(333.18, 173.88, 181.46)
(333.18, 173.88, 181.46)
(333.18, 173.88, 181.46)
(333.18, 173.88, 181.46)
(330.39, 171.38, 182.28)
(330.39, 171.38, 182.28)
(330.39, 171.38, 182.28)
(330.39, 171.38, 182.28)
(330.39, 171.38, 182.28)
(330.39, 171.38, 182.28)
(330.39, 171.38, 182.28)
(330.39, 171.38, 182.28)
(330.39, 171.38, 182.28)
(330.39, 171.38, 182.28)
(330.39, 171.38, 182.28)
(330.39, 171.38, 182.28)
(330.39, 171.38, 182.28)
(330.39, 171.38, 182.28)
(330.39, 171.38, 182.28)
(330.39, 171.38, 182.28)
(330.39, 171.38, 182.28)
(330.39, 171.38, 182.28)
(330.39, 171.38, 182.28)
(330.39, 171.38, 182.28)
(330.39, 171.38, 182.28)
(323.01, 171.22, 182.94)
(323.01, 171.22, 182.94)
(323.01, 171.22, 182.94)
(323.01, 171.22, 182.94)
(323.01, 171.22, 182.94)
(323.01, 171.22, 182.94)
(323.01, 171.22, 182.94)
(323.01, 171.22, 182.94)
(323.01, 171.22, 182.94)
(323.01, 171.22, 182.94)
(323.01, 171.22, 182.94)
(323.01, 171.22, 182.94)
(323.01, 171.22, 182.94)
(323.01, 171.22, 182.94)
(323.01, 171.22, 182.94)
(323.01, 171.22, 182.94)
(323.01, 171.22, 182.94)
(323.01, 171.22, 182.94)
(323.01, 171.22, 182.94)
(323.01, 171.22, 182.94)
(323.01, 171.22, 182.94)
(323.01, 171.22, 182.94)
(323.01, 171.22, 182.94)
(323.01, 171.22, 182.94)
(323.01, 171.22, 182.94)
(323.01, 171.22, 182.94)
(323.01, 171.22, 182.94)
(323.01, 171.22, 182.94)
(323.01, 171.22, 182.94)
(323.01, 171.22, 182.94)
(323.01, 171.22, 182.94)
(323.01, 171.22, 182.94)
(323.01, 171.22, 182.94)
(323.01, 171.22, 182.94)
(323.01, 171.22, 182.94)
(323.01, 171.22, 182.94)
(323.01, 171.22, 182.94)
(323.01, 171.22, 182.94)
(323.01, 171.22, 182.94)
(323.01, 171.22, 182.94)
(323.01, 171.22, 182.94)
(323.01, 171.22, 182.94)
(323.01, 171.22, 182.94)
(315.05, 163.05, 187.05)
(315.05, 163.05, 187.05)
(315.05, 163.05, 187.05)
(315.05, 163.05, 187.05)
(315.05, 163.05, 187.05)
(315.05, 163.05, 187.05)
(315.05, 163.05, 187.05)
(315.05, 163.05, 187.05)
(315.05, 163.05, 187.05)
(315.05, 163.05, 187.05)
(315.05, 163.05, 187.05)
(312.64, 164.75, 186.72)
(312.64, 164.75, 186.72)
(312.64, 164.75, 186.72)
(312.64, 164.75, 186.72)
(312.64, 164.75, 186.72)
(312.64, 164.75, 186.72)
(312.64, 164.75, 186.72)
(312.64, 164.75, 186.72)
(312.64, 164.75, 186.72)
(312.64, 164.75, 186.72)
(312.64, 164.75, 186.72)
(310.57, 166.62, 186.18)
(310.57, 166.62, 186.18)
(310.57, 166.62, 186.18)
(310.57, 166.62, 186.18)
(310.57, 166.62, 186.18)
(310.57, 166.62, 186.18)
(310.57, 166.62, 186.18)
(310.57, 166.62, 186.18)
(310.57, 166.62, 186.18)
(310.57, 166.62, 186.18)
(310.57, 166.62, 186.18)
(310.57, 166.62, 186.18)
(310.57, 166.62, 186.18)
(310.57, 166.62, 186.18)
(310.57, 166.62, 186.18)
(310.57, 166.62, 186.18)
(310.57, 166.62, 186.18)
(310.57, 166.62, 186.18)
(310.57, 166.62, 186.18)
(310.57, 166.62, 186.18)
(310.57, 166.62, 186.18)
(304.45, 164.15, 188.39)
(304.45, 164.15, 188.39)
(304.45, 164.15, 188.39)
(304.45, 164.15, 188.39)
(304.45, 164.15, 188.39)
(304.45, 164.15, 188.39)
(304.45, 164.15, 188.39)
(304.45, 164.15, 188.39)
(304.45, 164.15, 188.39)
(304.45, 164.15, 188.39)
(304.45, 164.15, 188.39)
(304.45, 164.15, 188.39)
(304.45, 164.15, 188.39)
(304.45, 164.15, 188.39)
(304.45, 164.15, 188.39)
(304.45, 164.15, 188.39)
(304.45, 164.15, 188.39)
(304.45, 164.15, 188.39)
(304.45, 164.15, 188.39)
(304.45, 164.15, 188.39)
(304.45, 164.15, 188.39)
(304.45, 164.15, 188.39)
(304.45, 164.15, 188.39)
(304.45, 164.15, 188.39)
(304.45, 164.15, 188.39)
(304.45, 164.15, 188.39)
(304.45, 164.15, 188.39)
(304.45, 164.15, 188.39)
(304.45, 164.15, 188.39)
(304.45, 164.15, 188.39)
(304.45, 164.15, 188.39)
(304.45, 164.15, 188.39)
(304.45, 164.15, 188.39)
(304.45, 164.15, 188.39)
(304.45, 164.15, 188.39)
(304.45, 164.15, 188.39)
(304.45, 164.15, 188.39)
(304.45, 164.15, 188.39)
(304.45, 164.15, 188.39)
(304.45, 164.15, 188.39)
(304.45, 164.15, 188.39)
(304.45, 164.15, 188.39)
(304.45, 164.15, 188.39)
(304.45, 164.15, 188.39)
(304.45, 164.15, 188.39)
(304.45, 164.15, 188.39)
(304.45, 164.15, 188.39)
(304.45, 164.15, 188.39)
(304.45, 164.15, 188.39)
(304.45, 164.15, 188.39)
(304.45, 164.15, 188.39)
(304.45, 164.15, 188.39)
(304.45, 164.15, 188.39)
(304.45, 164.15, 188.39)
(304.45, 164.15, 188.39)
(304.45, 164.15, 188.39)
(304.45, 164.15, 188.39)
(304.45, 164.15, 188.39)
(304.45, 164.15, 188.39)
(304.45, 164.15, 188.39)
(304.45, 164.15, 188.39)
(304.45, 164.15, 188.39)
(304.45, 164.15, 188.39)
(302.14, 166.16, 187.68)
(302.14, 166.16, 187.68)
(302.14, 166.16, 187.68)
(302.14, 166.16, 187.68)
(302.14, 166.16, 187.68)
(302.14, 166.16, 187.68)
(302.14, 166.16, 187.68)
(302.14, 166.16, 187.68)
(302.14, 166.16, 187.68)
(302.14, 166.16, 187.68)
(302.14, 166.16, 187.68)
(302.78, 168.65, 186.21)
(302.78, 168.65, 186.21)
(302.78, 168.65, 186.21)
(302.78, 168.65, 186.21)
(302.78, 168.65, 186.21)
(302.78, 168.65, 186.21)
(302.78, 168.65, 186.21)
(302.78, 168.65, 186.21)
(302.78, 168.65, 186.21)
(302.78, 168.65, 186.21)
(302.78, 168.65, 186.21)
(304.98, 171.05, 184.67)
(304.98, 171.05, 184.67)
(304.98, 171.05, 184.67)
(304.98, 171.05, 184.67)
(304.98, 171.05, 184.67)
(304.98, 171.05, 184.67)
(304.98, 171.05, 184.67)
(304.98, 171.05, 184.67)
(304.98, 171.05, 184.67)
(304.98, 171.05, 184.67)
(304.98, 171.05, 184.67)
(304.98, 171.05, 184.67)
(304.98, 171.05, 184.67)
(304.98, 171.05, 184.67)
(304.98, 171.05, 184.67)
(304.98, 171.05, 184.67)
(304.98, 171.05, 184.67)
(304.98, 171.05, 184.67)
(304.98, 171.05, 184.67)
(304.98, 171.05, 184.67)
(302.46, 168.85, 186.13)
(302.46, 168.85, 186.13)
(302.46, 168.85, 186.13)
(302.46, 168.85, 186.13)
(302.46, 168.85, 186.13)
(302.46, 168.85, 186.13)
(302.46, 168.85, 186.13)
(302.46, 168.85, 186.13)
(302.46, 168.85, 186.13)
(302.46, 168.85, 186.13)
(302.46, 168.85, 186.13)
(302.46, 168.85, 186.13)
(302.46, 168.85, 186.13)
(302.46, 168.85, 186.13)
(302.46, 168.85, 186.13)
(302.46, 168.85, 186.13)
(302.46, 168.85, 186.13)
(302.46, 168.85, 186.13)
(302.46, 168.85, 186.13)
(302.46, 168.85, 186.13)
(302.46, 168.85, 186.13)
(300.39, 169.11, 186.25)
(300.39, 169.11, 186.25)
(300.39, 169.11, 186.25)
(300.39, 169.11, 186.25)
(300.39, 169.11, 186.25)
(300.39, 169.11, 186.25)
(300.39, 169.11, 186.25)
(300.39, 169.11, 186.25)
(300.39, 169.11, 186.25)
(300.39, 169.11, 186.25)
(300.39, 169.11, 186.25)
(300.39, 169.11, 186.25)
(300.39, 169.11, 186.25)
(300.39, 169.11, 186.25)
(300.39, 169.11, 186.25)
(300.39, 169.11, 186.25)
(300.39, 169.11, 186.25)
(300.39, 169.11, 186.25)
(300.39, 169.11, 186.25)
(300.39, 169.11, 186.25)
(300.39, 169.11, 186.25)
(300.39, 169.11, 186.25)
(300.39, 169.11, 186.25)
(300.39, 169.11, 186.25)
(300.39, 169.11, 186.25)
(300.39, 169.11, 186.25)
(300.39, 169.11, 186.25)
(300.39, 169.11, 186.25)
(300.39, 169.11, 186.25)
(300.39, 169.11, 186.25)
(300.39, 169.11, 186.25)
(300.39, 169.11, 186.25)
(300.39, 169.11, 186.25)
(300.39, 169.11, 186.25)
(300.39, 169.11, 186.25)
(300.39, 169.11, 186.25)
(300.39, 169.11, 186.25)
(300.39, 169.11, 186.25)
(300.39, 169.11, 186.25)
(300.39, 169.11, 186.25)
(300.39, 169.11, 186.25)
(300.39, 169.11, 186.25)
(300.39, 169.11, 186.25)
(300.92, 172.32, 184.36)
(300.92, 172.32, 184.36)
(300.92, 172.32, 184.36)
(300.92, 172.32, 184.36)
(300.92, 172.32, 184.36)
(300.92, 172.32, 184.36)
(300.92, 172.32, 184.36)
(300.92, 172.32, 184.36)
(300.92, 172.32, 184.36)
(300.92, 172.32, 184.36)
(300.12, 172.63, 184.25)
(300.12, 172.63, 184.25)
(300.12, 172.63, 184.25)
(300.12, 172.63, 184.25)
(300.12, 172.63, 184.25)
(300.12, 172.63, 184.25)
(300.12, 172.63, 184.25)
(300.12, 172.63, 184.25)
(300.12, 172.63, 184.25)
(300.12, 172.63, 184.25)
(300.12, 172.63, 184.25)
(300.12, 172.63, 184.25)
(300.12, 172.63, 184.25)
(300.12, 172.63, 184.25)
(300.12, 172.63, 184.25)
(300.12, 172.63, 184.25)
(300.12, 172.63, 184.25)
(300.12, 172.63, 184.25)
(300.12, 172.63, 184.25)
(300.12, 172.63, 184.25)
(300.12, 172.63, 184.25)
(300.12, 172.63, 184.25)
(301.13, 172.47, 184.25)
(301.13, 172.47, 184.25)
(301.13, 172.47, 184.25)
(301.13, 172.47, 184.25)
(301.13, 172.47, 184.25)
(301.13, 172.47, 184.25)
(301.13, 172.47, 184.25)
(301.13, 172.47, 184.25)
(301.13, 172.47, 184.25)
(301.13, 172.47, 184.25)
(300.75, 171.31, 184.95)
(300.75, 171.31, 184.95)
(300.75, 171.31, 184.95)
(300.75, 171.31, 184.95)
(300.75, 171.31, 184.95)
(300.75, 171.31, 184.95)
(300.75, 171.31, 184.95)
(300.75, 171.31, 184.95)
(300.75, 171.31, 184.95)
(300.75, 171.31, 184.95)
(300.75, 171.31, 184.95)
(300.75, 171.31, 184.95)
(300.75, 171.31, 184.95)
(300.75, 171.31, 184.95)
(300.75, 171.31, 184.95)
(300.75, 171.31, 184.95)
(300.75, 171.31, 184.95)
(300.75, 171.31, 184.95)
(300.75, 171.31, 184.95)
(300.75, 171.31, 184.95)
(300.75, 171.31, 184.95)
(300.75, 171.31, 184.95)
(300.73, 172.35, 184.36)
(300.73, 172.35, 184.36)
(300.73, 172.35, 184.36)
(300.73, 172.35, 184.36)
(300.73, 172.35, 184.36)
(300.73, 172.35, 184.36)
(300.73, 172.35, 184.36)
(300.73, 172.35, 184.36)
(300.73, 172.35, 184.36)
(300.73, 172.35, 184.36)
(300.73, 172.35, 184.36)
(300.73, 172.35, 184.36)
(300.73, 172.35, 184.36)
(300.73, 172.35, 184.36)
(300.73, 172.35, 184.36)
(300.73, 172.35, 184.36)
(300.73, 172.35, 184.36)
(300.73, 172.35, 184.36)
(300.73, 172.35, 184.36)
(300.73, 172.35, 184.36)
(300.73, 172.35, 184.36)
(301.82, 172.59, 184.13)
(301.82, 172.59, 184.13)
(301.82, 172.59, 184.13)
(301.82, 172.59, 184.13)
(301.82, 172.59, 184.13)
(301.82, 172.59, 184.13)
(301.82, 172.59, 184.13)
(301.82, 172.59, 184.13)
(301.82, 172.59, 184.13)
(301.82, 172.59, 184.13)
(301.82, 172.59, 184.13)
(301.82, 172.59, 184.13)
(302.09, 173.07, 183.84)
(302.09, 173.07, 183.84)
(302.09, 173.07, 183.84)
(302.09, 173.07, 183.84)
(302.09, 173.07, 183.84)
(302.09, 173.07, 183.84)
(302.09, 173.07, 183.84)
(302.09, 173.07, 183.84)
(302.09, 173.07, 183.84)
(302.09, 173.07, 183.84)
(302.09, 173.07, 183.84)
(302.09, 173.07, 183.84)
(302.09, 173.07, 183.84)
(302.09, 173.07, 183.84)
(302.09, 173.07, 183.84)
(302.09, 173.07, 183.84)
(302.09, 173.07, 183.84)
(302.09, 173.07, 183.84)
(302.09, 173.07, 183.84)
(302.09, 173.07, 183.84)
(302.09, 173.07, 183.84)
(302.09, 173.07, 183.84)
(301.64, 171.99, 184.48)
(301.64, 171.99, 184.48)
(301.64, 171.99, 184.48)
(301.64, 171.99, 184.48)
(301.64, 171.99, 184.48)
(301.64, 171.99, 184.48)
(301.64, 171.99, 184.48)
(301.64, 171.99, 184.48)
(301.64, 171.99, 184.48)
(301.64, 171.99, 184.48)
(301.64, 171.99, 184.48)
(301.64, 171.99, 184.48)
(301.64, 171.99, 184.48)
(301.64, 171.99, 184.48)
(301.64, 171.99, 184.48)
(301.64, 171.99, 184.48)
(301.64, 171.99, 184.48)
(301.64, 171.99, 184.48)
(301.64, 171.99, 184.48)
(301.64, 171.99, 184.48)
(301.64, 171.99, 184.48)
(301.64, 171.99, 184.48)
(301.94, 172.14, 184.37)
(301.94, 172.14, 184.37)
(301.94, 172.14, 184.37)
(301.94, 172.14, 184.37)
(301.94, 172.14, 184.37)
(301.94, 172.14, 184.37)
(301.94, 172.14, 184.37)
(301.94, 172.14, 184.37)
(301.94, 172.14, 184.37)
(301.94, 172.14, 184.37)
(301.94, 172.14, 184.37)
(301.94, 172.14, 184.37)
(301.94, 172.14, 184.37)
(301.94, 172.14, 184.37)
(301.94, 172.14, 184.37)
(301.94, 172.14, 184.37)
(301.94, 172.14, 184.37)
(301.94, 172.14, 184.37)
(301.94, 172.14, 184.37)
(301.94, 172.14, 184.37)
(301.94, 172.14, 184.37)
(301.94, 172.14, 184.37)
(302.25, 171.99, 184.42)
(302.25, 171.99, 184.42)
(302.25, 171.99, 184.42)
(302.25, 171.99, 184.42)
(302.25, 171.99, 184.42)
(302.25, 171.99, 184.42)
(302.25, 171.99, 184.42)
(302.25, 171.99, 184.42)
(302.25, 171.99, 184.42)
(302.25, 171.99, 184.42)
(302.25, 171.99, 184.42)
(301.30, 172.09, 184.45)
(301.30, 172.09, 184.45)
(301.30, 172.09, 184.45)
(301.30, 172.09, 184.45)
(301.30, 172.09, 184.45)
(301.30, 172.09, 184.45)
(301.30, 172.09, 184.45)
(301.30, 172.09, 184.45)
(301.30, 172.09, 184.45)
(301.30, 172.09, 184.45)
(301.30, 172.09, 184.45)
(301.30, 172.09, 184.45)
(301.30, 172.09, 184.45)
(301.30, 172.09, 184.45)
(301.30, 172.09, 184.45)
(301.30, 172.09, 184.45)
(301.30, 172.09, 184.45)
(301.30, 172.09, 184.45)
(301.30, 172.09, 184.45)
(301.30, 172.09, 184.45)
(301.30, 172.09, 184.45)
(301.83, 170.41, 185.34)
(301.83, 170.41, 185.34)
(301.83, 170.41, 185.34)
(301.83, 170.41, 185.34)
(301.83, 170.41, 185.34)
(301.83, 170.41, 185.34)
(301.83, 170.41, 185.34)
(301.83, 170.41, 185.34)
(301.83, 170.41, 185.34)
(301.83, 170.41, 185.34)
(301.83, 170.41, 185.34)
(301.83, 170.41, 185.34)
(301.38, 171.13, 184.98)
(301.38, 171.13, 184.98)
(301.38, 171.13, 184.98)
(301.38, 171.13, 184.98)
(301.38, 171.13, 184.98)
(301.38, 171.13, 184.98)
(301.38, 171.13, 184.98)
(301.38, 171.13, 184.98)
(301.38, 171.13, 184.98)
(301.38, 171.13, 184.98)
(301.38, 171.13, 184.98)
(301.38, 171.13, 184.98)
(301.38, 171.13, 184.98)
(301.38, 171.13, 184.98)
(301.38, 171.13, 184.98)
(301.38, 171.13, 184.98)
(301.38, 171.13, 184.98)
(301.38, 171.13, 184.98)
(301.38, 171.13, 184.98)
(301.38, 171.13, 184.98)
(301.38, 171.13, 184.98)
(301.38, 171.13, 184.98)
(301.38, 171.13, 184.98)
(301.38, 171.13, 184.98)
(301.38, 171.13, 184.98)
(301.38, 171.13, 184.98)
(301.38, 171.13, 184.98)
(301.38, 171.13, 184.98)
(301.38, 171.13, 184.98)
(301.38, 171.13, 184.98)
(301.38, 171.13, 184.98)
(301.38, 171.13, 184.98)
(301.38, 171.13, 184.98)
(301.38, 171.13, 184.98)
(302.17, 173.33, 183.69)
(302.17, 173.33, 183.69)
(302.17, 173.33, 183.69)
(302.17, 173.33, 183.69)
(302.17, 173.33, 183.69)
(302.17, 173.33, 183.69)
(302.17, 173.33, 183.69)
(302.17, 173.33, 183.69)
(302.17, 173.33, 183.69)
(302.17, 173.33, 183.69)
(302.17, 173.33, 183.69)
(302.17, 173.33, 183.69)
(302.17, 173.33, 183.69)
(302.17, 173.33, 183.69)
(302.17, 173.33, 183.69)
(302.17, 173.33, 183.69)
(302.17, 173.33, 183.69)
(302.17, 173.33, 183.69)
(302.17, 173.33, 183.69)
(302.17, 173.33, 183.69)
(302.17, 173.33, 183.69)
(302.17, 173.33, 183.69)
(302.17, 173.33, 183.69)
(302.17, 173.33, 183.69)
(302.17, 173.33, 183.69)
(302.17, 173.33, 183.69)
(302.17, 173.33, 183.69)
(302.17, 173.33, 183.69)
(302.17, 173.33, 183.69)
(302.17, 173.33, 183.69)
(302.17, 173.33, 183.69)
(302.17, 173.33, 183.69)
(302.17, 173.33, 183.69)
(302.17, 173.33, 183.69)
(301.92, 171.24, 184.87)
(301.92, 171.24, 184.87)
(301.92, 171.24, 184.87)
(301.92, 171.24, 184.87)
(301.92, 171.24, 184.87)
(301.92, 171.24, 184.87)
(301.92, 171.24, 184.87)
(301.92, 171.24, 184.87)
(301.92, 171.24, 184.87)
(301.92, 171.24, 184.87)
(301.92, 171.24, 184.87)
(301.92, 171.24, 184.87)
(301.47, 172.78, 184.05)
(301.47, 172.78, 184.05)
(301.47, 172.78, 184.05)
(301.47, 172.78, 184.05)
(301.47, 172.78, 184.05)
(301.47, 172.78, 184.05)
(301.47, 172.78, 184.05)
(301.47, 172.78, 184.05)
(301.47, 172.78, 184.05)
(301.47, 172.78, 184.05)
(301.47, 172.78, 184.05)
(301.47, 172.78, 184.05)
(301.47, 172.78, 184.05)
(301.47, 172.78, 184.05)
(301.47, 172.78, 184.05)
(301.47, 172.78, 184.05)
(301.47, 172.78, 184.05)
(301.47, 172.78, 184.05)
(301.47, 172.78, 184.05)
(301.47, 172.78, 184.05)
(301.47, 172.78, 184.05)
(301.47, 172.78, 184.05)
(302.11, 171.59, 184.66)
(302.11, 171.59, 184.66)
(302.11, 171.59, 184.66)
(302.11, 171.59, 184.66)
(302.11, 171.59, 184.66)
(302.11, 171.59, 184.66)
(302.11, 171.59, 184.66)
(302.11, 171.59, 184.66)
(302.11, 171.59, 184.66)
(302.11, 171.59, 184.66)
(302.11, 171.59, 184.66)
(302.11, 171.59, 184.66)
(302.11, 171.59, 184.66)
(302.11, 171.59, 184.66)
(302.11, 171.59, 184.66)
(302.11, 171.59, 184.66)
(302.11, 171.59, 184.66)
(302.11, 171.59, 184.66)
(302.11, 171.59, 184.66)
(302.11, 171.59, 184.66)
(302.11, 171.59, 184.66)
(302.11, 171.59, 184.66)
(302.11, 171.59, 184.66)
(302.11, 171.59, 184.66)
(301.57, 170.87, 185.11)
(301.57, 170.87, 185.11)
(301.57, 170.87, 185.11)
(301.57, 170.87, 185.11)
(301.57, 170.87, 185.11)
(301.57, 170.87, 185.11)
(301.57, 170.87, 185.11)
(301.57, 170.87, 185.11)
(301.57, 170.87, 185.11)
(301.57, 170.87, 185.11)
(301.57, 170.87, 185.11)
(302.55, 171.46, 184.69)
(302.55, 171.46, 184.69)
(302.55, 171.46, 184.69)
(302.55, 171.46, 184.69)
(302.55, 171.46, 184.69)
(302.55, 171.46, 184.69)
(302.55, 171.46, 184.69)
(302.55, 171.46, 184.69)
(302.55, 171.46, 184.69)
(302.55, 171.46, 184.69)
(302.55, 171.46, 184.69)
(302.55, 171.46, 184.69)
(302.55, 171.46, 184.69)
(302.55, 171.46, 184.69)
(302.55, 171.46, 184.69)
(302.55, 171.46, 184.69)
(302.55, 171.46, 184.69)
(302.55, 171.46, 184.69)
(302.55, 171.46, 184.69)
(302.55, 171.46, 184.69)
(302.55, 171.46, 184.69)
(302.55, 171.46, 184.69)
(302.55, 171.46, 184.69)
(302.55, 171.46, 184.69)
(301.54, 172.42, 184.24)
(301.54, 172.42, 184.24)
(301.54, 172.42, 184.24)
(301.54, 172.42, 184.24)
(301.54, 172.42, 184.24)
(301.54, 172.42, 184.24)
(301.54, 172.42, 184.24)
(301.54, 172.42, 184.24)
(301.54, 172.42, 184.24)
(301.54, 172.42, 184.24)
(301.54, 172.42, 184.24)
(301.54, 172.42, 184.24)
(301.54, 172.42, 184.24)
(301.54, 172.42, 184.24)
(301.54, 172.42, 184.24)
(301.54, 172.42, 184.24)
(301.54, 172.42, 184.24)
(301.54, 172.42, 184.24)
(301.54, 172.42, 184.24)
(301.54, 172.42, 184.24)
(301.54, 172.42, 184.24)
(301.54, 172.42, 184.24)
(301.54, 172.42, 184.24)
(302.53, 172.77, 183.97)
(302.53, 172.77, 183.97)
(302.53, 172.77, 183.97)
(302.53, 172.77, 183.97)
(302.53, 172.77, 183.97)
(302.53, 172.77, 183.97)
(302.53, 172.77, 183.97)
(302.53, 172.77, 183.97)
(302.53, 172.77, 183.97)
(302.53, 172.77, 183.97)
(302.53, 172.77, 183.97)
(302.53, 172.77, 183.97)
(302.07, 171.87, 184.51)
(302.07, 171.87, 184.51)
(302.07, 171.87, 184.51)
(302.07, 171.87, 184.51)
(302.07, 171.87, 184.51)
(302.07, 171.87, 184.51)
(302.07, 171.87, 184.51)
(302.07, 171.87, 184.51)
(302.07, 171.87, 184.51)
(302.07, 171.87, 184.51)
(302.07, 171.87, 184.51)
(302.07, 171.87, 184.51)
(302.07, 171.87, 184.51)
(302.07, 171.87, 184.51)
(302.07, 171.87, 184.51)
(302.07, 171.87, 184.51)
(302.07, 171.87, 184.51)
(302.07, 171.87, 184.51)
(302.07, 171.87, 184.51)
(302.07, 171.87, 184.51)
(302.07, 171.87, 184.51)
(302.07, 171.87, 184.51)
(302.07, 171.87, 184.51)
(302.14, 171.84, 184.52)
(302.14, 171.84, 184.52)
(302.14, 171.84, 184.52)
(302.14, 171.84, 184.52)
(302.14, 171.84, 184.52)
(302.14, 171.84, 184.52)
(302.14, 171.84, 184.52)
(302.14, 171.84, 184.52)
(302.14, 171.84, 184.52)
(302.14, 171.84, 184.52)
(302.14, 171.84, 184.52)
(302.14, 171.84, 184.52)
(302.14, 171.84, 184.52)
(302.14, 171.84, 184.52)
(302.14, 171.84, 184.52)
(302.14, 171.84, 184.52)
(302.14, 171.84, 184.52)
(302.14, 171.84, 184.52)
(302.14, 171.84, 184.52)
(302.14, 171.84, 184.52)
(302.14, 171.84, 184.52)
(302.14, 171.84, 184.52)
(302.14, 171.84, 184.52)
(302.14, 171.84, 184.52)
(302.14, 171.84, 184.52)
(302.45, 172.03, 184.38)
(302.45, 172.03, 184.38)
(302.45, 172.03, 184.38)
(302.45, 172.03, 184.38)
(302.45, 172.03, 184.38)
(302.45, 172.03, 184.38)
(302.45, 172.03, 184.38)
(302.45, 172.03, 184.38)
(302.45, 172.03, 184.38)
(302.45, 172.03, 184.38)
(302.45, 172.03, 184.38)
(302.45, 172.03, 184.38)
(302.30, 171.56, 184.65)
(302.30, 171.56, 184.65)
(302.30, 171.56, 184.65)
(302.30, 171.56, 184.65)
(302.30, 171.56, 184.65)
(302.30, 171.56, 184.65)
(302.30, 171.56, 184.65)
(302.30, 171.56, 184.65)
(302.30, 171.56, 184.65)
(302.30, 171.56, 184.65)
(302.30, 171.56, 184.65)
(302.30, 171.56, 184.65)
(302.30, 171.56, 184.65)
(302.30, 171.56, 184.65)
(302.30, 171.56, 184.65)
(302.30, 171.56, 184.65)
(302.30, 171.56, 184.65)
(302.30, 171.56, 184.65)
(302.30, 171.56, 184.65)
(302.30, 171.56, 184.65)
(302.30, 171.56, 184.65)
(302.30, 171.56, 184.65)
(302.30, 171.56, 184.65)
(302.30, 171.56, 184.65)
(302.30, 171.56, 184.65)
(302.30, 171.56, 184.65)
(302.30, 171.56, 184.65)
(302.30, 171.56, 184.65)
(302.30, 171.56, 184.65)
(302.30, 171.56, 184.65)
(302.30, 171.56, 184.65)
(302.30, 171.56, 184.65)
(302.30, 171.56, 184.65)
(302.30, 171.56, 184.65)
(302.30, 171.56, 184.65)
(302.30, 171.56, 184.65)
(301.75, 172.34, 184.27)
(301.75, 172.34, 184.27)
(301.75, 172.34, 184.27)
(301.75, 172.34, 184.27)
(301.75, 172.34, 184.27)
(301.75, 172.34, 184.27)
(301.75, 172.34, 184.27)
(301.75, 172.34, 184.27)
(301.75, 172.34, 184.27)
(301.75, 172.34, 184.27)
(301.75, 172.34, 184.27)
(301.75, 172.34, 184.27)
(302.11, 172.75, 184.01)
(302.11, 172.75, 184.01)
(302.11, 172.75, 184.01)
(302.11, 172.75, 184.01)
(302.11, 172.75, 184.01)
(302.11, 172.75, 184.01)
(302.11, 172.75, 184.01)
(302.11, 172.75, 184.01)
(302.11, 172.75, 184.01)
(302.11, 172.75, 184.01)
(302.11, 172.75, 184.01)
(302.11, 172.75, 184.01)
(302.11, 172.75, 184.01)
(302.11, 172.75, 184.01)
(302.11, 172.75, 184.01)
(302.11, 172.75, 184.01)
(302.11, 172.75, 184.01)
(302.11, 172.75, 184.01)
(302.11, 172.75, 184.01)
(302.11, 172.75, 184.01)
(302.11, 172.75, 184.01)
(302.11, 172.75, 184.01)
(302.53, 172.98, 183.85)
(302.53, 172.98, 183.85)
(302.53, 172.98, 183.85)
(302.53, 172.98, 183.85)
(302.53, 172.98, 183.85)
(302.53, 172.98, 183.85)
(302.53, 172.98, 183.85)
(302.53, 172.98, 183.85)
(302.53, 172.98, 183.85)
(302.53, 172.98, 183.85)
(302.53, 172.98, 183.85)
(302.53, 172.98, 183.85)
(302.53, 172.98, 183.85)
(302.53, 172.98, 183.85)
(302.53, 172.98, 183.85)
(302.53, 172.98, 183.85)
(302.53, 172.98, 183.85)
(302.53, 172.98, 183.85)
(302.53, 172.98, 183.85)
(302.53, 172.98, 183.85)
(302.53, 172.98, 183.85)
(302.53, 172.98, 183.85)
(302.53, 172.98, 183.85)
(302.53, 172.98, 183.85)
(302.53, 172.98, 183.85)
(302.53, 172.98, 183.85)
(302.61, 171.50, 184.66)
(302.61, 171.50, 184.66)
(302.61, 171.50, 184.66)
(302.61, 171.50, 184.66)
(302.61, 171.50, 184.66)
(302.61, 171.50, 184.66)
(302.61, 171.50, 184.66)
(302.61, 171.50, 184.66)
(302.61, 171.50, 184.66)
(302.61, 171.50, 184.66)
(302.61, 171.50, 184.66)
(302.61, 171.50, 184.66)
(302.33, 172.10, 184.35)
(302.33, 172.10, 184.35)
(302.33, 172.10, 184.35)
(302.33, 172.10, 184.35)
(302.33, 172.10, 184.35)
(302.33, 172.10, 184.35)
(302.33, 172.10, 184.35)
(302.33, 172.10, 184.35)
(302.33, 172.10, 184.35)
(302.33, 172.10, 184.35)
(302.33, 172.10, 184.35)
(302.33, 172.10, 184.35)
(302.33, 172.10, 184.35)
(302.33, 172.10, 184.35)
(302.33, 172.10, 184.35)
(302.33, 172.10, 184.35)
(302.33, 172.10, 184.35)
(302.33, 172.10, 184.35)
(302.33, 172.10, 184.35)
(302.33, 172.10, 184.35)
(302.33, 172.10, 184.35)
(302.33, 172.10, 184.35)
(302.33, 172.10, 184.35)
(302.33, 172.10, 184.35)
(302.33, 172.10, 184.35)
(301.96, 172.14, 184.36)
(301.96, 172.14, 184.36)
(301.96, 172.14, 184.36)
(301.96, 172.14, 184.36)
(301.96, 172.14, 184.36)
(301.96, 172.14, 184.36)
(301.96, 172.14, 184.36)
(301.96, 172.14, 184.36)
(301.96, 172.14, 184.36)
(301.96, 172.14, 184.36)
(301.96, 172.14, 184.36)
(301.96, 172.14, 184.36)
(301.96, 172.14, 184.36)
(302.33, 172.50, 184.14)
(302.33, 172.50, 184.14)
(302.33, 172.50, 184.14)
(302.33, 172.50, 184.14)
(302.33, 172.50, 184.14)
(302.33, 172.50, 184.14)
(302.33, 172.50, 184.14)
(302.33, 172.50, 184.14)
(302.33, 172.50, 184.14)
(302.33, 172.50, 184.14)
(302.33, 172.50, 184.14)
(302.33, 172.50, 184.14)
(302.33, 172.50, 184.14)
(302.33, 172.50, 184.14)
(302.33, 172.50, 184.14)
(302.33, 172.50, 184.14)
(302.33, 172.50, 184.14)
(302.33, 172.50, 184.14)
(302.33, 172.50, 184.14)
(302.33, 172.50, 184.14)
(302.33, 172.50, 184.14)
(302.33, 172.50, 184.14)
(302.33, 172.50, 184.14)
(302.33, 172.50, 184.14)
(302.33, 172.50, 184.14)
(302.33, 172.50, 184.14)
(301.87, 171.80, 184.57)
(301.87, 171.80, 184.57)
(301.87, 171.80, 184.57)
(301.87, 171.80, 184.57)
(301.87, 171.80, 184.57)
(301.87, 171.80, 184.57)
(301.87, 171.80, 184.57)
(301.87, 171.80, 184.57)
(301.87, 171.80, 184.57)
(301.87, 171.80, 184.57)
(301.87, 171.80, 184.57)
(301.87, 171.80, 184.57)
(301.87, 171.80, 184.57)
(301.87, 171.80, 184.57)
(301.87, 171.80, 184.57)
(301.87, 171.80, 184.57)
(301.87, 171.80, 184.57)
(301.87, 171.80, 184.57)
(301.87, 171.80, 184.57)
(301.87, 171.80, 184.57)
(301.87, 171.80, 184.57)
(301.87, 171.80, 184.57)
(301.87, 171.80, 184.57)
(301.87, 171.80, 184.57)
(301.87, 171.80, 184.57)
(301.87, 171.80, 184.57)
(301.87, 171.80, 184.57)
(301.87, 171.80, 184.57)
(301.87, 171.80, 184.57)
(301.87, 171.80, 184.57)
(301.87, 171.80, 184.57)
(301.87, 171.80, 184.57)
(301.87, 171.80, 184.57)
(301.87, 171.80, 184.57)
(301.87, 171.80, 184.57)
(301.87, 171.80, 184.57)
(301.87, 171.80, 184.57)
(301.87, 171.80, 184.57)
(301.87, 171.80, 184.57)
(303.71, 173.44, 183.51)
(303.71, 173.44, 183.51)
(303.71, 173.44, 183.51)
(303.71, 173.44, 183.51)
(303.71, 173.44, 183.51)
(303.71, 173.44, 183.51)
(303.71, 173.44, 183.51)
(303.71, 173.44, 183.51)
(303.71, 173.44, 183.51)
(303.71, 173.44, 183.51)
(303.71, 173.44, 183.51)
(303.71, 173.44, 183.51)
(303.71, 173.44, 183.51)
(303.71, 173.44, 183.51)
(303.71, 173.44, 183.51)
(303.71, 173.44, 183.51)
(303.71, 173.44, 183.51)
(303.71, 173.44, 183.51)
(303.71, 173.44, 183.51)
(303.71, 173.44, 183.51)
(303.71, 173.44, 183.51)
(303.71, 173.44, 183.51)
(303.71, 173.44, 183.51)
(303.71, 173.44, 183.51)
(303.71, 173.44, 183.51)
(303.71, 173.44, 183.51)
(303.62, 171.55, 184.54)
(303.62, 171.55, 184.54)
(303.62, 171.55, 184.54)
(303.62, 171.55, 184.54)
(303.62, 171.55, 184.54)
(303.62, 171.55, 184.54)
(303.62, 171.55, 184.54)
(303.62, 171.55, 184.54)
(303.62, 171.55, 184.54)
(303.62, 171.55, 184.54)
(303.62, 171.55, 184.54)
(303.62, 171.55, 184.54)
(303.62, 171.55, 184.54)
(303.62, 171.55, 184.54)
(303.62, 171.55, 184.54)
(303.62, 171.55, 184.54)
(303.62, 171.55, 184.54)
(303.62, 171.55, 184.54)
(303.62, 171.55, 184.54)
(303.62, 171.55, 184.54)
(303.62, 171.55, 184.54)
(303.62, 171.55, 184.54)
(303.62, 171.55, 184.54)
(303.62, 171.55, 184.54)
(303.62, 171.55, 184.54)
(302.78, 171.51, 184.63)
(302.78, 171.51, 184.63)
(302.78, 171.51, 184.63)
(302.78, 171.51, 184.63)
(302.78, 171.51, 184.63)
(302.78, 171.51, 184.63)
(302.78, 171.51, 184.63)
(302.78, 171.51, 184.63)
(302.78, 171.51, 184.63)
(302.78, 171.51, 184.63)
(302.78, 171.51, 184.63)
(302.78, 171.51, 184.63)
(302.78, 171.51, 184.63)
(304.04, 170.40, 185.11)
(304.04, 170.40, 185.11)
(304.04, 170.40, 185.11)
(304.04, 170.40, 185.11)
(304.04, 170.40, 185.11)
(304.04, 170.40, 185.11)
(304.04, 170.40, 185.11)
(304.04, 170.40, 185.11)
(304.04, 170.40, 185.11)
(304.04, 170.40, 185.11)
(304.04, 170.40, 185.11)
(304.04, 170.40, 185.11)
(304.04, 170.40, 185.11)
(304.04, 170.40, 185.11)
(304.04, 170.40, 185.11)
(304.04, 170.40, 185.11)
(304.04, 170.40, 185.11)
(304.04, 170.40, 185.11)
(304.04, 170.40, 185.11)
(304.04, 170.40, 185.11)
(304.04, 170.40, 185.11)
(304.04, 170.40, 185.11)
(304.04, 170.40, 185.11)
(304.04, 170.40, 185.11)
(304.04, 170.40, 185.11)
(304.04, 170.40, 185.11)
(304.04, 170.40, 185.11)
(304.04, 170.40, 185.11)
(304.04, 170.40, 185.11)
(304.04, 170.40, 185.11)
(304.04, 170.40, 185.11)
(304.04, 170.40, 185.11)
(304.04, 170.40, 185.11)
(304.04, 170.40, 185.11)
(304.04, 170.40, 185.11)
(304.04, 170.40, 185.11)
(304.04, 170.40, 185.11)
(304.04, 170.40, 185.11)
(304.04, 170.40, 185.11)
(304.04, 170.40, 185.11)
(304.04, 170.40, 185.11)
(304.04, 170.40, 185.11)
(304.04, 170.40, 185.11)
(304.04, 170.40, 185.11)
(304.04, 170.40, 185.11)
(304.04, 170.40, 185.11)
(304.04, 170.40, 185.11)
(304.04, 170.40, 185.11)
(304.04, 170.40, 185.11)
(304.04, 170.40, 185.11)
(304.04, 170.40, 185.11)
(304.04, 170.40, 185.11)
(305.76, 172.10, 184.05)
(305.76, 172.10, 184.05)
(305.76, 172.10, 184.05)
(305.76, 172.10, 184.05)
(305.76, 172.10, 184.05)
(305.76, 172.10, 184.05)
(305.76, 172.10, 184.05)
(305.76, 172.10, 184.05)
(305.76, 172.10, 184.05)
(305.76, 172.10, 184.05)
(305.76, 172.10, 184.05)
(305.76, 172.10, 184.05)
(305.76, 172.10, 184.05)
(305.76, 172.10, 184.05)
(305.76, 172.10, 184.05)
(305.76, 172.10, 184.05)
(305.76, 172.10, 184.05)
(305.76, 172.10, 184.05)
(305.76, 172.10, 184.05)
(305.76, 172.10, 184.05)
(305.76, 172.10, 184.05)
(305.76, 172.10, 184.05)
(305.76, 172.10, 184.05)
(305.76, 172.10, 184.05)
(305.76, 172.10, 184.05)
(305.76, 172.10, 184.05)
(304.26, 171.58, 184.46)
(304.26, 171.58, 184.46)
(304.26, 171.58, 184.46)
(304.26, 171.58, 184.46)
(304.26, 171.58, 184.46)
(304.26, 171.58, 184.46)
(304.26, 171.58, 184.46)
(304.26, 171.58, 184.46)
(304.26, 171.58, 184.46)
(304.26, 171.58, 184.46)
(304.26, 171.58, 184.46)
(304.26, 171.58, 184.46)
(304.26, 171.58, 184.46)
(302.72, 170.73, 185.07)
(302.72, 170.73, 185.07)
(302.72, 170.73, 185.07)
(302.72, 170.73, 185.07)
(302.72, 170.73, 185.07)
(302.72, 170.73, 185.07)
(302.72, 170.73, 185.07)
(302.72, 170.73, 185.07)
(302.72, 170.73, 185.07)
(302.72, 170.73, 185.07)
(302.72, 170.73, 185.07)
(302.72, 170.73, 185.07)
(302.72, 170.73, 185.07)
(302.72, 170.73, 185.07)
(302.72, 170.73, 185.07)
(302.72, 170.73, 185.07)
(302.72, 170.73, 185.07)
(302.72, 170.73, 185.07)
(302.72, 170.73, 185.07)
(302.72, 170.73, 185.07)
(302.72, 170.73, 185.07)
(302.72, 170.73, 185.07)
(302.72, 170.73, 185.07)
(302.72, 170.73, 185.07)
(302.72, 170.73, 185.07)
(302.72, 170.73, 185.07)
(302.39, 169.60, 185.73)
(302.39, 169.60, 185.73)
(302.39, 169.60, 185.73)
(302.39, 169.60, 185.73)
(302.39, 169.60, 185.73)
(302.39, 169.60, 185.73)
(302.39, 169.60, 185.73)
(302.39, 169.60, 185.73)
(302.39, 169.60, 185.73)
(302.39, 169.60, 185.73)
(302.39, 169.60, 185.73)
(302.39, 169.60, 185.73)
(302.39, 169.60, 185.73)
(302.39, 169.60, 185.73)
(302.39, 169.60, 185.73)
(302.39, 169.60, 185.73)
(302.39, 169.60, 185.73)
(302.39, 169.60, 185.73)
(302.39, 169.60, 185.73)
(302.39, 169.60, 185.73)
(302.39, 169.60, 185.73)
(302.39, 169.60, 185.73)
(302.39, 169.60, 185.73)
(302.39, 169.60, 185.73)
(302.39, 169.60, 185.73)
(302.39, 169.60, 185.73)
(303.31, 171.12, 184.80)
(303.31, 171.12, 184.80)
(303.31, 171.12, 184.80)
(303.31, 171.12, 184.80)
(303.31, 171.12, 184.80)
(303.31, 171.12, 184.80)
(303.31, 171.12, 184.80)
(303.31, 171.12, 184.80)
(303.31, 171.12, 184.80)
(303.31, 171.12, 184.80)
(303.31, 171.12, 184.80)
(303.31, 171.12, 184.80)
(303.31, 171.12, 184.80)
(303.31, 171.12, 184.80)
(303.31, 171.12, 184.80)
(303.31, 171.12, 184.80)
(303.31, 171.12, 184.80)
(303.31, 171.12, 184.80)
(303.31, 171.12, 184.80)
(303.31, 171.12, 184.80)
(303.31, 171.12, 184.80)
(303.31, 171.12, 184.80)
(303.31, 171.12, 184.80)
(303.31, 171.12, 184.80)
(304.50, 171.82, 184.31)
(304.50, 171.82, 184.31)
(304.50, 171.82, 184.31)
(304.50, 171.82, 184.31)
(304.50, 171.82, 184.31)
(304.50, 171.82, 184.31)
(304.50, 171.82, 184.31)
(304.50, 171.82, 184.31)
(304.50, 171.82, 184.31)
(304.50, 171.82, 184.31)
(304.50, 171.82, 184.31)
(304.50, 171.82, 184.31)
(304.50, 171.82, 184.31)
(304.50, 171.82, 184.31)
(304.50, 171.82, 184.31)
(304.50, 171.82, 184.31)
(304.50, 171.82, 184.31)
(304.50, 171.82, 184.31)
(304.50, 171.82, 184.31)
(304.50, 171.82, 184.31)
(304.50, 171.82, 184.31)
(304.50, 171.82, 184.31)
(307.06, 173.05, 183.46)
(307.06, 173.05, 183.46)
(307.06, 173.05, 183.46)
(307.06, 173.05, 183.46)
(307.06, 173.05, 183.46)
(307.06, 173.05, 183.46)
(307.06, 173.05, 183.46)
(307.06, 173.05, 183.46)
(307.06, 173.05, 183.46)
(307.06, 173.05, 183.46)
(307.06, 173.05, 183.46)
(313.50, 174.61, 182.32)
(313.50, 174.61, 182.32)
(313.50, 174.61, 182.32)
(313.50, 174.61, 182.32)
(313.50, 174.61, 182.32)
(313.50, 174.61, 182.32)
(313.50, 174.61, 182.32)
(313.50, 174.61, 182.32)
(313.50, 174.61, 182.32)
(313.50, 174.61, 182.32)
(317.80, 176.25, 182.32)
(317.80, 176.25, 182.32)
(317.80, 176.25, 182.32)
(317.80, 176.25, 182.32)
(317.80, 176.25, 182.32)
(317.80, 176.25, 182.32)
(317.80, 176.25, 182.32)
(317.80, 176.25, 182.32)
(317.80, 176.25, 182.32)
(317.80, 176.25, 182.32)
(317.80, 176.25, 181.45)
(317.80, 176.25, 181.45)
(317.80, 176.25, 181.45)
(317.80, 176.25, 181.45)
(317.80, 176.25, 181.45)
(317.80, 176.25, 181.45)
(317.80, 176.25, 181.45)
(317.80, 176.25, 181.45)
(317.80, 176.25, 181.45)
(317.80, 176.25, 181.45)
(326.12, 183.37, 178.97)
(326.12, 183.37, 178.97)
(326.12, 183.37, 178.97)
(326.12, 183.37, 178.97)
(326.12, 183.37, 178.97)
(326.12, 183.37, 178.97)
(326.12, 183.37, 178.97)
(326.12, 183.37, 178.97)
(326.12, 183.37, 178.97)
(326.12, 183.37, 178.97)
(326.12, 183.37, 178.97)
(326.12, 183.37, 178.97)
(326.12, 183.37, 178.97)
(326.12, 183.37, 178.97)
(326.12, 183.37, 178.97)
(326.12, 183.37, 178.97)
(326.12, 183.37, 178.97)
(330.86, 183.30, 179.14)
(330.86, 183.30, 179.14)
(330.86, 183.30, 179.14)
(330.86, 183.30, 179.14)
(330.86, 183.30, 179.14)
(330.86, 183.30, 179.14)
(330.86, 183.30, 179.14)
(330.86, 183.30, 179.14)
(330.86, 183.30, 179.14)
(330.86, 183.30, 179.14)
(330.86, 183.30, 179.14)
(330.86, 183.30, 179.14)
(330.86, 183.30, 179.14)
(330.86, 183.30, 179.14)
(330.86, 183.30, 179.14)
(330.86, 183.30, 179.14)
(330.86, 183.30, 179.14)
(330.86, 183.30, 179.14)
(330.86, 183.30, 179.14)
(330.86, 183.30, 179.14)
(330.86, 183.30, 179.14)
(328.61, 184.68, 178.68)
(328.61, 184.68, 178.68)
(328.61, 184.68, 178.68)
(328.61, 184.68, 178.68)
(328.61, 184.68, 178.68)
(328.61, 184.68, 178.68)
(328.61, 184.68, 178.68)
(328.61, 184.68, 178.68)
(328.61, 184.68, 178.68)
(328.61, 184.68, 178.68)
(328.61, 184.68, 178.68)
(328.61, 184.68, 178.68)
(328.61, 184.68, 178.68)
(328.61, 184.68, 178.68)
(328.61, 184.68, 178.68)
(328.61, 184.68, 178.68)
(328.61, 184.68, 178.68)
(328.61, 184.68, 178.68)
(328.61, 184.68, 178.68)
(328.61, 184.68, 178.68)
(328.61, 184.68, 178.68)
(328.61, 184.68, 178.68)
(328.61, 184.68, 178.68)
(328.61, 184.68, 178.68)
(328.61, 184.68, 178.68)
(328.61, 184.68, 178.68)
(328.61, 184.68, 178.68)
(328.61, 184.68, 178.68)
(344.67, 194.55, 178.03)
(344.67, 194.55, 178.03)
(344.67, 194.55, 178.03)
(344.67, 194.55, 178.03)
(344.67, 194.55, 178.03)
(344.67, 194.55, 178.03)
(344.67, 194.55, 178.03)
(344.67, 194.55, 178.03)
(344.67, 194.55, 178.03)
(344.67, 194.55, 178.03)
(344.67, 194.55, 178.03)
(344.67, 194.55, 178.03)
(344.67, 194.55, 178.03)
(344.67, 194.55, 178.03)
(344.67, 194.55, 178.03)
(344.67, 194.55, 178.03)
(344.67, 194.55, 178.03)
(344.67, 194.55, 178.03)
(345.08, 191.25, 178.52)
(345.08, 191.25, 178.52)
(345.08, 191.25, 178.52)
(345.08, 191.25, 178.52)
(345.08, 191.25, 178.52)
(345.08, 191.25, 178.52)
(345.08, 191.25, 178.52)
(345.08, 191.25, 178.52)
(345.08, 191.25, 178.52)
(345.08, 191.25, 178.52)
(345.51, 200.14, 177.41)
(345.51, 200.14, 177.41)
(345.51, 200.14, 177.41)
(345.51, 200.14, 177.41)
(345.51, 200.14, 177.41)
(345.51, 200.14, 177.41)
(345.51, 200.14, 177.41)
(345.51, 200.14, 177.41)
(345.51, 200.14, 177.41)
(345.51, 200.14, 177.41)
(345.51, 200.14, 177.41)
(345.51, 200.14, 177.41)
(345.51, 200.14, 177.41)
(345.51, 200.14, 177.41)
(345.51, 200.14, 177.41)
(345.51, 200.14, 177.41)
(345.51, 200.14, 177.41)
(345.51, 200.14, 177.41)
(346.21, 190.34, 178.75)
(346.21, 190.34, 178.75)
(346.21, 190.34, 178.75)
(346.21, 190.34, 178.75)
(346.21, 190.34, 178.75)
(346.21, 190.34, 178.75)
(346.21, 190.34, 178.75)
(346.21, 190.34, 178.75)
(346.21, 190.34, 178.75)
(346.21, 190.34, 178.75)
(346.21, 190.34, 178.75)
(346.21, 190.34, 178.75)
(346.21, 190.34, 178.75)
(346.21, 190.34, 178.75)
(346.21, 190.34, 178.75)
(346.21, 190.34, 178.75)
(346.21, 190.34, 178.75)
(349.33, 204.00, 177.72)
(349.33, 204.00, 177.72)
(349.33, 204.00, 177.72)
(349.33, 204.00, 177.72)
(349.33, 204.00, 177.72)
(349.33, 204.00, 177.72)
(349.33, 204.00, 177.72)
(349.33, 204.00, 177.72)
(349.33, 204.00, 177.72)
(350.86, 206.68, 177.83)
(350.86, 206.68, 177.83)
(350.86, 206.68, 177.83)
(350.86, 206.68, 177.83)
(350.86, 206.68, 177.83)
(350.86, 206.68, 177.83)
(350.86, 206.68, 177.83)
(350.86, 206.68, 177.83)
(350.86, 206.68, 177.83)
(350.86, 206.68, 177.83)
(350.86, 206.68, 177.83)
(350.86, 206.68, 177.83)
(350.86, 206.68, 177.83)
(350.86, 206.68, 177.83)
(350.86, 206.68, 177.83)
(350.86, 206.68, 177.83)
(350.86, 206.68, 177.83)
(350.86, 206.68, 177.83)
(350.32, 191.24, 179.04)
(350.32, 191.24, 179.04)
(350.32, 191.24, 179.04)
(350.32, 191.24, 179.04)
(350.32, 191.24, 179.04)
(350.32, 191.24, 179.04)
(350.32, 191.24, 179.04)
(350.32, 191.24, 179.04)
(350.32, 191.24, 179.04)
(350.32, 191.24, 179.04)
(350.32, 191.24, 179.04)
(350.32, 191.24, 179.04)
(350.32, 191.24, 179.04)
(350.32, 191.24, 179.04)
(350.32, 191.24, 179.04)
(350.32, 191.24, 179.04)
(350.32, 191.24, 179.04)
(350.32, 191.24, 179.04)
(350.32, 191.24, 179.04)
(350.32, 191.24, 179.04)
(350.32, 191.24, 179.04)
(350.32, 191.24, 179.04)
(350.32, 191.24, 179.04)
(350.32, 191.24, 179.04)
(350.32, 191.24, 179.04)
(350.32, 191.24, 179.04)
(350.32, 191.24, 179.04)
(350.32, 191.24, 179.04)
(350.32, 191.24, 179.04)
(350.32, 191.24, 179.04)
(350.32, 191.24, 179.04)
(350.32, 191.24, 179.04)
(350.32, 191.24, 179.04)
(350.32, 191.24, 179.04)
(353.10, 212.29, 178.00)
(353.10, 212.29, 178.00)
(353.10, 212.29, 178.00)
(353.10, 212.29, 178.00)
(353.10, 212.29, 178.00)
(353.10, 212.29, 178.00)
(353.10, 212.29, 178.00)
(353.10, 212.29, 178.00)
(353.10, 212.29, 178.00)
(348.49, 188.25, 179.17)
(348.49, 188.25, 179.17)
(348.49, 188.25, 179.17)
(348.49, 188.25, 179.17)
(348.49, 188.25, 179.17)
(348.49, 188.25, 179.17)
(348.49, 188.25, 179.17)
(348.49, 188.25, 179.17)
(348.49, 188.25, 179.17)
(348.49, 188.25, 179.17)
(348.49, 188.25, 179.17)
(348.49, 188.25, 179.17)
(348.49, 188.25, 179.17)
(348.49, 188.25, 179.17)
(348.49, 188.25, 179.17)
(348.49, 188.25, 179.17)
(348.49, 188.25, 179.17)
(347.90, 181.85, 179.80)
(347.90, 181.85, 179.80)
(347.90, 181.85, 179.80)
(347.90, 181.85, 179.80)
(347.90, 181.85, 179.80)
(347.90, 181.85, 179.80)
(347.90, 181.85, 179.80)
(347.90, 181.85, 179.80)
(351.71, 194.71, 178.93)
(351.71, 194.71, 178.93)
(351.71, 194.71, 178.93)
(351.71, 194.71, 178.93)
(351.71, 194.71, 178.93)
(351.71, 194.71, 178.93)
(351.71, 194.71, 178.93)
(351.71, 194.71, 178.93)
(351.71, 194.71, 178.93)
(351.71, 194.71, 178.93)
(351.71, 194.71, 178.93)
(351.71, 194.71, 178.93)
(351.71, 194.71, 178.93)
(351.71, 194.71, 178.93)
(351.71, 194.71, 178.93)
(351.71, 194.71, 178.93)
(351.46, 190.55, 179.21)
(351.46, 190.55, 179.21)
(351.46, 190.55, 179.21)
(351.46, 190.55, 179.21)
(351.46, 190.55, 179.21)
(351.46, 190.55, 179.21)
(351.46, 190.55, 179.21)
(351.46, 190.55, 179.21)
(351.46, 190.55, 179.21)
(351.46, 190.55, 179.21)
(351.46, 190.55, 179.21)
(351.46, 190.55, 179.21)
(351.46, 190.55, 179.21)
(351.46, 190.55, 179.21)
(351.46, 190.55, 179.21)
(351.46, 190.55, 179.21)
(351.46, 190.55, 179.21)
(351.46, 190.55, 179.21)
(351.46, 190.55, 179.21)
(351.46, 190.55, 179.21)
(351.46, 190.55, 179.21)
(351.46, 190.55, 179.21)
(351.46, 190.55, 179.21)
(351.46, 190.55, 179.21)
(351.46, 190.55, 179.21)
(351.46, 190.55, 179.21)
(351.46, 190.55, 179.21)
(351.46, 190.55, 179.21)
(351.46, 190.55, 179.21)
(351.46, 190.55, 179.21)
(351.46, 190.55, 179.21)
(351.46, 190.55, 179.21)
(352.99, 188.27, 179.49)
(352.99, 188.27, 179.49)
(352.99, 188.27, 179.49)
(352.99, 188.27, 179.49)
(352.99, 188.27, 179.49)
(352.99, 188.27, 179.49)
(352.99, 188.27, 179.49)
(352.99, 188.27, 179.49)
(355.82, 201.80, 179.19)
(355.82, 201.80, 179.19)
(355.82, 201.80, 179.19)
(355.82, 201.80, 179.19)
(355.82, 201.80, 179.19)
(355.82, 201.80, 179.19)
(355.82, 201.80, 179.19)
(355.82, 201.80, 179.19)
(355.82, 201.80, 179.19)
(355.82, 201.80, 179.19)
(355.82, 201.80, 179.19)
(355.82, 201.80, 179.19)
(355.82, 201.80, 179.19)
(355.82, 201.80, 179.19)
(355.82, 201.80, 179.19)
(355.82, 201.80, 179.19)
(351.82, 181.34, 179.90)
(351.82, 181.34, 179.90)
(351.82, 181.34, 179.90)
(351.82, 181.34, 179.90)
(351.82, 181.34, 179.90)
(351.82, 181.34, 179.90)
(351.82, 181.34, 179.90)
(351.82, 181.34, 179.90)
(352.13, 187.53, 179.48)
(352.13, 187.53, 179.48)
(352.13, 187.53, 179.48)
(352.13, 187.53, 179.48)
(352.13, 187.53, 179.48)
(352.13, 187.53, 179.48)
(352.13, 187.53, 179.48)
(352.13, 187.53, 179.48)
(352.13, 187.53, 179.48)
(352.13, 187.53, 179.48)
(352.13, 187.53, 179.48)
(352.13, 187.53, 179.48)
(352.13, 187.53, 179.48)
(352.13, 187.53, 179.48)
(352.13, 187.53, 179.48)
(352.13, 187.53, 179.48)
(352.13, 187.53, 179.48)
(352.13, 187.53, 179.48)
(352.13, 187.53, 179.48)
(352.13, 187.53, 179.48)
(352.13, 187.53, 179.48)
(352.13, 187.53, 179.48)
(352.13, 187.53, 179.48)
(352.13, 187.53, 179.48)
(354.36, 182.21, 179.89)
(354.36, 182.21, 179.89)
(354.36, 182.21, 179.89)
(354.36, 182.21, 179.89)
(354.36, 182.21, 179.89)
(354.36, 182.21, 179.89)
(354.36, 182.21, 179.89)
(354.36, 182.21, 179.89)
(354.36, 182.21, 179.89)
(354.36, 182.21, 179.89)
(354.36, 182.21, 179.89)
(354.36, 182.21, 179.89)
(354.36, 182.21, 179.89)
(354.36, 182.21, 179.89)
(354.36, 182.21, 179.89)
(354.36, 182.21, 179.89)
(354.69, 169.08, 180.51)
(354.69, 169.08, 180.51)
(354.69, 169.08, 180.51)
(354.69, 169.08, 180.51)
(354.69, 169.08, 180.51)
(354.69, 169.08, 180.51)
(354.69, 169.08, 180.51)
(354.69, 169.08, 180.51)
(354.69, 169.08, 180.51)
(354.69, 169.08, 180.51)
(354.69, 169.08, 180.51)
(354.69, 169.08, 180.51)
(354.69, 169.08, 180.51)
(354.69, 169.08, 180.51)
(354.69, 169.08, 180.51)
(354.69, 169.08, 180.51)
(354.69, 169.08, 180.51)
(354.69, 169.08, 180.51)
(354.69, 169.08, 180.51)
(354.69, 169.08, 180.51)
(354.69, 169.08, 180.51)
(354.69, 169.08, 180.51)
(354.69, 169.08, 180.51)
(354.69, 169.08, 180.51)
(352.81, 194.97, 179.05)
(352.81, 194.97, 179.05)
(352.81, 194.97, 179.05)
(352.81, 194.97, 179.05)
(352.81, 194.97, 179.05)
(352.81, 194.97, 179.05)
(352.81, 194.97, 179.05)
(352.81, 194.97, 179.05)
(352.81, 194.97, 179.05)
(352.81, 194.97, 179.05)
(352.81, 194.97, 179.05)
(352.81, 194.97, 179.05)
(352.81, 194.97, 179.05)
(352.81, 194.97, 179.05)
(352.81, 194.97, 179.05)
(352.81, 194.97, 179.05)
(352.81, 194.97, 179.05)
(352.81, 194.97, 179.05)
(352.81, 194.97, 179.05)
(352.81, 194.97, 179.05)
(352.81, 194.97, 179.05)
(352.81, 194.97, 179.05)
(352.81, 194.97, 179.05)
(353.65, 194.97, 179.05)
(353.65, 194.97, 179.05)
(353.65, 194.97, 179.05)
(353.65, 194.97, 179.05)
(353.65, 194.97, 179.05)
(353.65, 194.97, 179.05)
(353.65, 194.97, 179.05)
(353.65, 194.97, 179.05)
(354.29, 178.52, 180.07)
(354.29, 178.52, 180.07)
(354.29, 178.52, 180.07)
(354.29, 178.52, 180.07)
(354.29, 178.52, 180.07)
(354.29, 178.52, 180.07)
(354.29, 178.52, 180.07)
(354.29, 178.52, 180.07)
(352.99, 180.17, 179.99)
(352.99, 180.17, 179.99)
(352.99, 180.17, 179.99)
(352.99, 180.17, 179.99)
(352.99, 180.17, 179.99)
(352.99, 180.17, 179.99)
(352.99, 180.17, 179.99)
(352.99, 180.17, 179.99)
(352.99, 180.17, 179.99)
(352.99, 180.17, 179.99)
(352.99, 180.17, 179.99)
(352.99, 180.17, 179.99)
(352.99, 180.17, 179.99)
(352.99, 180.17, 179.99)
(352.99, 180.17, 179.99)
(352.99, 180.17, 179.99)
(352.99, 180.17, 179.99)
(352.99, 180.17, 179.99)
(352.99, 180.17, 179.99)
(352.99, 180.17, 179.99)
(352.99, 180.17, 179.99)
(352.99, 180.17, 179.99)
(352.99, 180.17, 179.99)
(352.99, 180.17, 179.99)
(352.99, 180.17, 179.99)
(352.99, 180.17, 179.99)
(352.99, 180.17, 179.99)
(352.99, 180.17, 179.99)
(352.99, 180.17, 179.99)
(352.99, 180.17, 179.99)
(352.99, 180.17, 179.99)
(353.62, 182.96, 179.84)
(353.62, 182.96, 179.84)
(353.62, 182.96, 179.84)
(353.62, 182.96, 179.84)
(353.62, 182.96, 179.84)
(353.62, 182.96, 179.84)
(353.62, 182.96, 179.84)
(353.62, 182.96, 179.84)
(354.35, 176.51, 180.17)
(354.35, 176.51, 180.17)
(354.35, 176.51, 180.17)
(354.35, 176.51, 180.17)
(354.35, 176.51, 180.17)
(354.35, 176.51, 180.17)
(354.35, 176.51, 180.17)
(354.35, 176.51, 180.17)
(354.53, 181.40, 179.93)
(354.53, 181.40, 179.93)
(354.53, 181.40, 179.93)
(354.53, 181.40, 179.93)
(354.53, 181.40, 179.93)
(354.53, 181.40, 179.93)
(354.53, 181.40, 179.93)
(354.53, 181.40, 179.93)
(354.53, 181.40, 179.93)
(354.53, 181.40, 179.93)
(354.53, 181.40, 179.93)
(354.53, 181.40, 179.93)
(354.53, 181.40, 179.93)
(354.53, 181.40, 179.93)
(354.53, 181.40, 179.93)
(354.53, 181.40, 179.93)
(354.53, 181.40, 179.93)
(354.53, 181.40, 179.93)
(354.53, 181.40, 179.93)
(354.53, 181.40, 179.93)
(354.53, 181.40, 179.93)
(354.53, 181.40, 179.93)
(354.53, 181.40, 179.93)
(352.31, 182.46, 179.83)
(352.31, 182.46, 179.83)
(352.31, 182.46, 179.83)
(352.31, 182.46, 179.83)
(352.31, 182.46, 179.83)
(352.31, 182.46, 179.83)
(352.31, 182.46, 179.83)
(352.31, 182.46, 179.83)
(352.31, 182.46, 179.83)
(352.31, 182.46, 179.83)
(352.31, 182.46, 179.83)
(352.31, 182.46, 179.83)
(352.31, 182.46, 179.83)
(352.31, 182.46, 179.83)
(352.31, 182.46, 179.83)
(352.31, 182.46, 179.83)
(354.07, 191.57, 179.40)
(354.07, 191.57, 179.40)
(354.07, 191.57, 179.40)
(354.07, 191.57, 179.40)
(354.07, 191.57, 179.40)
(354.07, 191.57, 179.40)
(354.07, 191.57, 179.40)
(354.07, 191.57, 179.40)
(354.07, 191.57, 179.40)
(354.07, 191.57, 179.40)
(354.07, 191.57, 179.40)
(354.07, 191.57, 179.40)
(354.07, 191.57, 179.40)
(354.07, 191.57, 179.40)
(354.07, 191.57, 179.40)
(354.07, 191.57, 179.40)
(354.07, 191.57, 179.40)
(354.07, 191.57, 179.40)
(354.07, 191.57, 179.40)
(354.07, 191.57, 179.40)
(354.07, 191.57, 179.40)
(354.07, 191.57, 179.40)
(354.07, 191.57, 179.40)
(354.41, 173.59, 180.31)
(354.41, 173.59, 180.31)
(354.41, 173.59, 180.31)
(354.41, 173.59, 180.31)
(354.41, 173.59, 180.31)
(354.41, 173.59, 180.31)
(354.41, 173.59, 180.31)
(354.41, 173.59, 180.31)
(354.41, 173.59, 180.31)
(354.41, 173.59, 180.31)
(354.41, 173.59, 180.31)
(354.41, 173.59, 180.31)
(354.41, 173.59, 180.31)
(354.41, 173.59, 180.31)
(354.41, 173.59, 180.31)
(354.41, 173.59, 180.31)
(353.94, 186.86, 179.64)
(353.94, 186.86, 179.64)
(353.94, 186.86, 179.64)
(353.94, 186.86, 179.64)
(353.94, 186.86, 179.64)
(353.94, 186.86, 179.64)
(353.94, 186.86, 179.64)
(353.94, 186.86, 179.64)
(353.94, 186.86, 179.64)
(353.94, 186.86, 179.64)
(353.94, 186.86, 179.64)
(353.94, 186.86, 179.64)
(353.94, 186.86, 179.64)
(353.94, 186.86, 179.64)
(353.94, 186.86, 179.64)
(353.94, 186.86, 179.64)
(352.97, 181.55, 179.90)
(352.97, 181.55, 179.90)
(352.97, 181.55, 179.90)
(352.97, 181.55, 179.90)
(352.97, 181.55, 179.90)
(352.97, 181.55, 179.90)
(352.97, 181.55, 179.90)
(352.97, 181.55, 179.90)
(352.97, 181.55, 179.90)
(352.97, 181.55, 179.90)
(352.97, 181.55, 179.90)
(352.97, 181.55, 179.90)
(352.97, 181.55, 179.90)
(352.97, 181.55, 179.90)
(352.97, 181.55, 179.90)
(353.40, 179.45, 180.03)
(353.40, 179.45, 180.03)
(353.40, 179.45, 180.03)
(353.40, 179.45, 180.03)
(353.40, 179.45, 180.03)
(353.40, 179.45, 180.03)
(353.40, 179.45, 180.03)
(353.40, 179.45, 180.03)
(353.95, 171.97, 180.43)
(353.95, 171.97, 180.43)
(353.95, 171.97, 180.43)
(353.95, 171.97, 180.43)
(353.95, 171.97, 180.43)
(353.95, 171.97, 180.43)
(353.95, 171.97, 180.43)
(353.95, 171.97, 180.43)
(353.95, 171.97, 180.43)
(353.95, 171.97, 180.43)
(353.95, 171.97, 180.43)
(353.95, 171.97, 180.43)
(353.95, 171.97, 180.43)
(353.95, 171.97, 180.43)
(353.95, 171.97, 180.43)
(353.41, 176.52, 180.20)
(353.41, 176.52, 180.20)
(353.41, 176.52, 180.20)
(353.41, 176.52, 180.20)
(353.41, 176.52, 180.20)
(353.41, 176.52, 180.20)
(353.41, 176.52, 180.20)
(353.41, 176.52, 180.20)
(353.41, 176.52, 180.20)
(353.41, 176.52, 180.20)
(353.41, 176.52, 180.20)
(353.41, 176.52, 180.20)
(353.41, 176.52, 180.20)
(353.41, 176.52, 180.20)
(353.41, 176.52, 180.20)
(352.84, 181.52, 179.90)
(352.84, 181.52, 179.90)
(352.84, 181.52, 179.90)
(352.84, 181.52, 179.90)
(352.84, 181.52, 179.90)
(352.84, 181.52, 179.90)
(352.84, 181.52, 179.90)
(352.84, 181.52, 179.90)
(352.84, 181.52, 179.90)
(352.84, 181.52, 179.90)
(352.84, 181.52, 179.90)
(352.84, 181.52, 179.90)
(352.84, 181.52, 179.90)
(352.84, 181.52, 179.90)
(352.84, 181.52, 179.90)
(353.01, 181.55, 179.91)
(353.01, 181.55, 179.91)
(353.01, 181.55, 179.91)
(353.01, 181.55, 179.91)
(353.01, 181.55, 179.91)
(353.01, 181.55, 179.91)
(353.01, 181.55, 179.91)
(353.01, 181.55, 179.91)
(353.13, 179.47, 180.03)
(353.13, 179.47, 180.03)
(353.13, 179.47, 180.03)
(353.13, 179.47, 180.03)
(353.13, 179.47, 180.03)
(353.13, 179.47, 180.03)
(353.13, 179.47, 180.03)
(353.13, 179.47, 180.03)
(353.13, 179.47, 180.03)
(353.13, 179.47, 180.03)
(353.13, 179.47, 180.03)
(353.13, 179.47, 180.03)
(353.13, 179.47, 180.03)
(353.13, 179.47, 180.03)
(353.13, 179.47, 180.03)
(353.50, 177.95, 180.12)
(353.50, 177.95, 180.12)
(353.50, 177.95, 180.12)
(353.50, 177.95, 180.12)
(353.50, 177.95, 180.12)
(353.50, 177.95, 180.12)
(353.50, 177.95, 180.12)
(353.50, 177.95, 180.12)
(353.50, 177.95, 180.12)
(353.50, 177.95, 180.12)
(353.50, 177.95, 180.12)
(353.50, 177.95, 180.12)
(353.50, 177.95, 180.12)
(353.50, 177.95, 180.12)
(353.50, 177.95, 180.12)
(353.99, 178.32, 180.09)
(353.99, 178.32, 180.09)
(353.99, 178.32, 180.09)
(353.99, 178.32, 180.09)
(353.99, 178.32, 180.09)
(353.99, 178.32, 180.09)
(353.99, 178.32, 180.09)
(353.13, 180.65, 179.96)
(353.13, 180.65, 179.96)
(353.13, 180.65, 179.96)
(353.13, 180.65, 179.96)
(353.13, 180.65, 179.96)
(353.13, 180.65, 179.96)
(353.13, 180.65, 179.96)
(353.13, 180.65, 179.96)
(353.13, 180.65, 179.96)
(353.13, 180.65, 179.96)
(353.13, 180.65, 179.96)
(353.13, 180.65, 179.96)
(353.13, 180.65, 179.96)
(353.13, 180.65, 179.96)
(353.13, 180.65, 179.96)
(353.13, 180.65, 179.96)
(352.74, 180.39, 179.98)
(352.74, 180.39, 179.98)
(352.74, 180.39, 179.98)
(352.74, 180.39, 179.98)
(352.74, 180.39, 179.98)
(352.74, 180.39, 179.98)
(352.74, 180.39, 179.98)
(353.06, 180.41, 179.98)
(353.06, 180.41, 179.98)
(353.06, 180.41, 179.98)
(353.06, 180.41, 179.98)
(353.06, 180.41, 179.98)
(353.06, 180.41, 179.98)
(353.06, 180.41, 179.98)
(353.06, 180.41, 179.98)
(353.06, 180.41, 179.98)
(353.06, 180.41, 179.98)
(353.06, 180.41, 179.98)
(353.06, 180.41, 179.98)
(353.06, 180.41, 179.98)
(353.06, 180.41, 179.98)
(353.06, 180.41, 179.98)
(353.12, 175.25, 180.29)
(353.12, 175.25, 180.29)
(353.12, 175.25, 180.29)
(353.12, 175.25, 180.29)
(353.12, 175.25, 180.29)
(353.12, 175.25, 180.29)
(353.12, 175.25, 180.29)
(353.12, 175.25, 180.29)
(353.12, 175.25, 180.29)
(353.12, 175.25, 180.29)
(353.12, 175.25, 180.29)
(353.12, 175.25, 180.29)
(353.12, 175.25, 180.29)
(353.12, 175.25, 180.29)
(353.12, 175.25, 180.29)
(354.50, 179.05, 180.05)
(354.50, 179.05, 180.05)
(354.50, 179.05, 180.05)
(354.50, 179.05, 180.05)
(354.50, 179.05, 180.05)
(354.50, 179.05, 180.05)
(354.50, 179.05, 180.05)
(354.50, 179.05, 180.05)
(354.50, 179.05, 180.05)
(354.50, 179.05, 180.05)
(354.50, 179.05, 180.05)
(354.50, 179.05, 180.05)
(354.50, 179.05, 180.05)
(354.50, 179.05, 180.05)
(354.50, 179.05, 180.05)
(353.45, 180.43, 179.98)
(353.45, 180.43, 179.98)
(353.45, 180.43, 179.98)
(353.45, 180.43, 179.98)
(353.45, 180.43, 179.98)
(353.45, 180.43, 179.98)
(353.45, 180.43, 179.98)
(353.10, 180.18, 179.99)
(353.10, 180.18, 179.99)
(353.10, 180.18, 179.99)
(353.10, 180.18, 179.99)
(353.10, 180.18, 179.99)
(353.10, 180.18, 179.99)
(353.10, 180.18, 179.99)
(353.10, 180.18, 179.99)
(353.10, 180.18, 179.99)
(353.10, 180.18, 179.99)
(353.10, 180.18, 179.99)
(353.10, 180.18, 179.99)
(353.10, 180.18, 179.99)
(353.10, 180.18, 179.99)
(353.10, 180.18, 179.99)
(353.05, 181.80, 179.89)
(353.05, 181.80, 179.89)
(353.05, 181.80, 179.89)
(353.05, 181.80, 179.89)
(353.05, 181.80, 179.89)
(353.05, 181.80, 179.89)
(353.05, 181.80, 179.89)
(353.05, 181.80, 179.89)
(353.05, 181.80, 179.89)
(353.05, 181.80, 179.89)
(353.05, 181.80, 179.89)
(353.05, 181.80, 179.89)
(353.05, 181.80, 179.89)
(353.05, 181.80, 179.89)
(353.05, 181.80, 179.89)
(352.68, 179.06, 180.06)
(352.68, 179.06, 180.06)
(352.68, 179.06, 180.06)
(352.68, 179.06, 180.06)
(352.68, 179.06, 180.06)
(352.68, 179.06, 180.06)
(352.68, 179.06, 180.06)
(352.68, 179.06, 180.06)
(352.60, 180.60, 179.96)
(352.60, 180.60, 179.96)
(352.60, 180.60, 179.96)
(352.60, 180.60, 179.96)
(352.60, 180.60, 179.96)
(352.60, 180.60, 179.96)
(352.60, 180.60, 179.96)
(352.60, 180.60, 179.96)
(352.60, 180.60, 179.96)
(352.60, 180.60, 179.96)
(352.60, 180.60, 179.96)
(352.60, 180.60, 179.96)
(352.60, 180.60, 179.96)
(352.60, 180.60, 179.96)
(352.60, 180.60, 179.96)
(352.81, 179.27, 180.05)
(352.81, 179.27, 180.05)
(352.81, 179.27, 180.05)
(352.81, 179.27, 180.05)
(352.81, 179.27, 180.05)
(352.81, 179.27, 180.05)
(352.81, 179.27, 180.05)
(352.81, 179.27, 180.05)
(352.81, 179.27, 180.05)
(352.81, 179.27, 180.05)
(352.81, 179.27, 180.05)
(352.81, 179.27, 180.05)
(352.81, 179.27, 180.05)
(352.81, 179.27, 180.05)
(352.81, 179.27, 180.05)
(353.08, 179.48, 180.03)
(353.08, 179.48, 180.03)
(353.08, 179.48, 180.03)
(353.08, 179.48, 180.03)
(353.08, 179.48, 180.03)
(353.08, 179.48, 180.03)
(353.08, 179.48, 180.03)
(353.08, 179.48, 180.03)
(353.08, 179.48, 180.03)
(353.08, 179.48, 180.03)
(353.08, 179.48, 180.03)
(353.08, 179.48, 180.03)
(353.08, 179.48, 180.03)
(353.08, 179.48, 180.03)
(353.08, 179.48, 180.03)
(353.43, 178.22, 180.10)
(353.43, 178.22, 180.10)
(353.43, 178.22, 180.10)
(353.43, 178.22, 180.10)
(353.43, 178.22, 180.10)
(353.43, 178.22, 180.10)
(353.43, 178.22, 180.10)
(353.02, 180.87, 179.95)
(353.02, 180.87, 179.95)
(353.02, 180.87, 179.95)
(353.02, 180.87, 179.95)
(353.02, 180.87, 179.95)
(353.02, 180.87, 179.95)
(353.02, 180.87, 179.95)
(353.02, 180.87, 179.95)
(353.02, 180.87, 179.95)
(353.02, 180.87, 179.95)
(353.02, 180.87, 179.95)
(353.02, 180.87, 179.95)
(353.02, 180.87, 179.95)
(353.02, 180.87, 179.95)
(353.02, 180.87, 179.95)
(353.02, 180.87, 179.95)
(353.02, 180.87, 179.95)
(353.02, 180.87, 179.95)
(353.02, 180.87, 179.95)
(353.02, 180.87, 179.95)
(353.02, 180.87, 179.95)
(353.02, 180.87, 179.95)
(353.02, 180.87, 179.95)
(354.07, 173.15, 180.36)
(354.07, 173.15, 180.36)
(354.07, 173.15, 180.36)
(354.07, 173.15, 180.36)
(354.07, 173.15, 180.36)
(354.07, 173.15, 180.36)
(354.07, 173.15, 180.36)
(354.07, 173.15, 180.36)
(354.07, 173.15, 180.36)
(354.07, 173.15, 180.36)
(354.07, 173.15, 180.36)
(354.07, 173.15, 180.36)
(354.07, 173.15, 180.36)
(354.07, 173.15, 180.36)
(354.07, 173.15, 180.36)
(353.82, 180.46, 179.98)
(353.82, 180.46, 179.98)
(353.82, 180.46, 179.98)
(353.82, 180.46, 179.98)
(353.82, 180.46, 179.98)
(353.82, 180.46, 179.98)
(353.82, 180.46, 179.98)
(353.82, 180.46, 179.98)
(353.82, 180.46, 179.98)
(353.82, 180.46, 179.98)
(353.82, 180.46, 179.98)
(353.82, 180.46, 179.98)
(353.82, 180.46, 179.98)
(353.82, 180.46, 179.98)
(353.82, 180.46, 179.98)
(353.48, 181.18, 179.93)
(353.48, 181.18, 179.93)
(353.48, 181.18, 179.93)
(353.48, 181.18, 179.93)
(353.48, 181.18, 179.93)
(353.48, 181.18, 179.93)
(353.48, 181.18, 179.93)
(353.48, 181.18, 179.93)
(353.48, 181.18, 179.93)
(353.48, 181.18, 179.93)
(353.48, 181.18, 179.93)
(353.48, 181.18, 179.93)
(353.48, 181.18, 179.93)
(353.48, 181.18, 179.93)
(353.48, 181.18, 179.93)
(353.48, 181.18, 179.93)
(353.48, 181.18, 179.93)
(353.48, 181.18, 179.93)
(353.48, 181.18, 179.93)
(353.48, 181.18, 179.93)
(353.48, 181.18, 179.93)
(353.48, 181.18, 179.93)
(353.63, 175.64, 180.24)
(353.63, 175.64, 180.24)
(353.63, 175.64, 180.24)
(353.63, 175.64, 180.24)
(353.63, 175.64, 180.24)
(353.63, 175.64, 180.24)
(353.63, 175.64, 180.24)
(353.63, 175.64, 180.24)
(353.63, 175.64, 180.24)
(353.63, 175.64, 180.24)
(353.63, 175.64, 180.24)
(353.63, 175.64, 180.24)
(353.63, 175.64, 180.24)
(353.63, 175.64, 180.24)
(353.63, 175.64, 180.24)
(353.63, 175.64, 180.24)
(353.63, 175.64, 180.24)
(353.63, 175.64, 180.24)
(353.63, 175.64, 180.24)
(353.63, 175.64, 180.24)
(353.63, 175.64, 180.24)
(353.63, 175.64, 180.24)
(353.63, 175.64, 180.24)
(350.38, 180.29, 179.98)
(350.38, 180.29, 179.98)
(350.38, 180.29, 179.98)
(350.38, 180.29, 179.98)
(350.38, 180.29, 179.98)
(350.38, 180.29, 179.98)
(350.38, 180.29, 179.98)
(350.38, 180.29, 179.98)
(350.38, 180.29, 179.98)
(350.38, 180.29, 179.98)
(350.38, 180.29, 179.98)
(350.38, 180.29, 179.98)
(350.38, 180.29, 179.98)
(350.38, 180.29, 179.98)
(351.88, 152.56, 181.99)
(351.88, 152.56, 181.99)
(351.88, 152.56, 181.99)
(351.88, 152.56, 181.99)
(351.88, 152.56, 181.99)
(351.88, 152.56, 181.99)
(351.88, 152.56, 181.99)
(351.88, 152.56, 181.99)
(351.88, 152.56, 181.99)
(351.88, 152.56, 181.99)
(351.88, 152.56, 181.99)
(351.88, 152.56, 181.99)
(351.88, 152.56, 181.99)
(351.88, 152.56, 181.99)
(351.88, 152.56, 181.99)
(351.46, 131.58, 183.84)
(351.46, 131.58, 183.84)
(351.46, 131.58, 183.84)
(351.46, 131.58, 183.84)
(351.46, 131.58, 183.84)
(351.46, 131.58, 183.84)
(351.46, 131.58, 183.84)
(351.46, 131.58, 183.84)
(351.46, 131.58, 183.84)
(351.46, 131.58, 183.84)
(351.46, 131.58, 183.84)
(351.46, 131.58, 183.84)
(351.46, 131.58, 183.84)
(351.46, 131.58, 183.84)
(351.46, 131.58, 183.84)
(348.11, 171.71, 180.87)
(348.11, 171.71, 180.87)
(348.11, 171.71, 180.87)
(348.11, 171.71, 180.87)
(348.11, 171.71, 180.87)
(348.11, 171.71, 180.87)
(348.11, 171.71, 180.87)
(348.11, 171.71, 180.87)
(346.50, 194.65, 178.26)
(346.50, 194.65, 178.26)
(346.50, 194.65, 178.26)
(346.50, 194.65, 178.26)
(346.50, 194.65, 178.26)
(346.50, 194.65, 178.26)
(346.50, 194.65, 178.26)
(346.50, 194.65, 178.26)
(346.50, 194.65, 178.26)
(346.50, 194.65, 178.26)
(346.50, 194.65, 178.26)
(346.50, 194.65, 178.26)
(346.50, 194.65, 178.26)
(346.50, 194.65, 178.26)
(346.50, 194.65, 178.26)
(347.56, 189.33, 178.98)
(347.56, 189.33, 178.98)
(347.56, 189.33, 178.98)
(347.56, 189.33, 178.98)
(347.56, 189.33, 178.98)
(347.56, 189.33, 178.98)
(347.56, 189.33, 178.98)
(347.56, 189.33, 178.98)
(347.56, 189.33, 178.98)
(347.56, 189.33, 178.98)
(347.56, 189.33, 178.98)
(347.56, 189.33, 178.98)
(347.56, 189.33, 178.98)
(347.56, 189.33, 178.98)
(351.84, 192.30, 179.12)
(351.84, 192.30, 179.12)
(351.84, 192.30, 179.12)
(351.84, 192.30, 179.12)
(351.84, 192.30, 179.12)
(351.84, 192.30, 179.12)
(351.84, 192.30, 179.12)
(351.84, 192.30, 179.12)
(350.02, 210.93, 177.23)
(350.02, 210.93, 177.23)
(350.02, 210.93, 177.23)
(350.02, 210.93, 177.23)
(350.02, 210.93, 177.23)
(350.02, 210.93, 177.23)
(350.02, 210.93, 177.23)
(350.02, 210.93, 177.23)
(350.02, 210.93, 177.23)
(350.02, 210.93, 177.23)
(350.02, 210.93, 177.23)
(350.02, 210.93, 177.23)
(350.02, 210.93, 177.23)
(350.02, 210.93, 177.23)
(350.02, 210.93, 177.23)
(347.10, 218.11, 175.53)
(347.10, 218.11, 175.53)
(347.10, 218.11, 175.53)
(347.10, 218.11, 175.53)
(347.10, 218.11, 175.53)
(347.10, 218.11, 175.53)
(347.10, 218.11, 175.53)
(347.10, 218.11, 175.53)
(347.10, 218.11, 175.53)
(347.10, 218.11, 175.53)
(347.10, 218.11, 175.53)
(347.10, 218.11, 175.53)
(347.10, 218.11, 175.53)
(347.10, 218.11, 175.53)
(347.10, 218.11, 175.53)
(349.39, 199.55, 178.17)
(349.39, 199.55, 178.17)
(349.39, 199.55, 178.17)
(349.39, 199.55, 178.17)
(349.39, 199.55, 178.17)
(349.39, 199.55, 178.17)
(349.39, 199.55, 178.17)
(349.39, 199.55, 178.17)
(349.39, 199.55, 178.17)
(349.39, 199.55, 178.17)
(349.39, 199.55, 178.17)
(349.39, 199.55, 178.17)
(349.39, 199.55, 178.17)
(349.39, 199.55, 178.17)
(349.39, 199.55, 178.17)
(349.39, 199.55, 178.17)
(349.39, 199.55, 178.17)
(349.39, 199.55, 178.17)
(349.39, 199.55, 178.17)
(349.39, 199.55, 178.17)
(349.39, 199.55, 178.17)
(349.39, 199.55, 178.17)
(349.39, 199.55, 178.17)
(349.39, 199.55, 178.17)
(349.39, 199.55, 178.17)
(349.39, 199.55, 178.17)
(349.39, 199.55, 178.17)
(349.39, 199.55, 178.17)
(349.39, 199.55, 178.17)
(349.39, 199.55, 178.17)
(349.39, 199.55, 178.17)
(349.39, 199.55, 178.17)
(349.39, 199.55, 178.17)
(349.39, 199.55, 178.17)
(349.39, 199.55, 178.17)
(349.39, 199.55, 178.17)
(349.39, 199.55, 178.17)
(349.39, 199.55, 178.17)
(349.39, 199.55, 178.17)
(349.39, 199.55, 178.17)
(349.39, 199.55, 178.17)
(349.39, 199.55, 178.17)
(349.39, 199.55, 178.17)
(349.39, 199.55, 178.17)
(349.39, 199.55, 178.17)
(348.24, 227.33, 174.83)
(348.24, 227.33, 174.83)
(348.24, 227.33, 174.83)
(348.24, 227.33, 174.83)
(348.24, 227.33, 174.83)
(348.24, 227.33, 174.83)
(348.24, 227.33, 174.83)
(348.24, 227.33, 174.83)
(348.24, 227.33, 174.83)
(348.24, 227.33, 174.83)
(348.24, 227.33, 174.83)
(348.24, 227.33, 174.83)
(348.24, 227.33, 174.83)
(348.24, 227.33, 174.83)
(348.24, 227.33, 174.83)
(347.38, 227.61, 174.41)
(347.38, 227.61, 174.41)
(347.38, 227.61, 174.41)
(347.38, 227.61, 174.41)
(347.38, 227.61, 174.41)
(347.38, 227.61, 174.41)
(347.38, 227.61, 174.41)
(347.38, 227.61, 174.41)
(347.38, 227.61, 174.41)
(347.38, 227.61, 174.41)
(347.38, 227.61, 174.41)
(347.38, 227.61, 174.41)
(347.38, 227.61, 174.41)
(347.38, 227.61, 174.41)
(347.38, 227.61, 174.41)
(347.30, 222.96, 174.99)
(347.30, 222.96, 174.99)
(347.30, 222.96, 174.99)
(347.30, 222.96, 174.99)
(347.30, 222.96, 174.99)
(347.30, 222.96, 174.99)
(347.30, 222.96, 174.99)
(347.30, 222.96, 174.99)
(347.30, 222.96, 174.99)
(347.30, 222.96, 174.99)
(347.30, 222.96, 174.99)
(347.30, 222.96, 174.99)
(347.30, 222.96, 174.99)
(347.30, 222.96, 174.99)
(347.30, 222.96, 174.99)
(348.42, 207.00, 177.21)
(348.42, 207.00, 177.21)
(348.42, 207.00, 177.21)
(348.42, 207.00, 177.21)
(348.42, 207.00, 177.21)
(348.42, 207.00, 177.21)
(348.42, 207.00, 177.21)
(348.42, 207.00, 177.21)
(348.42, 207.00, 177.21)
(348.42, 207.00, 177.21)
(348.42, 207.00, 177.21)
(348.42, 207.00, 177.21)
(348.42, 207.00, 177.21)
(348.42, 207.00, 177.21)
(348.42, 207.00, 177.21)
(348.42, 207.00, 177.21)
(348.42, 207.00, 177.21)
(348.42, 207.00, 177.21)
(348.42, 207.00, 177.21)
(348.42, 207.00, 177.21)
(348.42, 207.00, 177.21)
(348.42, 207.00, 177.21)
(348.42, 207.00, 177.21)
(348.42, 207.00, 177.21)
(348.42, 207.00, 177.21)
(348.42, 207.00, 177.21)
(348.42, 207.00, 177.21)
(348.42, 207.00, 177.21)
(348.42, 207.00, 177.21)
(348.42, 207.00, 177.21)
(350.54, 208.72, 177.57)
(350.54, 208.72, 177.57)
(350.54, 208.72, 177.57)
(350.54, 208.72, 177.57)
(350.54, 208.72, 177.57)
(350.54, 208.72, 177.57)
(350.54, 208.72, 177.57)
(349.96, 206.73, 177.61)
(349.96, 206.73, 177.61)
(349.96, 206.73, 177.61)
(349.96, 206.73, 177.61)
(349.96, 206.73, 177.61)
(349.96, 206.73, 177.61)
(349.96, 206.73, 177.61)
(349.96, 206.73, 177.61)
(349.46, 189.53, 179.12)
(349.46, 189.53, 179.12)
(349.46, 189.53, 179.12)
(349.46, 189.53, 179.12)
(349.46, 189.53, 179.12)
(349.46, 189.53, 179.12)
(349.46, 189.53, 179.12)
(349.46, 189.53, 179.12)
(349.46, 189.53, 179.12)
(349.46, 189.53, 179.12)
(349.46, 189.53, 179.12)
(349.46, 189.53, 179.12)
(349.46, 189.53, 179.12)
(349.46, 189.53, 179.12)
(349.46, 189.53, 179.12)
(350.40, 190.43, 179.12)
(350.40, 190.43, 179.12)
(350.40, 190.43, 179.12)
(350.40, 190.43, 179.12)
(350.40, 190.43, 179.12)
(350.40, 190.43, 179.12)
(350.40, 190.43, 179.12)
(350.40, 190.43, 179.12)
(350.40, 190.43, 179.12)
(350.40, 190.43, 179.12)
(350.40, 190.43, 179.12)
(350.40, 190.43, 179.12)
(350.40, 190.43, 179.12)
(350.40, 190.43, 179.12)
(350.40, 190.43, 179.12)
(350.22, 192.79, 178.90)
(350.22, 192.79, 178.90)
(350.22, 192.79, 178.90)
(350.22, 192.79, 178.90)
(350.22, 192.79, 178.90)
(350.22, 192.79, 178.90)
(350.22, 192.79, 178.90)
(350.22, 192.79, 178.90)
(350.22, 192.79, 178.90)
(350.22, 192.79, 178.90)
(350.22, 192.79, 178.90)
(350.22, 192.79, 178.90)
(350.22, 192.79, 178.90)
(350.22, 192.79, 178.90)
(350.22, 192.79, 178.90)
(350.22, 192.79, 178.90)
(350.22, 192.79, 178.90)
(350.22, 192.79, 178.90)
(350.22, 192.79, 178.90)
(350.22, 192.79, 178.90)
(350.22, 192.79, 178.90)
(350.22, 192.79, 178.90)
(349.34, 189.20, 179.14)
(349.34, 189.20, 179.14)
(349.34, 189.20, 179.14)
(349.34, 189.20, 179.14)
(349.34, 189.20, 179.14)
(349.34, 189.20, 179.14)
(349.34, 189.20, 179.14)
(349.34, 189.20, 179.14)
(349.34, 189.20, 179.14)
(349.34, 189.20, 179.14)
(349.34, 189.20, 179.14)
(349.34, 189.20, 179.14)
(349.34, 189.20, 179.14)
(349.34, 189.20, 179.14)
(349.34, 189.20, 179.14)
(349.34, 189.20, 179.14)
(349.34, 189.20, 179.14)
(349.34, 189.20, 179.14)
(349.34, 189.20, 179.14)
(349.34, 189.20, 179.14)
(349.34, 189.20, 179.14)
(349.34, 189.20, 179.14)
(349.04, 183.46, 179.67)
(349.04, 183.46, 179.67)
(349.04, 183.46, 179.67)
(349.04, 183.46, 179.67)
(349.04, 183.46, 179.67)
(349.04, 183.46, 179.67)
(349.04, 183.46, 179.67)
(349.04, 183.46, 179.67)
(349.04, 183.46, 179.67)
(349.04, 183.46, 179.67)
(349.04, 183.46, 179.67)
(349.04, 183.46, 179.67)
(349.04, 183.46, 179.67)
(349.04, 183.46, 179.67)
(349.04, 183.46, 179.67)
(349.04, 183.46, 179.67)
(349.04, 183.46, 179.67)
(349.04, 183.46, 179.67)
(349.04, 183.46, 179.67)
(349.04, 183.46, 179.67)
(349.04, 183.46, 179.67)
(349.04, 183.46, 179.67)
(349.04, 183.46, 179.67)
(347.70, 193.67, 178.52)
(347.70, 193.67, 178.52)
(347.70, 193.67, 178.52)
(347.70, 193.67, 178.52)
(347.70, 193.67, 178.52)
(347.70, 193.67, 178.52)
(347.70, 193.67, 178.52)
(348.89, 193.23, 178.71)
(348.89, 193.23, 178.71)
(348.89, 193.23, 178.71)
(348.89, 193.23, 178.71)
(348.89, 193.23, 178.71)
(348.89, 193.23, 178.71)
(348.89, 193.23, 178.71)
(348.89, 193.23, 178.71)
(348.89, 193.23, 178.71)
(348.89, 193.23, 178.71)
(348.89, 193.23, 178.71)
(348.89, 193.23, 178.71)
(348.89, 193.23, 178.71)
(348.89, 193.23, 178.71)
(348.89, 193.23, 178.71)
(348.89, 193.23, 178.71)
(348.89, 193.23, 178.71)
(348.89, 193.23, 178.71)
(348.89, 193.23, 178.71)
(348.89, 193.23, 178.71)
(348.89, 193.23, 178.71)
(348.89, 193.23, 178.71)
(348.89, 193.23, 178.71)
(348.89, 193.23, 178.71)
(348.89, 193.23, 178.71)
(348.89, 193.23, 178.71)
(348.89, 193.23, 178.71)
(348.89, 193.23, 178.71)
(348.89, 193.23, 178.71)
(348.89, 193.23, 178.71)
(349.71, 199.01, 178.27)
(349.71, 199.01, 178.27)
(349.71, 199.01, 178.27)
(349.71, 199.01, 178.27)
(349.71, 199.01, 178.27)
(349.71, 199.01, 178.27)
(349.71, 199.01, 178.27)
(347.66, 194.04, 178.47)
(347.66, 194.04, 178.47)
(347.66, 194.04, 178.47)
(347.66, 194.04, 178.47)
(347.66, 194.04, 178.47)
(347.66, 194.04, 178.47)
(347.66, 194.04, 178.47)
(347.66, 194.04, 178.47)
(347.66, 194.04, 178.47)
(347.66, 194.04, 178.47)
(347.66, 194.04, 178.47)
(347.66, 194.04, 178.47)
(347.66, 194.04, 178.47)
(347.66, 194.04, 178.47)
(347.66, 194.04, 178.47)
(347.86, 195.57, 178.33)
(347.86, 195.57, 178.33)
(347.86, 195.57, 178.33)
(347.86, 195.57, 178.33)
(347.86, 195.57, 178.33)
(347.86, 195.57, 178.33)
(347.86, 195.57, 178.33)
(347.86, 195.57, 178.33)
(347.89, 192.82, 178.63)
(347.89, 192.82, 178.63)
(347.89, 192.82, 178.63)
(347.89, 192.82, 178.63)
(347.89, 192.82, 178.63)
(347.89, 192.82, 178.63)
(347.89, 192.82, 178.63)
(347.89, 192.82, 178.63)
(347.89, 192.82, 178.63)
(347.89, 192.82, 178.63)
(347.89, 192.82, 178.63)
(347.89, 192.82, 178.63)
(347.89, 192.82, 178.63)
(347.89, 192.82, 178.63)
(350.02, 197.97, 178.42)
(350.02, 197.97, 178.42)
(350.02, 197.97, 178.42)
(350.02, 197.97, 178.42)
(350.02, 197.97, 178.42)
(350.02, 197.97, 178.42)
(350.02, 197.97, 178.42)
(350.02, 197.97, 178.42)
(350.02, 197.97, 178.42)
(350.02, 197.97, 178.42)
(350.02, 197.97, 178.42)
(350.02, 197.97, 178.42)
(350.02, 197.97, 178.42)
(350.02, 197.97, 178.42)
(350.02, 197.97, 178.42)
(349.35, 196.77, 178.43)
(349.35, 196.77, 178.43)
(349.35, 196.77, 178.43)
(349.35, 196.77, 178.43)
(349.35, 196.77, 178.43)
(349.35, 196.77, 178.43)
(349.35, 196.77, 178.43)
(349.35, 196.77, 178.43)
(349.35, 196.77, 178.43)
(349.35, 196.77, 178.43)
(349.35, 196.77, 178.43)
(349.35, 196.77, 178.43)
(349.35, 196.77, 178.43)
(349.35, 196.77, 178.43)
(349.35, 196.77, 178.43)
(348.83, 197.04, 178.32)
(348.83, 197.04, 178.32)
(348.83, 197.04, 178.32)
(348.83, 197.04, 178.32)
(348.83, 197.04, 178.32)
(348.83, 197.04, 178.32)
(348.83, 197.04, 178.32)
(348.98, 192.99, 178.74)
(348.98, 192.99, 178.74)
(348.98, 192.99, 178.74)
(348.98, 192.99, 178.74)
(348.98, 192.99, 178.74)
(348.98, 192.99, 178.74)
(348.98, 192.99, 178.74)
(348.98, 192.99, 178.74)
(348.98, 192.99, 178.74)
(348.98, 192.99, 178.74)
(348.98, 192.99, 178.74)
(348.98, 192.99, 178.74)
(348.98, 192.99, 178.74)
(348.98, 192.99, 178.74)
(348.98, 192.99, 178.74)
(349.28, 198.91, 178.21)
(349.28, 198.91, 178.21)
(349.28, 198.91, 178.21)
(349.28, 198.91, 178.21)
(349.28, 198.91, 178.21)
(349.28, 198.91, 178.21)
(349.28, 198.91, 178.21)
(349.28, 198.91, 178.21)
(349.28, 198.91, 178.21)
(349.28, 198.91, 178.21)
(349.28, 198.91, 178.21)
(349.28, 198.91, 178.21)
(349.28, 198.91, 178.21)
(349.28, 198.91, 178.21)
(349.28, 198.91, 178.21)
(349.36, 198.60, 178.25)
(349.36, 198.60, 178.25)
(349.36, 198.60, 178.25)
(349.36, 198.60, 178.25)
(349.36, 198.60, 178.25)
(349.36, 198.60, 178.25)
(349.36, 198.60, 178.25)
(349.43, 201.91, 177.95)
(349.43, 201.91, 177.95)
(349.43, 201.91, 177.95)
(349.43, 201.91, 177.95)
(349.43, 201.91, 177.95)
(349.43, 201.91, 177.95)
(349.43, 201.91, 177.95)
(349.43, 201.91, 177.95)
(349.43, 201.91, 177.95)
(349.43, 201.91, 177.95)
(349.43, 201.91, 177.95)
(349.43, 201.91, 177.95)
(349.43, 201.91, 177.95)
(349.43, 201.91, 177.95)
(349.43, 201.91, 177.95)
(349.38, 207.26, 177.42)
(349.38, 207.26, 177.42)
(349.38, 207.26, 177.42)
(349.38, 207.26, 177.42)
(349.38, 207.26, 177.42)
(349.38, 207.26, 177.42)
(349.38, 207.26, 177.42)
(349.38, 207.26, 177.42)
(349.38, 207.26, 177.42)
(349.38, 207.26, 177.42)
(349.38, 207.26, 177.42)
(349.38, 207.26, 177.42)
(349.38, 207.26, 177.42)
(349.38, 207.26, 177.42)
(348.73, 195.56, 178.46)
(348.73, 195.56, 178.46)
(348.73, 195.56, 178.46)
(348.73, 195.56, 178.46)
(348.73, 195.56, 178.46)
(348.73, 195.56, 178.46)
(348.73, 195.56, 178.46)
(348.73, 195.56, 178.46)
(348.73, 195.56, 178.46)
(348.73, 195.56, 178.46)
(348.73, 195.56, 178.46)
(348.73, 195.56, 178.46)
(348.73, 195.56, 178.46)
(348.73, 195.56, 178.46)
(348.73, 195.56, 178.46)
(348.73, 195.56, 178.46)
(348.73, 195.56, 178.46)
(348.73, 195.56, 178.46)
(348.73, 195.56, 178.46)
(348.73, 195.56, 178.46)
(348.73, 195.56, 178.46)
(348.73, 195.56, 178.46)
(348.73, 195.56, 178.46)
(348.41, 187.59, 179.23)
(348.41, 187.59, 179.23)
(348.41, 187.59, 179.23)
(348.41, 187.59, 179.23)
(348.41, 187.59, 179.23)
(348.41, 187.59, 179.23)
(348.41, 187.59, 179.23)
(348.41, 187.59, 179.23)
(348.41, 187.59, 179.23)
(348.41, 187.59, 179.23)
(348.41, 187.59, 179.23)
(348.41, 187.59, 179.23)
(348.41, 187.59, 179.23)
(348.41, 187.59, 179.23)
(350.57, 193.71, 178.86)
(350.57, 193.71, 178.86)
(350.57, 193.71, 178.86)
(350.57, 193.71, 178.86)
(350.57, 193.71, 178.86)
(350.57, 193.71, 178.86)
(350.57, 193.71, 178.86)
(350.57, 193.71, 178.86)
(350.76, 197.40, 178.58)
(350.76, 197.40, 178.58)
(350.76, 197.40, 178.58)
(350.76, 197.40, 178.58)
(350.76, 197.40, 178.58)
(350.76, 197.40, 178.58)
(350.76, 197.40, 178.58)
(350.76, 197.40, 178.58)
(350.76, 197.40, 178.58)
(350.76, 197.40, 178.58)
(350.76, 197.40, 178.58)
(350.76, 197.40, 178.58)
(350.76, 197.40, 178.58)
(350.76, 197.40, 178.58)
(349.82, 208.60, 177.40)
(349.82, 208.60, 177.40)
(349.82, 208.60, 177.40)
(349.82, 208.60, 177.40)
(349.82, 208.60, 177.40)
(349.82, 208.60, 177.40)
(349.82, 208.60, 177.40)
(349.82, 208.60, 177.40)
(349.82, 208.60, 177.40)
(349.82, 208.60, 177.40)
(349.82, 208.60, 177.40)
(349.82, 208.60, 177.40)
(349.82, 208.60, 177.40)
(349.82, 208.60, 177.40)
(348.41, 209.47, 176.94)
(348.41, 209.47, 176.94)
(348.41, 209.47, 176.94)
(348.41, 209.47, 176.94)
(348.41, 209.47, 176.94)
(348.41, 209.47, 176.94)
(348.41, 209.47, 176.94)
(348.41, 209.47, 176.94)
(348.47, 203.97, 177.55)
(348.47, 203.97, 177.55)
(348.47, 203.97, 177.55)
(348.47, 203.97, 177.55)
(348.47, 203.97, 177.55)
(348.47, 203.97, 177.55)
(348.47, 203.97, 177.55)
(348.47, 203.97, 177.55)
(348.47, 203.97, 177.55)
(348.47, 203.97, 177.55)
(348.47, 203.97, 177.55)
(348.47, 203.97, 177.55)
(348.47, 203.97, 177.55)
(348.47, 203.97, 177.55)
(348.47, 203.97, 177.55)
(348.47, 203.97, 177.55)
(348.47, 203.97, 177.55)
(348.47, 203.97, 177.55)
(348.47, 203.97, 177.55)
(348.47, 203.97, 177.55)
(348.47, 203.97, 177.55)
(348.47, 203.97, 177.55)
(348.47, 203.97, 177.55)
(348.31, 196.01, 178.35)
(348.31, 196.01, 178.35)
(348.31, 196.01, 178.35)
(348.31, 196.01, 178.35)
(348.31, 196.01, 178.35)
(348.31, 196.01, 178.35)
(348.31, 196.01, 178.35)
(349.04, 199.57, 178.10)
(349.04, 199.57, 178.10)
(349.04, 199.57, 178.10)
(349.04, 199.57, 178.10)
(349.04, 199.57, 178.10)
(349.04, 199.57, 178.10)
(349.04, 199.57, 178.10)
(349.04, 199.57, 178.10)
(349.04, 199.57, 178.10)
(349.04, 199.57, 178.10)
(349.04, 199.57, 178.10)
(349.04, 199.57, 178.10)
(349.04, 199.57, 178.10)
(349.04, 199.57, 178.10)
(349.04, 199.57, 178.10)
(349.57, 193.97, 178.72)
(349.57, 193.97, 178.72)
(349.57, 193.97, 178.72)
(349.57, 193.97, 178.72)
(349.57, 193.97, 178.72)
(349.57, 193.97, 178.72)
(349.57, 193.97, 178.72)
(349.57, 193.97, 178.72)
(349.57, 193.97, 178.72)
(349.57, 193.97, 178.72)
(349.57, 193.97, 178.72)
(349.57, 193.97, 178.72)
(349.57, 193.97, 178.72)
(349.57, 193.97, 178.72)
(349.73, 195.33, 178.61)
(349.73, 195.33, 178.61)
(349.73, 195.33, 178.61)
(349.77, 198.55, 178.33)
(349.77, 198.55, 178.33)
(349.77, 198.55, 178.33)
(349.77, 198.55, 178.33)
(349.77, 198.55, 178.33)
(349.77, 198.55, 178.33)
(349.77, 198.55, 178.33)
(349.77, 198.55, 178.33)
(349.77, 198.55, 178.33)
(349.77, 198.55, 178.33)
(349.77, 198.55, 178.33)
(349.77, 198.55, 178.33)
(349.77, 198.55, 178.33)
(349.77, 198.55, 178.33)
(349.77, 198.55, 178.33)
(349.77, 198.55, 178.33)
(349.77, 198.55, 178.33)
(349.77, 198.55, 178.33)
(349.23, 207.43, 177.37)
(349.23, 207.43, 177.37)
(349.23, 207.43, 177.37)
(349.23, 207.43, 177.37)
(349.23, 207.43, 177.37)
(349.23, 207.43, 177.37)
(349.23, 207.43, 177.37)
(350.25, 216.19, 176.81)
(350.25, 216.19, 176.81)
