(356.68, 0.00, 0.00)
(356.68, 0.00, 0.00)
(356.68, 0.00, 0.00)
(356.68, 0.00, 0.00)
(355.88, 0.00, 0.00)
(355.88, 0.00, 0.00)
(355.88, 0.00, 0.00)
(355.88, 0.00, 0.00)
(355.88, 0.00, 0.00)
(355.88, 0.00, 0.00)
(355.88, 0.00, 0.00)
(355.88, 0.00, 0.00)
(355.88, 0.00, 0.00)
(355.88, 0.00, 0.00)
(355.88, 0.00, 0.00)
(355.88, 0.00, 0.00)
(355.88, 0.00, 0.00)
(355.88, 0.00, 0.00)
(355.88, 0.00, 0.00)
(355.88, 0.00, 0.00)
(355.88, 0.00, 0.00)
(355.88, 0.00, 0.00)
(355.88, 0.00, 0.00)
(355.88, 0.00, 0.00)
(355.88, 0.00, 0.00)
(355.88, 0.00, 0.00)
(355.88, 0.00, 0.00)
(355.88, 0.00, 0.00)
(355.88, 0.00, 0.00)
(355.88, 0.00, 0.00)
(355.88, 0.00, 0.00)
(355.88, 0.00, 0.00)
(355.88, 0.00, 0.00)
(356.55, 0.00, 0.00)
(356.55, 0.00, 0.00)
(356.55, 0.00, 0.00)
(356.55, 0.00, 0.00)
(356.55, 0.00, 0.00)
(356.55, 0.00, 0.00)
(356.55, 0.00, 0.00)
(356.55, 0.00, 0.00)
(356.55, 0.00, 0.00)
(356.55, 0.00, 0.00)
(356.55, 0.00, 0.00)
(356.81, 0.00, 0.00)
(356.81, 0.00, 0.00)
(356.81, 0.00, 0.00)
(356.81, 0.00, 0.00)
(356.81, 0.00, 0.00)
(356.81, 0.00, 0.00)
(355.92, 0.00, 0.00)
(355.92, 0.00, 0.00)
(355.92, 0.00, 0.00)
(355.92, 0.00, 0.00)
(355.92, 0.00, 0.00)
(355.92, 0.00, 0.00)
(355.92, 0.00, 0.00)
(355.92, 0.00, 0.00)
(355.92, 0.00, 0.00)
(355.92, 0.00, 0.00)
(355.92, 0.00, 0.00)
(355.92, 0.00, 0.00)
(355.34, 0.00, 0.00)
(355.34, 0.00, 0.00)
(355.34, 0.00, 0.00)
(355.34, 0.00, 0.00)
(355.34, 0.00, 0.00)
(355.34, 0.00, 0.00)
(356.62, 0.00, 0.00)
(356.62, 0.00, 0.00)
(356.62, 0.00, 0.00)
(356.62, 0.00, 0.00)
(356.62, 0.00, 0.00)
(356.62, 0.00, 0.00)
(356.62, 0.00, 0.00)
(356.62, 0.00, 0.00)
(356.62, 0.00, 0.00)
(356.62, 0.00, 0.00)
(356.62, 0.00, 0.00)
(356.62, 0.00, 0.00)
(356.62, 0.00, 0.00)
(356.62, 0.00, 0.00)
(356.62, 0.00, 0.00)
(356.62, 0.00, 0.00)
(356.62, 0.00, 0.00)
(356.83, 0.00, 0.00)
(356.83, 0.00, 0.00)
(356.83, 0.00, 0.00)
(356.83, 0.00, 0.00)
(356.83, 0.00, 0.00)
(356.83, 0.00, 0.00)
(356.83, 0.00, 0.00)
(356.83, 0.00, 0.00)
(356.83, 0.00, 0.00)
(356.83, 0.00, 0.00)
(356.83, 0.00, 0.00)
(356.83, 0.00, 0.00)
(357.13, 0.00, 0.00)
(357.13, 0.00, 0.00)
(357.13, 0.00, 0.00)
(357.13, 0.00, 0.00)
(357.13, 0.00, 0.00)
(357.13, 0.00, 0.00)
(357.13, 0.00, 0.00)
(357.13, 0.00, 0.00)
(357.13, 0.00, 0.00)
(357.13, 0.00, 0.00)
(357.13, 0.00, 0.00)
(357.13, 0.00, 0.00)
(357.13, 0.00, 0.00)
(357.13, 0.00, 0.00)
(357.13, 0.00, 0.00)
(357.13, 0.00, 0.00)
(357.13, 0.00, 0.00)
(356.53, 0.00, 0.00)
(356.53, 0.00, 0.00)
(356.53, 0.00, 0.00)
(356.53, 0.00, 0.00)
(356.53, 0.00, 0.00)
(356.53, 0.00, 0.00)
(355.93, 0.00, 0.00)
(355.93, 0.00, 0.00)
(355.93, 0.00, 0.00)
(355.93, 0.00, 0.00)
(355.93, 0.00, 0.00)
(355.93, 0.00, 0.00)
(355.93, 0.00, 0.00)
(355.93, 0.00, 0.00)
(355.93, 0.00, 0.00)
(355.93, 0.00, 0.00)
(355.93, 0.00, 0.00)
(355.93, 0.00, 0.00)
(356.72, 0.00, 0.00)
(356.72, 0.00, 0.00)
(356.72, 0.00, 0.00)
(356.72, 0.00, 0.00)
(356.72, 0.00, 0.00)
(356.72, 0.00, 0.00)
(356.28, 0.00, 0.00)
(356.28, 0.00, 0.00)
(356.28, 0.00, 0.00)
(356.28, 0.00, 0.00)
(356.28, 0.00, 0.00)
(356.28, 0.00, 0.00)
(356.28, 0.00, 0.00)
(356.28, 0.00, 0.00)
(356.28, 0.00, 0.00)
(356.28, 0.00, 0.00)
(356.28, 0.00, 0.00)
(356.83, 0.00, 0.00)
(356.83, 0.00, 0.00)
(356.83, 0.00, 0.00)
(356.83, 0.00, 0.00)
(356.83, 0.00, 0.00)
(356.83, 0.00, 0.00)
(356.83, 0.00, 0.00)
(356.83, 0.00, 0.00)
(356.83, 0.00, 0.00)
(356.83, 0.00, 0.00)
(356.83, 0.00, 0.00)
(356.83, 0.00, 0.00)
(356.07, 0.00, 0.00)
(356.07, 0.00, 0.00)
(356.07, 0.00, 0.00)
(356.07, 0.00, 0.00)
(356.07, 0.00, 0.00)
(356.07, 0.00, 0.00)
(356.71, 0.00, 0.00)
(356.71, 0.00, 0.00)
(356.71, 0.00, 0.00)
(356.71, 0.00, 0.00)
(356.71, 0.00, 0.00)
(356.71, 0.00, 0.00)
(356.71, 0.00, 0.00)
(356.71, 0.00, 0.00)
(356.71, 0.00, 0.00)
(356.71, 0.00, 0.00)
(356.71, 0.00, 0.00)
(357.08, 0.00, 0.00)
(357.08, 0.00, 0.00)
(357.08, 0.00, 0.00)
(357.08, 0.00, 0.00)
(357.08, 0.00, 0.00)
(357.08, 0.00, 0.00)
(357.08, 0.00, 0.00)
(357.08, 0.00, 0.00)
(357.08, 0.00, 0.00)
(357.08, 0.00, 0.00)
(357.08, 0.00, 0.00)
(357.08, 0.00, 0.00)
(356.41, 0.00, 0.00)
(356.41, 0.00, 0.00)
(356.41, 0.00, 0.00)
(356.41, 0.00, 0.00)
(356.41, 0.00, 0.00)
(356.41, 0.00, 0.00)
(356.41, 0.00, 0.00)
(356.41, 0.00, 0.00)
(356.41, 0.00, 0.00)
(356.41, 0.00, 0.00)
(356.41, 0.00, 0.00)
(356.41, 0.00, 0.00)
(355.91, 0.00, 0.00)
(355.91, 0.00, 0.00)
(355.91, 0.00, 0.00)
(355.91, 0.00, 0.00)
(355.91, 0.00, 0.00)
(355.91, 0.00, 0.00)
(355.91, 0.00, 0.00)
(355.91, 0.00, 0.00)
(355.91, 0.00, 0.00)
(355.91, 0.00, 0.00)
(355.91, 0.00, 0.00)
(356.87, 0.00, 0.00)
(356.87, 0.00, 0.00)
(356.87, 0.00, 0.00)
(356.87, 0.00, 0.00)
(356.87, 0.00, 0.00)
(356.87, 0.00, 0.00)
(356.87, 0.00, 0.00)
(356.87, 0.00, 0.00)
(356.87, 0.00, 0.00)
(356.87, 0.00, 0.00)
(356.87, 0.00, 0.00)
(356.87, 0.00, 0.00)
(355.98, 0.00, 0.00)
(355.98, 0.00, 0.00)
(355.98, 0.00, 0.00)
(355.98, 0.00, 0.00)
(355.98, 0.00, 0.00)
(355.88, 0.00, 0.00)
(355.88, 0.00, 0.00)
(355.88, 0.00, 0.00)
(355.88, 0.00, 0.00)
(355.88, 0.00, 0.00)
(355.88, 0.00, 0.00)
(356.21, 0.00, 0.00)
(356.21, 0.00, 0.00)
(356.21, 0.00, 0.00)
(356.21, 0.00, 0.00)
(356.21, 0.00, 0.00)
(356.21, 0.00, 0.00)
(356.21, 0.00, 0.00)
(356.21, 0.00, 0.00)
(356.21, 0.00, 0.00)
(356.21, 0.00, 0.00)
(356.21, 0.00, 0.00)
(356.21, 0.00, 0.00)
(355.58, 0.00, 0.00)
(355.58, 0.00, 0.00)
(355.58, 0.00, 0.00)
(355.58, 0.00, 0.00)
(355.58, 0.00, 0.00)
(355.58, 0.00, 0.00)
(355.58, 0.00, 0.00)
(355.58, 0.00, 0.00)
(355.58, 0.00, 0.00)
(355.58, 0.00, 0.00)
(355.58, 0.00, 0.00)
(356.23, 0.00, 0.00)
(356.23, 0.00, 0.00)
(356.23, 0.00, 0.00)
(356.23, 0.00, 0.00)
(356.23, 0.00, 0.00)
(356.23, 0.00, 0.00)
(356.23, 0.00, 0.00)
(356.23, 0.00, 0.00)
(356.23, 0.00, 0.00)
(356.23, 0.00, 0.00)
(356.23, 0.00, 0.00)
(356.23, 0.00, 0.00)
(356.23, 0.00, 0.00)
(356.23, 0.00, 0.00)
(356.23, 0.00, 0.00)
(356.23, 0.00, 0.00)
(356.23, 0.00, 0.00)
(356.23, 0.00, 0.00)
(356.37, 0.00, 0.00)
(356.37, 0.00, 0.00)
(356.37, 0.00, 0.00)
(356.37, 0.00, 0.00)
(356.37, 0.00, 0.00)
(356.37, 0.00, 0.00)
(356.37, 0.00, 0.00)
(356.37, 0.00, 0.00)
(356.37, 0.00, 0.00)
(356.37, 0.00, 0.00)
(356.37, 0.00, 0.00)
(357.57, 0.00, 0.00)
(357.57, 0.00, 0.00)
(357.57, 0.00, 0.00)
(357.57, 0.00, 0.00)
(357.57, 0.00, 0.00)
(357.57, 0.00, 0.00)
(357.57, 0.00, 0.00)
(357.57, 0.00, 0.00)
(357.57, 0.00, 0.00)
(357.57, 0.00, 0.00)
(357.57, 0.00, 0.00)
(357.57, 0.00, 0.00)
(356.97, 0.00, 0.00)
(356.97, 0.00, 0.00)
(356.97, 0.00, 0.00)
(356.97, 0.00, 0.00)
(356.97, 0.00, 0.00)
(356.97, 0.00, 0.00)
(355.11, 0.00, 0.00)
(355.11, 0.00, 0.00)
(355.11, 0.00, 0.00)
(355.11, 0.00, 0.00)
(355.11, 0.00, 0.00)
(355.11, 0.00, 0.00)
(355.11, 0.00, 0.00)
(355.11, 0.00, 0.00)
(355.11, 0.00, 0.00)
(355.11, 0.00, 0.00)
(355.11, 0.00, 0.00)
(355.62, 0.00, 0.00)
(355.62, 0.00, 0.00)
(355.62, 0.00, 0.00)
(355.62, 0.00, 0.00)
(355.62, 0.00, 0.00)
(355.62, 0.00, 0.00)
(359.13, 0.00, 0.00)
(359.13, 0.00, 0.00)
(359.13, 0.00, 0.00)
(359.13, 0.00, 0.00)
(359.13, 0.00, 0.00)
(359.13, 0.00, 0.00)
(359.13, 0.00, 0.00)
(359.13, 0.00, 0.00)
(359.13, 0.00, 0.00)
(359.13, 0.00, 0.00)
(359.13, 0.00, 0.00)
(0.16, 0.00, 0.00)
(0.16, 0.00, 0.00)
(0.16, 0.00, 0.00)
(0.16, 0.00, 0.00)
(0.16, 0.00, 0.00)
(0.16, 0.00, 0.00)
(0.16, 0.00, 0.00)
(0.16, 0.00, 0.00)
(0.16, 0.00, 0.00)
(0.16, 0.00, 0.00)
(0.16, 0.00, 0.00)
(0.16, 0.00, 0.00)
(0.16, 0.00, 0.00)
(0.16, 0.00, 0.00)
(0.16, 0.00, 0.00)
(0.16, 0.00, 0.00)
(0.16, 0.00, 0.00)
(0.16, 0.00, 0.00)
(351.89, 0.00, 0.00)
(351.89, 0.00, 0.00)
(351.89, 0.00, 0.00)
(351.89, 0.00, 0.00)
(351.89, 0.00, 0.00)
(351.89, 0.00, 0.00)
(351.89, 0.00, 0.00)
(351.89, 0.00, 0.00)
(351.89, 0.00, 0.00)
(351.89, 0.00, 0.00)
(351.89, 0.00, 0.00)
(350.63, 0.00, 0.00)
(350.63, 0.00, 0.00)
(350.63, 0.00, 0.00)
(350.63, 0.00, 0.00)
(350.63, 0.00, 0.00)
(350.63, 0.00, 0.00)
(350.63, 0.00, 0.00)
(350.63, 0.00, 0.00)
(350.63, 0.00, 0.00)
(350.63, 0.00, 0.00)
(350.63, 0.00, 0.00)
(350.63, 0.00, 0.00)
(352.14, 0.00, 0.00)
(352.14, 0.00, 0.00)
(352.14, 0.00, 0.00)
(352.14, 0.00, 0.00)
(352.14, 0.00, 0.00)
(352.14, 0.00, 0.00)
(352.14, 0.00, 0.00)
(352.14, 0.00, 0.00)
(352.14, 0.00, 0.00)
(352.14, 0.00, 0.00)
(352.14, 0.00, 0.00)
(346.03, 0.00, 0.00)
(346.03, 0.00, 0.00)
(346.03, 0.00, 0.00)
(346.03, 0.00, 0.00)
(346.03, 0.00, 0.00)
(346.03, 0.00, 0.00)
(334.56, 0.00, 0.00)
(334.56, 0.00, 0.00)
(334.56, 0.00, 0.00)
(334.56, 0.00, 0.00)
(334.56, 0.00, 0.00)
(334.56, 0.00, 0.00)
(334.56, 0.00, 0.00)
(334.56, 0.00, 0.00)
(334.56, 0.00, 0.00)
(334.56, 0.00, 0.00)
(334.56, 0.00, 0.00)
(344.59, 0.00, 0.00)
(344.59, 0.00, 0.00)
(344.59, 0.00, 0.00)
(344.59, 0.00, 0.00)
(344.59, 0.00, 0.00)
(344.59, 0.00, 0.00)
(344.59, 0.00, 0.00)
(344.59, 0.00, 0.00)
(344.59, 0.00, 0.00)
(344.59, 0.00, 0.00)
(344.59, 0.00, 0.00)
(344.59, 0.00, 0.00)
(352.43, 0.00, 0.00)
(352.43, 0.00, 0.00)
(352.43, 0.00, 0.00)
(352.43, 0.00, 0.00)
(352.43, 0.00, 0.00)
(352.43, 0.00, 0.00)
(348.49, 0.00, 0.00)
(348.49, 0.00, 0.00)
(348.49, 0.00, 0.00)
(348.49, 0.00, 0.00)
(348.49, 0.00, 0.00)
(348.49, 0.00, 0.00)
(348.49, 0.00, 0.00)
(348.49, 0.00, 0.00)
(348.49, 0.00, 0.00)
(348.49, 0.00, 0.00)
(348.49, 0.00, 0.00)
(336.88, 0.00, 0.00)
(336.88, 0.00, 0.00)
(336.88, 0.00, 0.00)
(336.88, 0.00, 0.00)
(336.88, 0.00, 0.00)
(336.88, 0.00, 0.00)
(336.88, 0.00, 0.00)
(336.88, 0.00, 0.00)
(336.88, 0.00, 0.00)
(336.88, 0.00, 0.00)
(336.88, 0.00, 0.00)
(336.88, 0.00, 0.00)
(341.93, 0.00, 0.00)
(341.93, 0.00, 0.00)
(341.93, 0.00, 0.00)
(341.93, 0.00, 0.00)
(341.93, 0.00, 0.00)
(341.93, 0.00, 0.00)
(339.75, 0.00, 0.00)
(339.75, 0.00, 0.00)
(339.75, 0.00, 0.00)
(339.75, 0.00, 0.00)
(339.75, 0.00, 0.00)
(339.75, 0.00, 0.00)
(339.75, 0.00, 0.00)
(339.75, 0.00, 0.00)
(339.75, 0.00, 0.00)
(339.75, 0.00, 0.00)
(339.75, 0.00, 0.00)
(339.75, 0.00, 0.00)
(339.75, 0.00, 0.00)
(339.75, 0.00, 0.00)
(339.75, 0.00, 0.00)
(339.75, 0.00, 0.00)
(339.75, 0.00, 0.00)
(332.33, 0.00, 0.00)
(332.33, 0.00, 0.00)
(332.33, 0.00, 0.00)
(332.33, 0.00, 0.00)
(332.33, 0.00, 0.00)
(332.33, 0.00, 0.00)
(325.10, 0.00, 0.00)
(325.10, 0.00, 0.00)
(325.10, 0.00, 0.00)
(325.10, 0.00, 0.00)
(325.10, 0.00, 0.00)
(325.10, 0.00, 0.00)
(325.10, 0.00, 0.00)
(325.10, 0.00, 0.00)
(325.10, 0.00, 0.00)
(325.10, 0.00, 0.00)
(325.10, 0.00, 0.00)
(325.10, 0.00, 0.00)
(325.10, 0.00, 0.00)
(325.10, 0.00, 0.00)
(325.10, 0.00, 0.00)
(325.10, 0.00, 0.00)
(325.10, 0.00, 0.00)
(317.16, 0.00, 0.00)
(317.16, 0.00, 0.00)
(317.16, 0.00, 0.00)
(317.16, 0.00, 0.00)
(317.16, 0.00, 0.00)
(317.16, 0.00, 0.00)
(317.16, 0.00, 0.00)
(317.16, 0.00, 0.00)
(317.16, 0.00, 0.00)
(317.16, 0.00, 0.00)
(317.16, 0.00, 0.00)
(317.16, 0.00, 0.00)
(314.41, 0.00, 0.00)
(314.41, 0.00, 0.00)
(314.41, 0.00, 0.00)
(314.41, 0.00, 0.00)
(314.41, 0.00, 0.00)
(314.41, 0.00, 0.00)
(310.01, 0.00, 0.00)
(310.01, 0.00, 0.00)
(310.01, 0.00, 0.00)
(310.01, 0.00, 0.00)
(310.01, 0.00, 0.00)
(310.01, 0.00, 0.00)
(310.01, 0.00, 0.00)
(310.01, 0.00, 0.00)
(310.01, 0.00, 0.00)
(310.01, 0.00, 0.00)
(310.01, 0.00, 0.00)
(310.01, 0.00, 0.00)
(310.01, 0.00, 0.00)
(310.01, 0.00, 0.00)
(310.01, 0.00, 0.00)
(310.01, 0.00, 0.00)
(310.01, 0.00, 0.00)
(310.01, 0.00, 0.00)
(310.01, 0.00, 0.00)
(310.01, 0.00, 0.00)
(310.01, 0.00, 0.00)
(310.01, 0.00, 0.00)
(310.01, 0.00, 0.00)
(307.32, 0.00, 0.00)
(307.32, 0.00, 0.00)
(307.32, 0.00, 0.00)
(307.32, 0.00, 0.00)
(307.32, 0.00, 0.00)
(307.32, 0.00, 0.00)
(307.32, 0.00, 0.00)
(307.32, 0.00, 0.00)
(307.32, 0.00, 0.00)
(307.32, 0.00, 0.00)
(307.32, 0.00, 0.00)
(307.32, 0.00, 0.00)
(299.39, 0.00, 0.00)
(299.39, 0.00, 0.00)
(299.39, 0.00, 0.00)
(299.39, 0.00, 0.00)
(299.39, 0.00, 0.00)
(299.39, 0.00, 0.00)
(296.56, 0.00, 0.00)
(296.56, 0.00, 0.00)
(296.56, 0.00, 0.00)
(296.56, 0.00, 0.00)
(296.56, 0.00, 0.00)
(296.56, 0.00, 0.00)
(296.56, 0.00, 0.00)
(296.56, 0.00, 0.00)
(296.56, 0.00, 0.00)
(296.56, 0.00, 0.00)
(296.56, 0.00, 0.00)
(295.26, 0.00, 0.00)
(295.26, 0.00, 0.00)
(295.26, 0.00, 0.00)
(295.26, 0.00, 0.00)
(295.26, 0.00, 0.00)
(295.26, 0.00, 0.00)
(295.26, 0.00, 0.00)
(295.26, 0.00, 0.00)
(295.26, 0.00, 0.00)
(295.26, 0.00, 0.00)
(295.26, 0.00, 0.00)
(295.26, 0.00, 0.00)
(300.29, 0.00, 0.00)
(300.29, 0.00, 0.00)
(300.29, 0.00, 0.00)
(300.29, 0.00, 0.00)
(300.29, 0.00, 0.00)
(300.29, 0.00, 0.00)
(299.49, 0.00, 0.00)
(299.49, 0.00, 0.00)
(299.49, 0.00, 0.00)
(299.49, 0.00, 0.00)
(299.49, 0.00, 0.00)
(299.49, 0.00, 0.00)
(299.49, 0.00, 0.00)
(299.49, 0.00, 0.00)
(299.49, 0.00, 0.00)
(299.49, 0.00, 0.00)
(299.49, 0.00, 0.00)
(298.31, 0.00, 0.00)
(298.31, 0.00, 0.00)
(298.31, 0.00, 0.00)
(298.31, 0.00, 0.00)
(298.31, 0.00, 0.00)
(298.31, 0.00, 0.00)
(298.31, 0.00, 0.00)
(298.31, 0.00, 0.00)
(298.31, 0.00, 0.00)
(298.31, 0.00, 0.00)
(298.31, 0.00, 0.00)
(298.31, 0.00, 0.00)
(304.31, 0.00, 0.00)
(304.31, 0.00, 0.00)
(304.31, 0.00, 0.00)
(304.31, 0.00, 0.00)
(304.31, 0.00, 0.00)
(304.31, 0.00, 0.00)
(306.41, 0.00, 0.00)
(306.41, 0.00, 0.00)
(306.41, 0.00, 0.00)
(306.41, 0.00, 0.00)
(306.41, 0.00, 0.00)
(306.41, 0.00, 0.00)
(306.41, 0.00, 0.00)
(306.41, 0.00, 0.00)
(306.41, 0.00, 0.00)
(306.41, 0.00, 0.00)
(306.41, 0.00, 0.00)
(306.41, 0.00, 0.00)
(308.66, 0.00, 0.00)
(308.66, 0.00, 0.00)
(308.66, 0.00, 0.00)
(308.66, 0.00, 0.00)
(308.66, 0.00, 0.00)
(308.66, 0.00, 0.00)
(308.66, 0.00, 0.00)
(308.66, 0.00, 0.00)
(308.66, 0.00, 0.00)
(308.66, 0.00, 0.00)
(308.66, 0.00, 0.00)
(305.35, 0.00, 0.00)
(305.35, 0.00, 0.00)
(305.35, 0.00, 0.00)
(305.35, 0.00, 0.00)
(305.35, 0.00, 0.00)
(305.35, 0.00, 0.00)
(305.35, 0.00, 0.00)
(305.35, 0.00, 0.00)
(305.35, 0.00, 0.00)
(305.35, 0.00, 0.00)
(305.35, 0.00, 0.00)
(305.35, 0.00, 0.00)
(306.36, 0.00, 0.00)
(306.36, 0.00, 0.00)
(306.36, 0.00, 0.00)
(306.36, 0.00, 0.00)
(306.36, 0.00, 0.00)
(306.36, 0.00, 0.00)
(308.31, 0.00, 0.00)
(308.31, 0.00, 0.00)
(308.31, 0.00, 0.00)
(308.31, 0.00, 0.00)
(308.31, 0.00, 0.00)
(308.31, 0.00, 0.00)
(308.31, 0.00, 0.00)
(308.31, 0.00, 0.00)
(308.31, 0.00, 0.00)
(308.31, 0.00, 0.00)
(308.31, 0.00, 0.00)
(314.48, 0.00, 0.00)
(314.48, 0.00, 0.00)
(314.48, 0.00, 0.00)
(314.48, 0.00, 0.00)
(314.48, 0.00, 0.00)
(314.48, 0.00, 0.00)
(314.48, 0.00, 0.00)
(314.48, 0.00, 0.00)
(314.48, 0.00, 0.00)
(314.48, 0.00, 0.00)
(314.48, 0.00, 0.00)
(314.48, 0.00, 0.00)
(318.91, 0.00, 0.00)
(318.91, 0.00, 0.00)
(318.91, 0.00, 0.00)
(318.91, 0.00, 0.00)
(318.91, 0.00, 0.00)
(318.91, 0.00, 0.00)
(318.91, 0.00, 0.00)
(318.91, 0.00, 0.00)
(318.91, 0.00, 0.00)
(318.91, 0.00, 0.00)
(318.91, 0.00, 0.00)
(320.02, 0.00, 0.00)
(320.02, 0.00, 0.00)
(320.02, 0.00, 0.00)
(320.02, 0.00, 0.00)
(320.02, 0.00, 0.00)
(320.02, 0.00, 0.00)
(328.51, 0.00, 0.00)
(328.51, 0.00, 0.00)
(328.51, 0.00, 0.00)
(328.51, 0.00, 0.00)
(328.51, 0.00, 0.00)
(328.51, 0.00, 0.00)
(328.51, 0.00, 0.00)
(328.51, 0.00, 0.00)
(328.51, 0.00, 0.00)
(328.51, 0.00, 0.00)
(328.51, 0.00, 0.00)
(328.51, 0.00, 0.00)
(335.80, 0.00, 0.00)
(335.80, 0.00, 0.00)
(335.80, 0.00, 0.00)
(335.80, 0.00, 0.00)
(335.80, 0.00, 0.00)
(335.80, 0.00, 0.00)
(332.97, 0.00, 0.00)
(332.97, 0.00, 0.00)
(332.97, 0.00, 0.00)
(332.97, 0.00, 0.00)
(332.97, 0.00, 0.00)
(332.97, 0.00, 0.00)
(332.97, 0.00, 0.00)
(332.97, 0.00, 0.00)
(332.97, 0.00, 0.00)
(332.97, 0.00, 0.00)
(332.97, 0.00, 0.00)
(332.97, 0.00, 0.00)
(332.97, 0.00, 0.00)
(332.97, 0.00, 0.00)
(332.97, 0.00, 0.00)
(332.97, 0.00, 0.00)
(332.97, 0.00, 0.00)
(331.12, 0.00, 0.00)
(331.12, 0.00, 0.00)
(331.12, 0.00, 0.00)
(331.12, 0.00, 0.00)
(331.12, 0.00, 0.00)
(331.12, 0.00, 0.00)
(338.14, 0.00, 0.00)
(338.14, 0.00, 0.00)
(338.14, 0.00, 0.00)
(338.14, 0.00, 0.00)
(338.14, 0.00, 0.00)
(338.14, 0.00, 0.00)
(341.70, 0.00, 0.00)
(341.70, 0.00, 0.00)
(341.70, 0.00, 0.00)
(341.70, 0.00, 0.00)
(341.70, 0.00, 0.00)
(341.70, 0.00, 0.00)
(341.70, 0.00, 0.00)
(341.70, 0.00, 0.00)
(341.70, 0.00, 0.00)
(341.70, 0.00, 0.00)
(341.70, 0.00, 0.00)
(340.19, 0.00, 0.00)
(340.19, 0.00, 0.00)
(340.19, 0.00, 0.00)
(340.19, 0.00, 0.00)
(340.19, 0.00, 0.00)
(340.19, 0.00, 0.00)
(340.19, 0.00, 0.00)
(340.19, 0.00, 0.00)
(340.19, 0.00, 0.00)
(340.19, 0.00, 0.00)
(340.19, 0.00, 0.00)
(340.19, 0.00, 0.00)
(344.19, 0.00, 0.00)
(344.19, 0.00, 0.00)
(344.19, 0.00, 0.00)
(344.19, 0.00, 0.00)
(344.19, 0.00, 0.00)
(344.19, 0.00, 0.00)
(345.55, 0.00, 0.00)
(345.55, 0.00, 0.00)
(345.55, 0.00, 0.00)
(345.55, 0.00, 0.00)
(345.55, 0.00, 0.00)
(345.55, 0.00, 0.00)
(345.55, 0.00, 0.00)
(345.55, 0.00, 0.00)
(345.55, 0.00, 0.00)
(345.55, 0.00, 0.00)
(345.55, 0.00, 0.00)
(345.55, 0.00, 0.00)
(345.55, 0.00, 0.00)
(345.55, 0.00, 0.00)
(345.55, 0.00, 0.00)
(345.55, 0.00, 0.00)
(345.55, 0.00, 0.00)
(346.58, 0.00, 0.00)
(346.58, 0.00, 0.00)
(346.58, 0.00, 0.00)
(346.58, 0.00, 0.00)
(346.58, 0.00, 0.00)
(346.58, 0.00, 0.00)
(352.27, 0.00, 0.00)
(352.27, 0.00, 0.00)
(352.27, 0.00, 0.00)
(352.27, 0.00, 0.00)
(352.27, 0.00, 0.00)
(352.27, 0.00, 0.00)
(350.35, 0.00, 0.00)
(350.35, 0.00, 0.00)
(350.35, 0.00, 0.00)
(350.35, 0.00, 0.00)
(350.35, 0.00, 0.00)
(350.35, 0.00, 0.00)
(350.35, 0.00, 0.00)
(350.35, 0.00, 0.00)
(350.35, 0.00, 0.00)
(350.35, 0.00, 0.00)
(350.35, 0.00, 0.00)
(350.35, 0.00, 0.00)
(350.35, 0.00, 0.00)
(350.35, 0.00, 0.00)
(350.35, 0.00, 0.00)
(350.35, 0.00, 0.00)
(350.35, 0.00, 0.00)
(353.94, 0.00, 0.00)
(353.94, 0.00, 0.00)
(353.94, 0.00, 0.00)
(353.94, 0.00, 0.00)
(353.94, 0.00, 0.00)
(353.94, 0.00, 0.00)
(353.94, 0.00, 0.00)
(353.94, 0.00, 0.00)
(353.94, 0.00, 0.00)
(353.94, 0.00, 0.00)
(353.94, 0.00, 0.00)
(353.94, 0.00, 0.00)
(353.94, 0.00, 0.00)
(353.94, 0.00, 0.00)
(353.94, 0.00, 0.00)
(353.94, 0.00, 0.00)
(353.94, 0.00, 0.00)
(353.94, 0.00, 0.00)
(358.43, 0.00, 0.00)
(358.43, 0.00, 0.00)
(358.43, 0.00, 0.00)
(358.43, 0.00, 0.00)
(358.43, 0.00, 0.00)
(358.43, 0.00, 0.00)
(358.43, 0.00, 0.00)
(358.43, 0.00, 0.00)
(358.43, 0.00, 0.00)
(358.43, 0.00, 0.00)
(358.43, 0.00, 0.00)
(358.43, 0.00, 0.00)
(358.43, 0.00, 0.00)
(358.43, 0.00, 0.00)
(358.43, 0.00, 0.00)
(358.43, 0.00, 0.00)
(358.43, 0.00, 0.00)
(353.45, 0.00, 0.00)
(353.45, 0.00, 0.00)
(353.45, 0.00, 0.00)
(353.45, 0.00, 0.00)
(353.45, 0.00, 0.00)
(353.45, 0.00, 0.00)
(353.45, 0.00, 0.00)
(353.45, 0.00, 0.00)
(353.45, 0.00, 0.00)
(353.45, 0.00, 0.00)
(353.45, 0.00, 0.00)
(353.45, 0.00, 0.00)
(357.43, 0.00, 0.00)
(357.43, 0.00, 0.00)
(357.43, 0.00, 0.00)
(357.43, 0.00, 0.00)
(357.43, 0.00, 0.00)
(357.43, 0.00, 0.00)
(357.43, 0.00, 0.00)
(357.43, 0.00, 0.00)
(357.43, 0.00, 0.00)
(357.43, 0.00, 0.00)
(357.43, 0.00, 0.00)
(357.43, 0.00, 0.00)
(357.43, 0.00, 0.00)
(357.43, 0.00, 0.00)
(357.43, 0.00, 0.00)
(357.43, 0.00, 0.00)
(357.43, 0.00, 0.00)
(357.11, 0.00, 0.00)
(357.11, 0.00, 0.00)
(357.11, 0.00, 0.00)
(357.11, 0.00, 0.00)
(357.11, 0.00, 0.00)
(357.11, 0.00, 0.00)
(357.11, 0.00, 0.00)
(357.11, 0.00, 0.00)
(357.11, 0.00, 0.00)
(357.11, 0.00, 0.00)
(357.11, 0.00, 0.00)
(357.11, 0.00, 0.00)
(357.11, 0.00, 0.00)
(357.11, 0.00, 0.00)
(357.11, 0.00, 0.00)
(357.11, 0.00, 0.00)
(357.11, 0.00, 0.00)
(357.11, 0.00, 0.00)
(357.10, 0.00, 0.00)
(357.10, 0.00, 0.00)
(357.10, 0.00, 0.00)
(357.10, 0.00, 0.00)
(357.10, 0.00, 0.00)
(357.10, 0.00, 0.00)
(357.10, 0.00, 0.00)
(357.10, 0.00, 0.00)
(357.10, 0.00, 0.00)
(357.10, 0.00, 0.00)
(357.10, 0.00, 0.00)
(356.03, 0.00, 0.00)
(356.03, 0.00, 0.00)
(356.03, 0.00, 0.00)
(356.03, 0.00, 0.00)
(356.03, 0.00, 0.00)
(356.03, 0.00, 0.00)
(356.03, 0.00, 0.00)
(356.03, 0.00, 0.00)
(356.03, 0.00, 0.00)
(356.03, 0.00, 0.00)
(356.03, 0.00, 0.00)
(356.03, 0.00, 0.00)
(337.65, 0.00, 0.00)
(337.65, 0.00, 0.00)
(337.65, 0.00, 0.00)
(337.65, 0.00, 0.00)
(337.65, 0.00, 0.00)
(337.65, 0.00, 0.00)
(337.65, 0.00, 0.00)
(337.65, 0.00, 0.00)
(337.65, 0.00, 0.00)
(337.65, 0.00, 0.00)
(337.65, 0.00, 0.00)
(337.65, 0.00, 0.00)
(348.30, 0.00, 0.00)
(348.30, 0.00, 0.00)
(348.30, 0.00, 0.00)
(348.30, 0.00, 0.00)
(348.30, 0.00, 0.00)
(348.30, 0.00, 0.00)
(349.04, 0.00, 0.00)
(349.04, 0.00, 0.00)
(349.04, 0.00, 0.00)
(349.04, 0.00, 0.00)
(349.04, 0.00, 0.00)
(349.04, 0.00, 0.00)
(349.04, 0.00, 0.00)
(349.04, 0.00, 0.00)
(349.04, 0.00, 0.00)
(349.04, 0.00, 0.00)
(349.04, 0.00, 0.00)
(349.04, 0.00, 0.00)
(349.04, 0.00, 0.00)
(349.04, 0.00, 0.00)
(349.04, 0.00, 0.00)
(349.04, 0.00, 0.00)
(349.04, 0.00, 0.00)
(346.64, 0.00, 0.00)
(346.64, 0.00, 0.00)
(346.64, 0.00, 0.00)
(346.64, 0.00, 0.00)
(346.64, 0.00, 0.00)
(346.64, 0.00, 0.00)
(342.81, 0.00, 0.00)
(342.81, 0.00, 0.00)
(342.81, 0.00, 0.00)
(342.81, 0.00, 0.00)
(342.81, 0.00, 0.00)
(342.81, 0.00, 0.00)
(342.81, 0.00, 0.00)
(342.81, 0.00, 0.00)
(342.81, 0.00, 0.00)
(342.81, 0.00, 0.00)
(342.81, 0.00, 0.00)
(339.52, 0.00, 0.00)
(339.52, 0.00, 0.00)
(339.52, 0.00, 0.00)
(339.52, 0.00, 0.00)
(339.52, 0.00, 0.00)
(339.52, 0.00, 0.00)
(336.57, 0.00, 0.00)
(336.57, 0.00, 0.00)
(336.57, 0.00, 0.00)
(336.57, 0.00, 0.00)
(336.57, 0.00, 0.00)
(336.57, 0.00, 0.00)
(336.57, 0.00, 0.00)
(336.57, 0.00, 0.00)
(336.57, 0.00, 0.00)
(336.57, 0.00, 0.00)
(336.57, 0.00, 0.00)
(336.57, 0.00, 0.00)
(331.75, 0.00, 0.00)
(331.75, 0.00, 0.00)
(331.75, 0.00, 0.00)
(331.75, 0.00, 0.00)
(331.75, 0.00, 0.00)
(331.75, 0.00, 0.00)
(322.91, 0.00, 0.00)
(322.91, 0.00, 0.00)
(322.91, 0.00, 0.00)
(322.91, 0.00, 0.00)
(322.91, 0.00, 0.00)
(322.91, 0.00, 0.00)
(322.91, 0.00, 0.00)
(322.91, 0.00, 0.00)
(322.91, 0.00, 0.00)
(322.91, 0.00, 0.00)
(322.91, 0.00, 0.00)
(322.91, 0.00, 0.00)
(322.91, 0.00, 0.00)
(322.91, 0.00, 0.00)
(322.91, 0.00, 0.00)
(322.91, 0.00, 0.00)
(322.91, 0.00, 0.00)
(322.91, 0.00, 0.00)
(312.53, 0.00, 0.00)
(312.53, 0.00, 0.00)
(312.53, 0.00, 0.00)
(312.53, 0.00, 0.00)
(312.53, 0.00, 0.00)
(312.53, 0.00, 0.00)
(301.40, 0.00, 0.00)
(301.40, 0.00, 0.00)
(301.40, 0.00, 0.00)
(301.40, 0.00, 0.00)
(301.40, 0.00, 0.00)
(301.40, 0.00, 0.00)
(301.40, 0.00, 0.00)
(301.40, 0.00, 0.00)
(301.40, 0.00, 0.00)
(301.40, 0.00, 0.00)
(301.40, 0.00, 0.00)
(298.49, 0.00, 0.00)
(298.49, 0.00, 0.00)
(298.49, 0.00, 0.00)
(298.49, 0.00, 0.00)
(298.49, 0.00, 0.00)
(298.49, 0.00, 0.00)
(297.18, 0.00, 0.00)
(297.18, 0.00, 0.00)
(297.18, 0.00, 0.00)
(297.18, 0.00, 0.00)
(297.18, 0.00, 0.00)
(297.18, 0.00, 0.00)
(297.18, 0.00, 0.00)
(297.18, 0.00, 0.00)
(297.18, 0.00, 0.00)
(297.18, 0.00, 0.00)
(297.18, 0.00, 0.00)
(297.18, 0.00, 0.00)
(298.94, 0.00, 0.00)
(298.94, 0.00, 0.00)
(298.94, 0.00, 0.00)
(298.94, 0.00, 0.00)
(298.94, 0.00, 0.00)
(298.94, 0.00, 0.00)
(298.94, 0.00, 0.00)
(298.94, 0.00, 0.00)
(298.94, 0.00, 0.00)
(298.94, 0.00, 0.00)
(298.94, 0.00, 0.00)
(298.94, 0.00, 0.00)
(299.69, 0.00, 0.00)
(299.69, 0.00, 0.00)
(299.69, 0.00, 0.00)
(299.69, 0.00, 0.00)
(299.69, 0.00, 0.00)
(299.83, 0.00, 0.00)
(299.83, 0.00, 0.00)
(299.83, 0.00, 0.00)
(299.83, 0.00, 0.00)
(299.83, 0.00, 0.00)
(299.83, 0.00, 0.00)
(299.83, 0.00, 0.00)
(299.83, 0.00, 0.00)
(299.83, 0.00, 0.00)
(299.83, 0.00, 0.00)
(299.83, 0.00, 0.00)
(299.83, 0.00, 0.00)
(297.59, 0.00, 0.00)
(297.59, 0.00, 0.00)
(297.59, 0.00, 0.00)
(297.59, 0.00, 0.00)
(297.59, 0.00, 0.00)
(297.59, 0.00, 0.00)
(297.59, 0.00, 0.00)
(297.59, 0.00, 0.00)
(297.59, 0.00, 0.00)
(297.59, 0.00, 0.00)
(297.59, 0.00, 0.00)
(297.59, 0.00, 0.00)
(296.87, 0.00, 0.00)
(296.87, 0.00, 0.00)
(296.87, 0.00, 0.00)
(296.87, 0.00, 0.00)
(296.87, 0.00, 0.00)
(296.87, 0.00, 0.00)
(296.87, 0.00, 0.00)
(296.87, 0.00, 0.00)
(296.87, 0.00, 0.00)
(296.87, 0.00, 0.00)
(296.87, 0.00, 0.00)
(296.87, 0.00, 0.00)
(296.87, 0.00, 0.00)
(296.87, 0.00, 0.00)
(296.87, 0.00, 0.00)
(296.87, 0.00, 0.00)
(296.87, 0.00, 0.00)
(296.87, 0.00, 0.00)
(296.31, 0.00, 0.00)
(296.31, 0.00, 0.00)
(296.31, 0.00, 0.00)
(296.31, 0.00, 0.00)
(296.31, 0.00, 0.00)
(296.31, 0.00, 0.00)
(295.31, 0.00, 0.00)
(295.31, 0.00, 0.00)
(295.31, 0.00, 0.00)
(295.31, 0.00, 0.00)
(295.31, 0.00, 0.00)
(295.31, 0.00, 0.00)
(295.31, 0.00, 0.00)
(295.31, 0.00, 0.00)
(295.31, 0.00, 0.00)
(295.31, 0.00, 0.00)
(295.31, 0.00, 0.00)
(298.08, 0.00, 0.00)
(298.08, 0.00, 0.00)
(298.08, 0.00, 0.00)
(298.08, 0.00, 0.00)
(298.08, 0.00, 0.00)
(298.08, 0.00, 0.00)
(298.08, 0.00, 0.00)
(298.08, 0.00, 0.00)
(298.08, 0.00, 0.00)
(298.08, 0.00, 0.00)
(298.08, 0.00, 0.00)
(298.08, 0.00, 0.00)
(298.08, 0.00, 0.00)
(298.08, 0.00, 0.00)
(298.08, 0.00, 0.00)
(298.08, 0.00, 0.00)
(298.08, 0.00, 0.00)
(298.08, 0.00, 0.00)
(298.08, 0.00, 0.00)
(298.08, 0.00, 0.00)
(298.08, 0.00, 0.00)
(298.08, 0.00, 0.00)
(298.08, 0.00, 0.00)
(298.08, 0.00, 0.00)
(298.08, 0.00, 0.00)
(298.08, 0.00, 0.00)
(298.08, 0.00, 0.00)
(298.08, 0.00, 0.00)
(298.08, 0.00, 0.00)
(298.08, 0.00, 0.00)
(297.36, 0.00, 0.00)
(297.36, 0.00, 0.00)
(297.36, 0.00, 0.00)
(297.36, 0.00, 0.00)
(297.36, 0.00, 0.00)
(297.36, 0.00, 0.00)
(297.36, 0.00, 0.00)
(297.36, 0.00, 0.00)
(297.36, 0.00, 0.00)
(297.36, 0.00, 0.00)
(297.36, 0.00, 0.00)
(297.36, 0.00, 0.00)
(297.36, 0.00, 0.00)
(297.36, 0.00, 0.00)
(297.36, 0.00, 0.00)
(297.36, 0.00, 0.00)
(297.36, 0.00, 0.00)
(297.36, 0.00, 0.00)
(298.71, 0.00, 0.00)
(298.71, 0.00, 0.00)
(298.71, 0.00, 0.00)
(298.71, 0.00, 0.00)
(298.71, 0.00, 0.00)
(306.34, 0.00, 0.00)
(306.34, 0.00, 0.00)
(306.34, 0.00, 0.00)
(306.34, 0.00, 0.00)
(306.34, 0.00, 0.00)
(306.34, 0.00, 0.00)
(306.34, 0.00, 0.00)
(306.34, 0.00, 0.00)
(306.34, 0.00, 0.00)
(306.34, 0.00, 0.00)
(306.34, 0.00, 0.00)
(306.34, 0.00, 0.00)
(306.34, 0.00, 0.00)
(306.34, 0.00, 0.00)
(306.34, 0.00, 0.00)
(306.34, 0.00, 0.00)
(306.34, 0.00, 0.00)
(306.34, 0.00, 0.00)
(300.17, 0.00, 0.00)
(300.17, 0.00, 0.00)
(300.17, 0.00, 0.00)
(300.17, 0.00, 0.00)
(300.17, 0.00, 0.00)
(300.17, 0.00, 0.00)
(300.17, 0.00, 0.00)
(300.17, 0.00, 0.00)
(300.17, 0.00, 0.00)
(300.17, 0.00, 0.00)
(302.38, 0.00, 0.00)
(302.38, 0.00, 0.00)
(302.38, 0.00, 0.00)
(302.38, 0.00, 0.00)
(302.38, 0.00, 0.00)
(302.38, 0.00, 0.00)
(302.38, 0.00, 0.00)
(302.38, 0.00, 0.00)
(309.84, 0.00, 0.00)
(309.84, 0.00, 0.00)
(309.84, 0.00, 0.00)
(309.84, 0.00, 0.00)
(309.84, 0.00, 0.00)
(309.84, 0.00, 0.00)
(309.84, 0.00, 0.00)
(309.84, 0.00, 0.00)
(309.84, 0.00, 0.00)
(309.84, 0.00, 0.00)
(309.84, 0.00, 0.00)
(309.84, 0.00, 0.00)
(309.84, 0.00, 0.00)
(309.84, 0.00, 0.00)
(309.84, 0.00, 0.00)
(309.84, 0.00, 0.00)
(309.84, 0.00, 0.00)
(309.84, 0.00, 0.00)
(309.84, 0.00, 0.00)
(309.84, 0.00, 0.00)
(309.84, 0.00, 0.00)
(309.84, 0.00, 0.00)
(309.84, 0.00, 0.00)
(309.66, 0.00, 0.00)
(309.66, 0.00, 0.00)
(309.66, 0.00, 0.00)
(309.66, 0.00, 0.00)
(309.66, 0.00, 0.00)
(309.66, 0.00, 0.00)
(309.66, 0.00, 0.00)
(309.66, 0.00, 0.00)
(309.66, 0.00, 0.00)
(309.66, 0.00, 0.00)
(309.66, 0.00, 0.00)
(309.66, 0.00, 0.00)
(313.19, 0.00, 0.00)
(313.19, 0.00, 0.00)
(313.19, 0.00, 0.00)
(313.19, 0.00, 0.00)
(313.19, 0.00, 0.00)
(313.19, 0.00, 0.00)
(324.44, 0.00, 0.00)
(324.44, 0.00, 0.00)
(324.44, 0.00, 0.00)
(324.44, 0.00, 0.00)
(324.44, 0.00, 0.00)
(324.44, 0.00, 0.00)
(324.44, 0.00, 0.00)
(324.44, 0.00, 0.00)
(324.44, 0.00, 0.00)
(324.44, 0.00, 0.00)
(324.44, 0.00, 0.00)
(324.44, 0.00, 0.00)
(324.44, 0.00, 0.00)
(324.44, 0.00, 0.00)
(324.44, 0.00, 0.00)
(324.44, 0.00, 0.00)
(324.44, 0.00, 0.00)
(326.02, 0.00, 0.00)
(326.02, 0.00, 0.00)
(326.02, 0.00, 0.00)
(326.02, 0.00, 0.00)
(326.02, 0.00, 0.00)
(326.02, 0.00, 0.00)
(331.42, 0.00, 0.00)
(331.42, 0.00, 0.00)
(331.42, 0.00, 0.00)
(331.42, 0.00, 0.00)
(331.42, 0.00, 0.00)
(331.42, 0.00, 0.00)
(330.57, 0.00, 0.00)
(330.57, 0.00, 0.00)
(330.57, 0.00, 0.00)
(330.57, 0.00, 0.00)
(330.57, 0.00, 0.00)
(330.57, 0.00, 0.00)
(330.57, 0.00, 0.00)
(330.57, 0.00, 0.00)
(330.57, 0.00, 0.00)
(330.57, 0.00, 0.00)
(330.57, 0.00, 0.00)
(330.57, 0.00, 0.00)
(330.57, 0.00, 0.00)
(330.57, 0.00, 0.00)
(330.57, 0.00, 0.00)
(330.57, 0.00, 0.00)
(330.57, 0.00, 0.00)
(330.57, 0.00, 0.00)
(330.50, 0.00, 0.00)
(330.50, 0.00, 0.00)
(330.50, 0.00, 0.00)
(330.50, 0.00, 0.00)
(330.50, 0.00, 0.00)
(330.50, 0.00, 0.00)
(331.06, 0.00, 0.00)
(331.06, 0.00, 0.00)
(331.06, 0.00, 0.00)
(331.06, 0.00, 0.00)
(331.06, 0.00, 0.00)
(331.06, 0.00, 0.00)
(331.06, 0.00, 0.00)
(331.06, 0.00, 0.00)
(331.06, 0.00, 0.00)
(331.06, 0.00, 0.00)
(331.06, 0.00, 0.00)
(336.93, 0.00, 0.00)
(336.93, 0.00, 0.00)
(336.93, 0.00, 0.00)
(336.93, 0.00, 0.00)
(336.93, 0.00, 0.00)
(336.93, 0.00, 0.00)
(340.74, 0.00, 0.00)
(340.74, 0.00, 0.00)
(340.74, 0.00, 0.00)
(340.74, 0.00, 0.00)
(340.74, 0.00, 0.00)
(340.74, 0.00, 0.00)
(340.74, 0.00, 0.00)
(340.74, 0.00, 0.00)
(340.74, 0.00, 0.00)
(340.74, 0.00, 0.00)
(340.74, 0.00, 0.00)
(340.74, 0.00, 0.00)
(341.97, 0.00, 0.00)
(341.97, 0.00, 0.00)
(341.97, 0.00, 0.00)
(341.97, 0.00, 0.00)
(341.97, 0.00, 0.00)
(341.97, 0.00, 0.00)
(347.00, 0.00, 0.00)
(347.00, 0.00, 0.00)
(347.00, 0.00, 0.00)
(347.00, 0.00, 0.00)
(347.00, 0.00, 0.00)
(347.00, 0.00, 0.00)
(347.00, 0.00, 0.00)
(347.00, 0.00, 0.00)
(347.00, 0.00, 0.00)
(347.00, 0.00, 0.00)
(347.00, 0.00, 0.00)
(349.86, 0.00, 0.00)
(349.86, 0.00, 0.00)
(349.86, 0.00, 0.00)
(349.86, 0.00, 0.00)
(349.86, 0.00, 0.00)
(349.86, 0.00, 0.00)
(349.86, 0.00, 0.00)
(349.86, 0.00, 0.00)
(349.86, 0.00, 0.00)
(349.86, 0.00, 0.00)
(349.86, 0.00, 0.00)
(349.86, 0.00, 0.00)
(343.75, 0.00, 0.00)
(343.75, 0.00, 0.00)
(343.75, 0.00, 0.00)
(343.75, 0.00, 0.00)
(343.75, 0.00, 0.00)
(343.75, 0.00, 0.00)
(343.75, 0.00, 0.00)
(343.75, 0.00, 0.00)
(343.75, 0.00, 0.00)
(343.75, 0.00, 0.00)
(343.75, 0.00, 0.00)
(343.75, 0.00, 0.00)
(354.71, 0.00, 0.00)
(354.71, 0.00, 0.00)
(354.71, 0.00, 0.00)
(354.71, 0.00, 0.00)
(354.71, 0.00, 0.00)
(354.71, 0.00, 0.00)
(354.71, 0.00, 0.00)
(354.71, 0.00, 0.00)
(354.71, 0.00, 0.00)
(354.71, 0.00, 0.00)
(354.71, 0.00, 0.00)
(354.71, 0.00, 0.00)
(358.85, 0.00, 0.00)
(358.85, 0.00, 0.00)
(358.85, 0.00, 0.00)
(358.85, 0.00, 0.00)
(358.85, 0.00, 0.00)
(358.85, 0.00, 0.00)
(358.85, 0.00, 0.00)
(358.85, 0.00, 0.00)
(358.85, 0.00, 0.00)
(358.85, 0.00, 0.00)
(358.85, 0.00, 0.00)
(358.85, 0.00, 0.00)
(358.85, 0.00, 0.00)
(358.85, 0.00, 0.00)
(358.85, 0.00, 0.00)
(358.85, 0.00, 0.00)
(358.85, 0.00, 0.00)
(358.32, 0.00, 0.00)
(358.32, 0.00, 0.00)
(358.32, 0.00, 0.00)
(358.32, 0.00, 0.00)
(358.32, 0.00, 0.00)
(358.32, 0.00, 0.00)
(358.32, 0.00, 0.00)
(358.32, 0.00, 0.00)
(358.32, 0.00, 0.00)
(358.32, 0.00, 0.00)
(358.32, 0.00, 0.00)
(358.32, 0.00, 0.00)
(356.80, 0.00, 0.00)
(356.80, 0.00, 0.00)
(356.80, 0.00, 0.00)
(356.80, 0.00, 0.00)
(356.80, 0.00, 0.00)
(356.80, 0.00, 0.00)
(354.28, 0.00, 0.00)
(354.28, 0.00, 0.00)
(354.28, 0.00, 0.00)
(354.28, 0.00, 0.00)
(354.28, 0.00, 0.00)
(354.28, 0.00, 0.00)
(354.28, 0.00, 0.00)
(354.28, 0.00, 0.00)
(354.28, 0.00, 0.00)
(354.28, 0.00, 0.00)
(354.28, 0.00, 0.00)
(354.28, 0.00, 0.00)
(355.82, 0.00, 0.00)
(355.82, 0.00, 0.00)
(355.82, 0.00, 0.00)
(355.82, 0.00, 0.00)
(355.82, 0.00, 0.00)
(355.82, 0.00, 0.00)
(355.82, 0.00, 0.00)
(355.82, 0.00, 0.00)
(355.82, 0.00, 0.00)
(355.82, 0.00, 0.00)
(355.82, 0.00, 0.00)
(355.82, 0.00, 0.00)
(355.97, 0.00, 0.00)
(355.97, 0.00, 0.00)
(355.97, 0.00, 0.00)
(355.97, 0.00, 0.00)
(355.97, 0.00, 0.00)
(353.14, 0.00, 0.00)
(353.14, 0.00, 0.00)
(353.14, 0.00, 0.00)
(353.14, 0.00, 0.00)
(353.14, 0.00, 0.00)
(353.14, 0.00, 0.00)
(353.14, 0.00, 0.00)
(353.14, 0.00, 0.00)
(353.14, 0.00, 0.00)
(353.14, 0.00, 0.00)
(353.14, 0.00, 0.00)
(353.14, 0.00, 0.00)
(357.77, 0.00, 0.00)
(357.77, 0.00, 0.00)
(357.77, 0.00, 0.00)
(357.77, 0.00, 0.00)
(357.77, 0.00, 0.00)
(357.77, 0.00, 0.00)
(357.77, 0.00, 0.00)
(357.77, 0.00, 0.00)
(357.77, 0.00, 0.00)
(357.77, 0.00, 0.00)
(357.77, 0.00, 0.00)
(357.77, 0.00, 0.00)
(357.77, 0.00, 0.00)
(357.77, 0.00, 0.00)
(357.77, 0.00, 0.00)
(357.77, 0.00, 0.00)
(357.77, 0.00, 0.00)
(357.77, 0.00, 0.00)
(357.77, 0.00, 0.00)
(357.77, 0.00, 0.00)
(357.77, 0.00, 0.00)
(357.77, 0.00, 0.00)
(357.77, 0.00, 0.00)
(357.77, 0.00, 0.00)
(357.77, 0.00, 0.00)
(357.77, 0.00, 0.00)
(357.77, 0.00, 0.00)
(357.77, 0.00, 0.00)
(357.77, 0.00, 0.00)
(357.77, 0.00, 0.00)
(357.77, 0.00, 0.00)
(357.77, 0.00, 0.00)
(357.77, 0.00, 0.00)
(357.77, 0.00, 0.00)
(357.77, 0.00, 0.00)
(351.48, 0.00, 0.00)
(351.48, 0.00, 0.00)
(351.48, 0.00, 0.00)
(351.48, 0.00, 0.00)
(351.48, 0.00, 0.00)
(351.48, 0.00, 0.00)
(351.80, 0.00, 0.00)
(351.80, 0.00, 0.00)
(351.80, 0.00, 0.00)
(351.80, 0.00, 0.00)
(351.80, 0.00, 0.00)
(351.80, 0.00, 0.00)
(351.42, 0.00, 0.00)
(351.42, 0.00, 0.00)
(351.42, 0.00, 0.00)
(351.42, 0.00, 0.00)
(351.42, 0.00, 0.00)
(351.42, 0.00, 0.00)
(351.42, 0.00, 0.00)
(351.42, 0.00, 0.00)
(351.42, 0.00, 0.00)
(351.42, 0.00, 0.00)
(351.42, 0.00, 0.00)
(351.42, 0.00, 0.00)
(356.18, 0.00, 0.00)
(356.18, 0.00, 0.00)
(356.18, 0.00, 0.00)
(356.18, 0.00, 0.00)
(356.18, 0.00, 0.00)
(356.18, 0.00, 0.00)
(356.18, 0.00, 0.00)
(356.18, 0.00, 0.00)
(356.18, 0.00, 0.00)
(356.18, 0.00, 0.00)
(356.18, 0.00, 0.00)
(356.18, 0.00, 0.00)
(348.87, 0.00, 0.00)
(348.87, 0.00, 0.00)
(348.87, 0.00, 0.00)
(348.87, 0.00, 0.00)
(348.87, 0.00, 0.00)
(337.21, 0.00, 0.00)
(337.21, 0.00, 0.00)
(337.21, 0.00, 0.00)
(337.21, 0.00, 0.00)
(337.21, 0.00, 0.00)
(337.21, 0.00, 0.00)
(337.21, 0.00, 0.00)
(337.21, 0.00, 0.00)
(337.21, 0.00, 0.00)
(337.21, 0.00, 0.00)
(337.21, 0.00, 0.00)
(337.21, 0.00, 0.00)
(343.37, 0.00, 0.00)
(343.37, 0.00, 0.00)
(343.37, 0.00, 0.00)
(343.37, 0.00, 0.00)
(343.37, 0.00, 0.00)
(343.37, 0.00, 0.00)
(343.37, 0.00, 0.00)
(343.37, 0.00, 0.00)
(343.37, 0.00, 0.00)
(343.37, 0.00, 0.00)
(343.37, 0.00, 0.00)
(343.37, 0.00, 0.00)
(344.06, 0.00, 0.00)
(344.06, 0.00, 0.00)
(344.06, 0.00, 0.00)
(344.06, 0.00, 0.00)
(344.06, 0.00, 0.00)
(344.06, 0.00, 0.00)
(344.06, 0.00, 0.00)
(344.06, 0.00, 0.00)
(344.06, 0.00, 0.00)
(344.06, 0.00, 0.00)
(344.06, 0.00, 0.00)
(344.06, 0.00, 0.00)
(329.55, 0.00, 0.00)
(329.55, 0.00, 0.00)
(329.55, 0.00, 0.00)
(329.55, 0.00, 0.00)
(329.55, 0.00, 0.00)
(329.55, 0.00, 0.00)
(326.79, 0.00, 0.00)
(326.79, 0.00, 0.00)
(326.79, 0.00, 0.00)
(326.79, 0.00, 0.00)
(326.79, 0.00, 0.00)
(326.79, 0.00, 0.00)
(326.79, 0.00, 0.00)
(326.79, 0.00, 0.00)
(326.79, 0.00, 0.00)
(326.79, 0.00, 0.00)
(326.79, 0.00, 0.00)
(324.28, 0.00, 0.00)
(324.28, 0.00, 0.00)
(324.28, 0.00, 0.00)
(324.28, 0.00, 0.00)
(324.28, 0.00, 0.00)
(324.28, 0.00, 0.00)
(324.28, 0.00, 0.00)
(324.28, 0.00, 0.00)
(324.28, 0.00, 0.00)
(324.28, 0.00, 0.00)
(324.28, 0.00, 0.00)
(324.28, 0.00, 0.00)
(319.16, 0.00, 0.00)
(319.16, 0.00, 0.00)
(319.16, 0.00, 0.00)
(319.16, 0.00, 0.00)
(319.16, 0.00, 0.00)
(319.16, 0.00, 0.00)
(319.16, 0.00, 0.00)
(319.16, 0.00, 0.00)
(319.16, 0.00, 0.00)
(319.16, 0.00, 0.00)
(319.16, 0.00, 0.00)
(319.16, 0.00, 0.00)
(313.68, 0.00, 0.00)
(313.68, 0.00, 0.00)
(313.68, 0.00, 0.00)
(313.68, 0.00, 0.00)
(313.68, 0.00, 0.00)
(313.68, 0.00, 0.00)
(315.39, 0.00, 0.00)
(315.39, 0.00, 0.00)
(315.39, 0.00, 0.00)
(315.39, 0.00, 0.00)
(315.39, 0.00, 0.00)
(315.39, 0.00, 0.00)
(315.39, 0.00, 0.00)
(315.39, 0.00, 0.00)
(315.39, 0.00, 0.00)
(315.39, 0.00, 0.00)
(315.39, 0.00, 0.00)
(315.72, 0.00, 0.00)
(315.72, 0.00, 0.00)
(315.72, 0.00, 0.00)
(315.72, 0.00, 0.00)
(315.72, 0.00, 0.00)
(315.72, 0.00, 0.00)
(315.72, 0.00, 0.00)
(315.72, 0.00, 0.00)
(315.72, 0.00, 0.00)
(315.72, 0.00, 0.00)
(315.72, 0.00, 0.00)
(315.72, 0.00, 0.00)
(311.59, 0.00, 0.00)
(311.59, 0.00, 0.00)
(311.59, 0.00, 0.00)
(311.59, 0.00, 0.00)
(311.59, 0.00, 0.00)
(311.59, 0.00, 0.00)
(307.05, 0.00, 0.00)
(307.05, 0.00, 0.00)
(307.05, 0.00, 0.00)
(307.05, 0.00, 0.00)
(307.05, 0.00, 0.00)
(307.05, 0.00, 0.00)
(307.05, 0.00, 0.00)
(307.05, 0.00, 0.00)
(307.05, 0.00, 0.00)
(307.05, 0.00, 0.00)
(307.05, 0.00, 0.00)
(307.05, 0.00, 0.00)
(307.05, 0.00, 0.00)
(307.05, 0.00, 0.00)
(307.05, 0.00, 0.00)
(307.05, 0.00, 0.00)
(307.05, 0.00, 0.00)
(307.05, 0.00, 0.00)
(305.94, 0.00, 0.00)
(305.94, 0.00, 0.00)
(305.94, 0.00, 0.00)
(305.94, 0.00, 0.00)
(305.94, 0.00, 0.00)
(305.94, 0.00, 0.00)
(305.94, 0.00, 0.00)
(305.94, 0.00, 0.00)
(305.94, 0.00, 0.00)
(305.94, 0.00, 0.00)
(305.94, 0.00, 0.00)
(305.94, 0.00, 0.00)
(305.94, 0.00, 0.00)
(305.94, 0.00, 0.00)
(305.94, 0.00, 0.00)
(305.94, 0.00, 0.00)
(305.94, 0.00, 0.00)
(305.94, 0.00, 0.00)
(305.94, 0.00, 0.00)
(305.94, 0.00, 0.00)
(305.94, 0.00, 0.00)
(305.94, 0.00, 0.00)
(305.94, 0.00, 0.00)
(305.94, 0.00, 0.00)
(305.94, 0.00, 0.00)
(305.94, 0.00, 0.00)
(305.94, 0.00, 0.00)
(305.94, 0.00, 0.00)
(305.94, 0.00, 0.00)
(305.94, 0.00, 0.00)
(305.94, 0.00, 0.00)
(305.94, 0.00, 0.00)
(305.94, 0.00, 0.00)
(305.94, 0.00, 0.00)
(305.94, 0.00, 0.00)
(305.94, 0.00, 0.00)
(305.94, 0.00, 0.00)
(305.94, 0.00, 0.00)
(305.94, 0.00, 0.00)
(305.94, 0.00, 0.00)
(305.94, 0.00, 0.00)
(305.94, 0.00, 0.00)
(305.94, 0.00, 0.00)
(305.94, 0.00, 0.00)
(305.94, 0.00, 0.00)
(305.94, 0.00, 0.00)
(305.94, 0.00, 0.00)
(305.94, 0.00, 0.00)
(305.94, 0.00, 0.00)
(305.94, 0.00, 0.00)
(305.94, 0.00, 0.00)
(305.94, 0.00, 0.00)
(305.94, 0.00, 0.00)
(305.94, 0.00, 0.00)
(305.94, 0.00, 0.00)
(305.94, 0.00, 0.00)
(305.94, 0.00, 0.00)
(305.94, 0.00, 0.00)
(305.94, 0.00, 0.00)
(305.94, 0.00, 0.00)
(305.94, 0.00, 0.00)
(305.94, 0.00, 0.00)
(305.94, 0.00, 0.00)
(305.94, 0.00, 0.00)
(305.94, 0.00, 0.00)
(305.94, 0.00, 0.00)
(305.94, 0.00, 0.00)
(305.94, 0.00, 0.00)
(305.94, 0.00, 0.00)
(305.94, 0.00, 0.00)
(305.94, 0.00, 0.00)
(305.94, 0.00, 0.00)
(305.94, 0.00, 0.00)
(305.94, 0.00, 0.00)
(305.94, 0.00, 0.00)
(305.94, 0.00, 0.00)
(305.94, 0.00, 0.00)
(305.94, 0.00, 0.00)
(305.94, 0.00, 0.00)
(305.94, 0.00, 0.00)
(305.94, 0.00, 0.00)
(305.94, 0.00, 0.00)
(305.94, 0.00, 0.00)
(305.94, 0.00, 0.00)
(305.94, 0.00, 0.00)
(305.94, 0.00, 0.00)
(305.94, 0.00, 0.00)
(305.94, 0.00, 0.00)
(305.94, 0.00, 0.00)
(305.94, 0.00, 0.00)
(305.94, 0.00, 0.00)
(305.94, 0.00, 0.00)
(305.94, 0.00, 0.00)
(305.94, 0.00, 0.00)
(312.25, 0.00, 0.00)
(312.25, 0.00, 0.00)
(312.25, 0.00, 0.00)
(312.25, 0.00, 0.00)
(312.25, 0.00, 0.00)
(312.25, 0.00, 0.00)
(312.25, 0.00, 0.00)
(312.25, 0.00, 0.00)
(312.25, 0.00, 0.00)
(312.25, 0.00, 0.00)
(312.25, 0.00, 0.00)
(314.15, 0.00, 0.00)
(314.15, 0.00, 0.00)
(314.15, 0.00, 0.00)
(314.15, 0.00, 0.00)
(314.15, 0.00, 0.00)
(314.15, 0.00, 0.00)
(314.15, 0.00, 0.00)
(314.15, 0.00, 0.00)
(314.15, 0.00, 0.00)
(314.15, 0.00, 0.00)
(314.15, 0.00, 0.00)
(314.15, 0.00, 0.00)
(316.07, 0.00, 0.00)
(316.07, 0.00, 0.00)
(316.07, 0.00, 0.00)
(316.07, 0.00, 0.00)
(316.07, 0.00, 0.00)
(316.07, 0.00, 0.00)
(320.90, 0.00, 0.00)
(320.90, 0.00, 0.00)
(320.90, 0.00, 0.00)
(320.90, 0.00, 0.00)
(320.90, 0.00, 0.00)
(320.90, 0.00, 0.00)
(320.90, 0.00, 0.00)
(320.90, 0.00, 0.00)
(320.90, 0.00, 0.00)
(320.90, 0.00, 0.00)
(320.90, 0.00, 0.00)
(320.90, 0.00, 0.00)
(320.90, 0.00, 0.00)
(320.90, 0.00, 0.00)
(320.90, 0.00, 0.00)
(320.90, 0.00, 0.00)
(320.90, 0.00, 0.00)
(320.90, 0.00, 0.00)
(320.90, 0.00, 0.00)
(320.90, 0.00, 0.00)
(320.90, 0.00, 0.00)
(320.90, 0.00, 0.00)
(320.90, 0.00, 0.00)
(320.90, 0.00, 0.00)
(320.90, 0.00, 0.00)
(320.90, 0.00, 0.00)
(320.90, 0.00, 0.00)
(320.90, 0.00, 0.00)
(320.90, 0.00, 0.00)
(320.90, 0.00, 0.00)
(320.90, 0.00, 0.00)
(320.90, 0.00, 0.00)
(320.90, 0.00, 0.00)
(320.90, 0.00, 0.00)
(320.90, 0.00, 0.00)
(338.05, 0.00, 0.00)
(338.05, 0.00, 0.00)
(338.05, 0.00, 0.00)
(338.05, 0.00, 0.00)
(338.05, 0.00, 0.00)
(332.49, 0.00, 0.00)
(332.49, 0.00, 0.00)
(332.49, 0.00, 0.00)
(332.49, 0.00, 0.00)
(332.49, 0.00, 0.00)
(332.49, 0.00, 0.00)
(328.73, 0.00, 0.00)
(328.73, 0.00, 0.00)
(328.73, 0.00, 0.00)
(328.73, 0.00, 0.00)
(328.73, 0.00, 0.00)
(328.73, 0.00, 0.00)
(328.73, 0.00, 0.00)
(328.73, 0.00, 0.00)
(328.73, 0.00, 0.00)
(328.73, 0.00, 0.00)
(328.73, 0.00, 0.00)
(328.73, 0.00, 0.00)
(328.73, 0.00, 0.00)
(328.73, 0.00, 0.00)
(328.73, 0.00, 0.00)
(328.73, 0.00, 0.00)
(328.73, 0.00, 0.00)
(328.73, 0.00, 0.00)
(343.02, 0.00, 0.00)
(343.02, 0.00, 0.00)
(343.02, 0.00, 0.00)
(343.02, 0.00, 0.00)
(343.02, 0.00, 0.00)
(343.02, 0.00, 0.00)
(345.54, 0.00, 0.00)
(345.54, 0.00, 0.00)
(345.54, 0.00, 0.00)
(345.54, 0.00, 0.00)
(345.54, 0.00, 0.00)
(345.54, 0.00, 0.00)
(345.54, 0.00, 0.00)
(345.54, 0.00, 0.00)
(345.54, 0.00, 0.00)
(340.76, 0.00, 0.00)
(340.76, 0.00, 0.00)
(340.76, 0.00, 0.00)
(340.76, 0.00, 0.00)
(340.76, 0.00, 0.00)
(340.76, 0.00, 0.00)
(340.76, 0.00, 0.00)
(340.76, 0.00, 0.00)
(344.64, 0.00, 0.00)
(344.64, 0.00, 0.00)
(344.64, 0.00, 0.00)
(344.64, 0.00, 0.00)
(344.64, 0.00, 0.00)
(344.64, 0.00, 0.00)
(344.64, 0.00, 0.00)
(344.64, 0.00, 0.00)
(344.64, 0.00, 0.00)
(344.64, 0.00, 0.00)
(344.64, 0.00, 0.00)
(352.79, 0.00, 0.00)
(352.79, 0.00, 0.00)
(352.79, 0.00, 0.00)
(352.79, 0.00, 0.00)
(352.79, 0.00, 0.00)
(352.79, 0.00, 0.00)
(352.79, 0.00, 0.00)
(352.79, 0.00, 0.00)
(352.79, 0.00, 0.00)
(352.79, 0.00, 0.00)
(352.79, 0.00, 0.00)
(352.79, 0.00, 0.00)
(349.91, 0.00, 0.00)
(349.91, 0.00, 0.00)
(349.91, 0.00, 0.00)
(349.91, 0.00, 0.00)
(349.91, 0.00, 0.00)
(349.91, 0.00, 0.00)
(353.38, 0.00, 0.00)
(353.38, 0.00, 0.00)
(353.38, 0.00, 0.00)
(353.38, 0.00, 0.00)
(353.38, 0.00, 0.00)
(353.38, 0.00, 0.00)
(353.38, 0.00, 0.00)
(353.38, 0.00, 0.00)
(353.38, 0.00, 0.00)
(353.38, 0.00, 0.00)
(353.38, 0.00, 0.00)
(356.86, 0.00, 0.00)
(356.86, 0.00, 0.00)
(356.86, 0.00, 0.00)
(356.86, 0.00, 0.00)
(356.86, 0.00, 0.00)
(356.86, 0.00, 0.00)
(356.86, 0.00, 0.00)
(356.86, 0.00, 0.00)
(356.86, 0.00, 0.00)
(356.86, 0.00, 0.00)
(356.86, 0.00, 0.00)
(356.86, 0.00, 0.00)
(357.60, 0.00, 0.00)
(357.60, 0.00, 0.00)
(357.60, 0.00, 0.00)
(357.60, 0.00, 0.00)
(357.60, 0.00, 0.00)
(357.60, 0.00, 0.00)
(356.09, 0.00, 0.00)
(356.09, 0.00, 0.00)
(356.09, 0.00, 0.00)
(356.09, 0.00, 0.00)
(356.09, 0.00, 0.00)
(356.09, 0.00, 0.00)
(356.09, 0.00, 0.00)
(356.09, 0.00, 0.00)
(356.09, 0.00, 0.00)
(356.09, 0.00, 0.00)
(356.09, 0.00, 0.00)
(356.09, 0.00, 0.00)
(356.09, 0.00, 0.00)
(356.09, 0.00, 0.00)
(356.09, 0.00, 0.00)
(356.09, 0.00, 0.00)
(356.09, 0.00, 0.00)
(1.55, 0.00, 0.00)
(1.55, 0.00, 0.00)
(1.55, 0.00, 0.00)
(1.55, 0.00, 0.00)
(1.55, 0.00, 0.00)
(1.55, 0.00, 0.00)
(3.68, 0.00, 0.00)
(3.68, 0.00, 0.00)
(3.68, 0.00, 0.00)
(3.68, 0.00, 0.00)
(3.68, 0.00, 0.00)
(3.68, 0.00, 0.00)
(3.68, 0.00, 0.00)
(3.68, 0.00, 0.00)
(3.68, 0.00, 0.00)
(3.68, 0.00, 0.00)
(3.68, 0.00, 0.00)
(3.68, 0.00, 0.00)
(355.13, 0.00, 0.00)
(355.13, 0.00, 0.00)
(355.13, 0.00, 0.00)
(355.13, 0.00, 0.00)
(355.13, 0.00, 0.00)
(355.13, 0.00, 0.00)
(354.69, 0.00, 0.00)
(354.69, 0.00, 0.00)
(354.69, 0.00, 0.00)
(354.69, 0.00, 0.00)
(354.69, 0.00, 0.00)
(354.69, 0.00, 0.00)
(354.69, 0.00, 0.00)
(354.69, 0.00, 0.00)
(354.69, 0.00, 0.00)
(354.69, 0.00, 0.00)
(354.69, 0.00, 0.00)
(354.69, 0.00, 0.00)
(356.67, 0.00, 0.00)
(356.67, 0.00, 0.00)
(356.67, 0.00, 0.00)
(356.67, 0.00, 0.00)
(356.67, 0.00, 0.00)
(356.67, 0.00, 0.00)
(356.67, 0.00, 0.00)
(356.67, 0.00, 0.00)
(356.67, 0.00, 0.00)
(356.67, 0.00, 0.00)
(356.67, 0.00, 0.00)
(1.64, 0.00, 0.00)
(1.64, 0.00, 0.00)
(1.64, 0.00, 0.00)
(1.64, 0.00, 0.00)
(1.64, 0.00, 0.00)
(1.64, 0.00, 0.00)
(356.48, 0.00, 0.00)
(356.48, 0.00, 0.00)
(356.48, 0.00, 0.00)
(356.48, 0.00, 0.00)
(356.48, 0.00, 0.00)
(356.48, 0.00, 0.00)
(356.48, 0.00, 0.00)
(356.48, 0.00, 0.00)
(356.48, 0.00, 0.00)
(356.48, 0.00, 0.00)
(356.48, 0.00, 0.00)
(356.48, 0.00, 0.00)
(356.48, 0.00, 0.00)
(356.48, 0.00, 0.00)
(356.48, 0.00, 0.00)
(356.48, 0.00, 0.00)
(356.48, 0.00, 0.00)
(355.61, 0.00, 0.00)
(355.61, 0.00, 0.00)
(355.61, 0.00, 0.00)
(355.61, 0.00, 0.00)
(355.61, 0.00, 0.00)
(355.61, 0.00, 0.00)
(355.44, 0.00, 0.00)
(355.44, 0.00, 0.00)
(355.44, 0.00, 0.00)
(355.44, 0.00, 0.00)
(355.44, 0.00, 0.00)
(355.44, 0.00, 0.00)
(346.90, 0.00, 0.00)
(346.90, 0.00, 0.00)
(346.90, 0.00, 0.00)
(346.90, 0.00, 0.00)
(346.90, 0.00, 0.00)
(346.90, 0.00, 0.00)
(346.90, 0.00, 0.00)
(346.90, 0.00, 0.00)
(346.90, 0.00, 0.00)
(346.90, 0.00, 0.00)
(346.90, 0.00, 0.00)
(346.90, 0.00, 0.00)
(345.57, 0.00, 0.00)
(345.57, 0.00, 0.00)
(345.57, 0.00, 0.00)
(345.57, 0.00, 0.00)
(345.57, 0.00, 0.00)
(345.57, 0.00, 0.00)
(345.57, 0.00, 0.00)
(345.57, 0.00, 0.00)
(345.57, 0.00, 0.00)
(345.57, 0.00, 0.00)
(345.57, 0.00, 0.00)
(345.57, 0.00, 0.00)
(345.57, 0.00, 0.00)
(345.57, 0.00, 0.00)
(345.57, 0.00, 0.00)
(345.57, 0.00, 0.00)
(345.57, 0.00, 0.00)
(335.04, 0.00, 0.00)
(335.04, 0.00, 0.00)
(335.04, 0.00, 0.00)
(335.04, 0.00, 0.00)
(335.04, 0.00, 0.00)
(335.04, 0.00, 0.00)
(335.61, 0.00, 0.00)
(335.61, 0.00, 0.00)
(335.61, 0.00, 0.00)
(335.61, 0.00, 0.00)
(335.61, 0.00, 0.00)
(335.61, 0.00, 0.00)
(338.06, 0.00, 0.00)
(338.06, 0.00, 0.00)
(338.06, 0.00, 0.00)
(338.06, 0.00, 0.00)
(338.06, 0.00, 0.00)
(338.06, 0.00, 0.00)
(338.06, 0.00, 0.00)
(338.06, 0.00, 0.00)
(338.06, 0.00, 0.00)
(338.06, 0.00, 0.00)
(338.06, 0.00, 0.00)
(338.06, 0.00, 0.00)
(333.98, 0.00, 0.00)
(333.98, 0.00, 0.00)
(333.98, 0.00, 0.00)
(333.98, 0.00, 0.00)
(333.98, 0.00, 0.00)
(333.98, 0.00, 0.00)
(333.98, 0.00, 0.00)
(333.98, 0.00, 0.00)
(333.98, 0.00, 0.00)
(333.98, 0.00, 0.00)
(333.98, 0.00, 0.00)
(331.25, 0.00, 0.00)
(331.25, 0.00, 0.00)
(331.25, 0.00, 0.00)
(331.25, 0.00, 0.00)
(331.25, 0.00, 0.00)
(331.25, 0.00, 0.00)
(322.45, 0.00, 0.00)
(322.45, 0.00, 0.00)
(322.45, 0.00, 0.00)
(322.45, 0.00, 0.00)
(322.45, 0.00, 0.00)
(322.45, 0.00, 0.00)
(322.45, 0.00, 0.00)
(322.45, 0.00, 0.00)
(322.45, 0.00, 0.00)
(322.45, 0.00, 0.00)
(322.45, 0.00, 0.00)
(322.45, 0.00, 0.00)
(322.45, 0.00, 0.00)
(322.45, 0.00, 0.00)
(322.45, 0.00, 0.00)
(322.45, 0.00, 0.00)
(322.45, 0.00, 0.00)
(322.45, 0.00, 0.00)
(319.79, 0.00, 0.00)
(319.79, 0.00, 0.00)
(319.79, 0.00, 0.00)
(319.79, 0.00, 0.00)
(319.79, 0.00, 0.00)
(320.10, 0.00, 0.00)
(320.10, 0.00, 0.00)
(320.10, 0.00, 0.00)
(320.10, 0.00, 0.00)
(320.10, 0.00, 0.00)
(320.10, 0.00, 0.00)
(312.18, 0.00, 0.00)
(312.18, 0.00, 0.00)
(312.18, 0.00, 0.00)
(312.18, 0.00, 0.00)
(312.18, 0.00, 0.00)
(312.18, 0.00, 0.00)
(312.18, 0.00, 0.00)
(312.18, 0.00, 0.00)
(312.18, 0.00, 0.00)
(312.18, 0.00, 0.00)
(312.18, 0.00, 0.00)
(312.18, 0.00, 0.00)
(308.41, 0.00, 0.00)
(308.41, 0.00, 0.00)
(308.41, 0.00, 0.00)
(308.41, 0.00, 0.00)
(308.41, 0.00, 0.00)
(308.41, 0.00, 0.00)
(308.41, 0.00, 0.00)
(308.41, 0.00, 0.00)
(308.41, 0.00, 0.00)
(308.41, 0.00, 0.00)
(308.41, 0.00, 0.00)
(307.16, 0.00, 0.00)
(307.16, 0.00, 0.00)
(307.16, 0.00, 0.00)
(307.16, 0.00, 0.00)
(307.16, 0.00, 0.00)
(307.16, 0.00, 0.00)
(307.16, 0.00, 0.00)
(307.16, 0.00, 0.00)
(307.16, 0.00, 0.00)
(307.16, 0.00, 0.00)
(307.16, 0.00, 0.00)
(307.16, 0.00, 0.00)
(306.57, 0.00, 0.00)
(306.57, 0.00, 0.00)
(306.57, 0.00, 0.00)
(306.57, 0.00, 0.00)
(306.57, 0.00, 0.00)
(306.57, 0.00, 0.00)
(306.48, 0.00, 0.00)
(306.48, 0.00, 0.00)
(306.48, 0.00, 0.00)
(306.48, 0.00, 0.00)
(306.48, 0.00, 0.00)
(306.48, 0.00, 0.00)
(306.48, 0.00, 0.00)
(306.48, 0.00, 0.00)
(306.48, 0.00, 0.00)
(306.48, 0.00, 0.00)
(306.48, 0.00, 0.00)
(306.48, 0.00, 0.00)
(305.03, 0.00, 0.00)
(305.03, 0.00, 0.00)
(305.03, 0.00, 0.00)
(305.03, 0.00, 0.00)
(305.03, 0.00, 0.00)
(305.03, 0.00, 0.00)
(304.77, 0.00, 0.00)
(304.77, 0.00, 0.00)
(304.77, 0.00, 0.00)
(304.77, 0.00, 0.00)
(304.77, 0.00, 0.00)
(304.77, 0.00, 0.00)
(304.77, 0.00, 0.00)
(304.77, 0.00, 0.00)
(304.77, 0.00, 0.00)
(304.77, 0.00, 0.00)
(304.77, 0.00, 0.00)
(304.77, 0.00, 0.00)
(304.77, 0.00, 0.00)
(304.77, 0.00, 0.00)
(304.77, 0.00, 0.00)
(304.77, 0.00, 0.00)
(304.77, 0.00, 0.00)
(304.77, 0.00, 0.00)
(304.77, 0.00, 0.00)
(304.77, 0.00, 0.00)
(304.77, 0.00, 0.00)
(304.77, 0.00, 0.00)
(304.77, 0.00, 0.00)
(308.70, 0.00, 0.00)
(308.70, 0.00, 0.00)
(308.70, 0.00, 0.00)
(308.70, 0.00, 0.00)
(308.70, 0.00, 0.00)
(308.70, 0.00, 0.00)
(308.70, 0.00, 0.00)
(308.70, 0.00, 0.00)
(308.70, 0.00, 0.00)
(308.70, 0.00, 0.00)
(308.70, 0.00, 0.00)
(308.70, 0.00, 0.00)
(308.16, 0.00, 0.00)
(308.16, 0.00, 0.00)
(308.16, 0.00, 0.00)
(308.16, 0.00, 0.00)
(308.16, 0.00, 0.00)
(308.16, 0.00, 0.00)
(306.75, 0.00, 0.00)
(306.75, 0.00, 0.00)
(306.75, 0.00, 0.00)
(306.75, 0.00, 0.00)
(306.75, 0.00, 0.00)
(306.75, 0.00, 0.00)
(306.75, 0.00, 0.00)
(306.75, 0.00, 0.00)
(306.75, 0.00, 0.00)
(306.75, 0.00, 0.00)
(306.75, 0.00, 0.00)
(307.40, 0.00, 0.00)
(307.40, 0.00, 0.00)
(307.40, 0.00, 0.00)
(307.40, 0.00, 0.00)
(307.40, 0.00, 0.00)
(307.40, 0.00, 0.00)
(307.40, 0.00, 0.00)
(307.40, 0.00, 0.00)
(307.40, 0.00, 0.00)
(307.40, 0.00, 0.00)
(307.40, 0.00, 0.00)
(307.40, 0.00, 0.00)
(310.84, 0.00, 0.00)
(310.84, 0.00, 0.00)
(310.84, 0.00, 0.00)
(310.84, 0.00, 0.00)
(310.84, 0.00, 0.00)
(310.84, 0.00, 0.00)
(308.96, 0.00, 0.00)
(308.96, 0.00, 0.00)
(308.96, 0.00, 0.00)
(308.96, 0.00, 0.00)
(308.96, 0.00, 0.00)
(308.96, 0.00, 0.00)
(308.96, 0.00, 0.00)
(308.96, 0.00, 0.00)
(308.96, 0.00, 0.00)
(308.96, 0.00, 0.00)
(308.96, 0.00, 0.00)
(308.96, 0.00, 0.00)
(308.96, 0.00, 0.00)
(308.96, 0.00, 0.00)
(308.96, 0.00, 0.00)
(308.96, 0.00, 0.00)
(308.96, 0.00, 0.00)
(308.96, 0.00, 0.00)
(308.96, 0.00, 0.00)
(308.96, 0.00, 0.00)
(308.96, 0.00, 0.00)
(308.96, 0.00, 0.00)
(308.96, 0.00, 0.00)
(308.96, 0.00, 0.00)
(308.96, 0.00, 0.00)
(308.96, 0.00, 0.00)
(308.96, 0.00, 0.00)
(308.96, 0.00, 0.00)
(308.96, 0.00, 0.00)
(318.22, 0.00, 0.00)
(318.22, 0.00, 0.00)
(318.22, 0.00, 0.00)
(318.22, 0.00, 0.00)
(318.22, 0.00, 0.00)
(318.22, 0.00, 0.00)
(318.22, 0.00, 0.00)
(318.22, 0.00, 0.00)
(318.22, 0.00, 0.00)
(318.22, 0.00, 0.00)
(318.22, 0.00, 0.00)
(318.22, 0.00, 0.00)
(327.40, 0.00, 0.00)
(327.40, 0.00, 0.00)
(327.40, 0.00, 0.00)
(327.40, 0.00, 0.00)
(327.40, 0.00, 0.00)
(327.40, 0.00, 0.00)
(327.40, 0.00, 0.00)
(327.40, 0.00, 0.00)
(327.40, 0.00, 0.00)
(327.40, 0.00, 0.00)
(327.40, 0.00, 0.00)
(335.31, 0.00, 0.00)
(335.31, 0.00, 0.00)
(335.31, 0.00, 0.00)
(335.31, 0.00, 0.00)
(335.31, 0.00, 0.00)
(335.31, 0.00, 0.00)
(334.83, 0.00, 0.00)
(334.83, 0.00, 0.00)
(334.83, 0.00, 0.00)
(334.83, 0.00, 0.00)
(334.83, 0.00, 0.00)
(334.83, 0.00, 0.00)
(334.83, 0.00, 0.00)
(334.83, 0.00, 0.00)
(334.83, 0.00, 0.00)
(334.83, 0.00, 0.00)
(334.83, 0.00, 0.00)
(334.83, 0.00, 0.00)
(336.19, 0.00, 0.00)
(336.19, 0.00, 0.00)
(336.19, 0.00, 0.00)
(336.19, 0.00, 0.00)
(336.19, 0.00, 0.00)
(336.19, 0.00, 0.00)
(336.19, 0.00, 0.00)
(336.19, 0.00, 0.00)
(336.19, 0.00, 0.00)
(336.19, 0.00, 0.00)
(336.19, 0.00, 0.00)
(338.84, 0.00, 0.00)
(338.84, 0.00, 0.00)
(338.84, 0.00, 0.00)
(338.84, 0.00, 0.00)
(338.84, 0.00, 0.00)
(338.84, 0.00, 0.00)
(338.84, 0.00, 0.00)
(338.84, 0.00, 0.00)
(338.84, 0.00, 0.00)
(338.84, 0.00, 0.00)
(338.84, 0.00, 0.00)
(338.84, 0.00, 0.00)
(342.12, 0.00, 0.00)
(342.12, 0.00, 0.00)
(342.12, 0.00, 0.00)
(342.12, 0.00, 0.00)
(342.12, 0.00, 0.00)
(342.12, 0.00, 0.00)
(345.50, 0.00, 0.00)
(345.50, 0.00, 0.00)
(345.50, 0.00, 0.00)
(345.50, 0.00, 0.00)
(345.50, 0.00, 0.00)
(345.50, 0.00, 0.00)
(345.50, 0.00, 0.00)
(345.50, 0.00, 0.00)
(345.50, 0.00, 0.00)
(345.50, 0.00, 0.00)
(345.50, 0.00, 0.00)
(345.50, 0.00, 0.00)
(345.50, 0.00, 0.00)
(345.50, 0.00, 0.00)
(345.50, 0.00, 0.00)
(345.50, 0.00, 0.00)
(345.50, 0.00, 0.00)
(345.68, 0.00, 0.00)
(345.68, 0.00, 0.00)
(345.68, 0.00, 0.00)
(345.68, 0.00, 0.00)
(345.68, 0.00, 0.00)
(345.68, 0.00, 0.00)
(345.28, 0.00, 0.00)
(345.28, 0.00, 0.00)
(345.28, 0.00, 0.00)
(345.28, 0.00, 0.00)
(345.28, 0.00, 0.00)
(345.28, 0.00, 0.00)
(345.28, 0.00, 0.00)
(345.28, 0.00, 0.00)
(345.28, 0.00, 0.00)
(345.28, 0.00, 0.00)
(345.28, 0.00, 0.00)
(345.28, 0.00, 0.00)
(348.78, 0.00, 0.00)
(348.78, 0.00, 0.00)
(348.78, 0.00, 0.00)
(348.78, 0.00, 0.00)
(348.78, 0.00, 0.00)
(348.78, 0.00, 0.00)
(352.18, 0.00, 0.00)
(352.18, 0.00, 0.00)
(352.18, 0.00, 0.00)
(352.18, 0.00, 0.00)
(352.18, 0.00, 0.00)
(352.18, 0.00, 0.00)
(352.18, 0.00, 0.00)
(352.18, 0.00, 0.00)
(352.18, 0.00, 0.00)
(352.18, 0.00, 0.00)
(352.18, 0.00, 0.00)
(354.08, 0.00, 0.00)
(354.08, 0.00, 0.00)
(354.08, 0.00, 0.00)
(354.08, 0.00, 0.00)
(354.08, 0.00, 0.00)
(354.08, 0.00, 0.00)
(358.18, 0.00, 0.00)
(358.18, 0.00, 0.00)
(358.18, 0.00, 0.00)
(358.18, 0.00, 0.00)
(358.18, 0.00, 0.00)
(358.18, 0.00, 0.00)
(358.18, 0.00, 0.00)
(358.18, 0.00, 0.00)
(358.18, 0.00, 0.00)
(358.18, 0.00, 0.00)
(358.18, 0.00, 0.00)
(358.18, 0.00, 0.00)
(358.18, 0.00, 0.00)
(358.18, 0.00, 0.00)
(358.18, 0.00, 0.00)
(358.18, 0.00, 0.00)
(358.18, 0.00, 0.00)
(358.18, 0.00, 0.00)
(358.18, 0.00, 0.00)
(358.18, 0.00, 0.00)
(358.18, 0.00, 0.00)
(358.18, 0.00, 0.00)
(358.18, 0.00, 0.00)
(3.50, 0.00, 0.00)
(3.50, 0.00, 0.00)
(3.50, 0.00, 0.00)
(3.50, 0.00, 0.00)
(3.50, 0.00, 0.00)
(3.50, 0.00, 0.00)
(0.34, 0.00, 0.00)
(0.34, 0.00, 0.00)
(0.34, 0.00, 0.00)
(0.34, 0.00, 0.00)
(0.34, 0.00, 0.00)
(0.34, 0.00, 0.00)
(0.34, 0.00, 0.00)
(0.34, 0.00, 0.00)
(0.34, 0.00, 0.00)
(0.34, 0.00, 0.00)
(0.34, 0.00, 0.00)
(0.34, 0.00, 0.00)
(356.17, 0.00, 0.00)
(356.17, 0.00, 0.00)
(356.17, 0.00, 0.00)
(356.17, 0.00, 0.00)
(356.17, 0.00, 0.00)
(356.17, 0.00, 0.00)
(356.17, 0.00, 0.00)
(356.17, 0.00, 0.00)
(356.17, 0.00, 0.00)
(356.17, 0.00, 0.00)
(356.17, 0.00, 0.00)
(356.17, 0.00, 0.00)
(356.17, 0.00, 0.00)
(356.17, 0.00, 0.00)
(356.17, 0.00, 0.00)
(356.17, 0.00, 0.00)
(356.17, 0.00, 0.00)
(359.70, 0.00, 0.00)
(359.70, 0.00, 0.00)
(359.70, 0.00, 0.00)
(359.70, 0.00, 0.00)
(359.70, 0.00, 0.00)
(359.70, 0.00, 0.00)
(359.70, 0.00, 0.00)
(359.70, 0.00, 0.00)
(359.70, 0.00, 0.00)
(359.70, 0.00, 0.00)
(359.70, 0.00, 0.00)
(359.70, 0.00, 0.00)
(359.70, 0.00, 0.00)
(359.70, 0.00, 0.00)
(359.70, 0.00, 0.00)
(359.70, 0.00, 0.00)
(359.70, 0.00, 0.00)
(359.70, 0.00, 0.00)
(359.70, 0.00, 0.00)
(359.70, 0.00, 0.00)
(359.70, 0.00, 0.00)
(359.70, 0.00, 0.00)
(359.70, 0.00, 0.00)
(359.70, 0.00, 0.00)
(357.76, 0.00, 0.00)
(357.76, 0.00, 0.00)
(357.76, 0.00, 0.00)
(357.76, 0.00, 0.00)
(357.76, 0.00, 0.00)
(357.76, 0.00, 0.00)
(357.76, 0.00, 0.00)
(357.76, 0.00, 0.00)
(357.76, 0.00, 0.00)
(357.76, 0.00, 0.00)
(357.76, 0.00, 0.00)
(4.76, 0.00, 0.00)
(4.76, 0.00, 0.00)
(4.76, 0.00, 0.00)
(4.76, 0.00, 0.00)
(4.76, 0.00, 0.00)
(4.76, 0.00, 0.00)
(356.72, 0.00, 0.00)
(356.72, 0.00, 0.00)
(356.72, 0.00, 0.00)
(356.72, 0.00, 0.00)
(356.72, 0.00, 0.00)
(356.72, 0.00, 0.00)
(356.72, 0.00, 0.00)
(356.72, 0.00, 0.00)
(356.72, 0.00, 0.00)
(356.72, 0.00, 0.00)
(356.72, 0.00, 0.00)
(356.72, 0.00, 0.00)
(356.72, 0.00, 0.00)
(356.72, 0.00, 0.00)
(356.72, 0.00, 0.00)
(356.72, 0.00, 0.00)
(356.72, 0.00, 0.00)
(356.72, 0.00, 0.00)
(356.72, 0.00, 0.00)
(356.72, 0.00, 0.00)
(356.72, 0.00, 0.00)
(356.72, 0.00, 0.00)
(356.72, 0.00, 0.00)
(356.72, 0.00, 0.00)
(343.52, 0.00, 0.00)
(343.52, 0.00, 0.00)
(343.52, 0.00, 0.00)
(343.52, 0.00, 0.00)
(343.52, 0.00, 0.00)
(351.43, 0.00, 0.00)
(351.43, 0.00, 0.00)
(351.43, 0.00, 0.00)
(351.43, 0.00, 0.00)
(351.43, 0.00, 0.00)
(351.43, 0.00, 0.00)
(351.43, 0.00, 0.00)
(351.43, 0.00, 0.00)
(351.43, 0.00, 0.00)
(351.43, 0.00, 0.00)
(351.43, 0.00, 0.00)
(351.43, 0.00, 0.00)
(351.43, 0.00, 0.00)
(351.43, 0.00, 0.00)
(351.43, 0.00, 0.00)
(351.43, 0.00, 0.00)
(351.43, 0.00, 0.00)
(351.43, 0.00, 0.00)
(351.43, 0.00, 0.00)
(351.43, 0.00, 0.00)
(351.43, 0.00, 0.00)
(351.43, 0.00, 0.00)
(351.43, 0.00, 0.00)
(351.43, 0.00, 0.00)
(351.43, 0.00, 0.00)
(351.43, 0.00, 0.00)
(351.43, 0.00, 0.00)
(351.43, 0.00, 0.00)
(351.43, 0.00, 0.00)
(351.43, 0.00, 0.00)
(351.43, 0.00, 0.00)
(351.43, 0.00, 0.00)
(351.43, 0.00, 0.00)
(351.43, 0.00, 0.00)
(351.43, 0.00, 0.00)
(330.00, 0.00, 0.00)
(330.00, 0.00, 0.00)
(330.00, 0.00, 0.00)
(330.00, 0.00, 0.00)
(330.00, 0.00, 0.00)
(330.00, 0.00, 0.00)
(328.13, 0.00, 0.00)
(328.13, 0.00, 0.00)
(328.13, 0.00, 0.00)
(328.13, 0.00, 0.00)
(328.13, 0.00, 0.00)
(328.13, 0.00, 0.00)
(328.13, 0.00, 0.00)
(328.13, 0.00, 0.00)
(328.13, 0.00, 0.00)
(328.13, 0.00, 0.00)
(328.13, 0.00, 0.00)
(328.13, 0.00, 0.00)
(328.13, 0.00, 0.00)
(328.13, 0.00, 0.00)
(328.13, 0.00, 0.00)
(328.13, 0.00, 0.00)
(328.13, 0.00, 0.00)
(328.13, 0.00, 0.00)
(328.13, 0.00, 0.00)
(328.13, 0.00, 0.00)
(328.13, 0.00, 0.00)
(328.13, 0.00, 0.00)
(328.13, 0.00, 0.00)
(328.13, 0.00, 0.00)
(315.00, 0.00, 0.00)
(315.00, 0.00, 0.00)
(315.00, 0.00, 0.00)
(315.00, 0.00, 0.00)
(315.00, 0.00, 0.00)
(314.83, 0.00, 0.00)
(314.83, 0.00, 0.00)
(314.83, 0.00, 0.00)
(314.83, 0.00, 0.00)
(314.83, 0.00, 0.00)
(314.83, 0.00, 0.00)
(314.83, 0.00, 0.00)
(314.83, 0.00, 0.00)
(314.83, 0.00, 0.00)
(314.83, 0.00, 0.00)
(314.83, 0.00, 0.00)
(314.83, 0.00, 0.00)
(314.83, 0.00, 0.00)
(314.83, 0.00, 0.00)
(314.83, 0.00, 0.00)
(314.83, 0.00, 0.00)
(314.83, 0.00, 0.00)
(314.83, 0.00, 0.00)
(313.60, 0.00, 0.00)
(313.60, 0.00, 0.00)
(313.60, 0.00, 0.00)
(313.60, 0.00, 0.00)
(313.60, 0.00, 0.00)
(313.60, 0.00, 0.00)
(313.60, 0.00, 0.00)
(313.60, 0.00, 0.00)
(313.60, 0.00, 0.00)
(313.60, 0.00, 0.00)
(313.60, 0.00, 0.00)
(313.88, 0.00, 0.00)
(313.88, 0.00, 0.00)
(313.88, 0.00, 0.00)
(313.88, 0.00, 0.00)
(313.88, 0.00, 0.00)
(313.88, 0.00, 0.00)
(313.88, 0.00, 0.00)
(313.88, 0.00, 0.00)
(313.88, 0.00, 0.00)
(313.88, 0.00, 0.00)
(313.88, 0.00, 0.00)
(313.88, 0.00, 0.00)
(311.65, 0.00, 0.00)
(311.65, 0.00, 0.00)
(311.65, 0.00, 0.00)
(311.65, 0.00, 0.00)
(311.65, 0.00, 0.00)
(311.65, 0.00, 0.00)
(311.65, 0.00, 0.00)
(311.65, 0.00, 0.00)
(311.65, 0.00, 0.00)
(311.65, 0.00, 0.00)
(311.65, 0.00, 0.00)
(311.65, 0.00, 0.00)
(306.61, 0.00, 0.00)
(306.61, 0.00, 0.00)
(306.61, 0.00, 0.00)
(306.61, 0.00, 0.00)
(306.61, 0.00, 0.00)
(308.61, 0.00, 0.00)
(308.61, 0.00, 0.00)
(308.61, 0.00, 0.00)
(308.61, 0.00, 0.00)
(308.61, 0.00, 0.00)
(308.61, 0.00, 0.00)
(308.61, 0.00, 0.00)
(308.61, 0.00, 0.00)
(308.61, 0.00, 0.00)
(308.61, 0.00, 0.00)
(308.61, 0.00, 0.00)
(308.61, 0.00, 0.00)
(308.61, 0.00, 0.00)
(308.61, 0.00, 0.00)
(308.61, 0.00, 0.00)
(308.61, 0.00, 0.00)
(308.61, 0.00, 0.00)
(308.61, 0.00, 0.00)
(308.61, 0.00, 0.00)
(308.61, 0.00, 0.00)
(308.61, 0.00, 0.00)
(308.61, 0.00, 0.00)
(308.61, 0.00, 0.00)
(308.61, 0.00, 0.00)
(308.61, 0.00, 0.00)
(308.61, 0.00, 0.00)
(308.61, 0.00, 0.00)
(308.61, 0.00, 0.00)
(308.61, 0.00, 0.00)
(308.61, 0.00, 0.00)
(308.61, 0.00, 0.00)
(308.61, 0.00, 0.00)
(308.61, 0.00, 0.00)
(308.61, 0.00, 0.00)
(308.61, 0.00, 0.00)
(308.61, 0.00, 0.00)
(308.61, 0.00, 0.00)
(308.61, 0.00, 0.00)
(308.61, 0.00, 0.00)
(308.61, 0.00, 0.00)
(308.61, 0.00, 0.00)
(308.61, 0.00, 0.00)
(308.61, 0.00, 0.00)
(308.61, 0.00, 0.00)
(308.61, 0.00, 0.00)
(308.61, 0.00, 0.00)
(308.61, 0.00, 0.00)
(308.61, 0.00, 0.00)
(308.61, 0.00, 0.00)
(308.61, 0.00, 0.00)
(308.61, 0.00, 0.00)
(308.61, 0.00, 0.00)
(308.61, 0.00, 0.00)
(308.61, 0.00, 0.00)
(308.61, 0.00, 0.00)
(308.61, 0.00, 0.00)
(308.61, 0.00, 0.00)
(308.61, 0.00, 0.00)
(308.61, 0.00, 0.00)
(308.61, 0.00, 0.00)
(308.61, 0.00, 0.00)
(308.61, 0.00, 0.00)
(308.61, 0.00, 0.00)
(308.61, 0.00, 0.00)
(308.61, 0.00, 0.00)
(308.61, 0.00, 0.00)
(308.61, 0.00, 0.00)
(308.61, 0.00, 0.00)
(308.61, 0.00, 0.00)
(308.61, 0.00, 0.00)
(308.61, 0.00, 0.00)
(308.61, 0.00, 0.00)
(308.61, 0.00, 0.00)
(308.61, 0.00, 0.00)
(308.61, 0.00, 0.00)
(308.61, 0.00, 0.00)
(308.61, 0.00, 0.00)
(308.61, 0.00, 0.00)
(308.61, 0.00, 0.00)
(308.61, 0.00, 0.00)
(308.61, 0.00, 0.00)
(308.61, 0.00, 0.00)
(308.61, 0.00, 0.00)
(308.61, 0.00, 0.00)
(308.61, 0.00, 0.00)
(308.61, 0.00, 0.00)
(308.61, 0.00, 0.00)
(308.63, 0.00, 0.00)
(308.63, 0.00, 0.00)
(308.63, 0.00, 0.00)
(308.63, 0.00, 0.00)
(308.63, 0.00, 0.00)
(308.63, 0.00, 0.00)
(308.63, 0.00, 0.00)
(308.63, 0.00, 0.00)
(308.63, 0.00, 0.00)
(308.63, 0.00, 0.00)
(308.63, 0.00, 0.00)
(308.63, 0.00, 0.00)
(308.38, 0.00, 0.00)
(308.38, 0.00, 0.00)
(308.38, 0.00, 0.00)
(308.38, 0.00, 0.00)
(308.38, 0.00, 0.00)
(308.38, 0.00, 0.00)
(308.38, 0.00, 0.00)
(308.38, 0.00, 0.00)
(308.38, 0.00, 0.00)
(308.38, 0.00, 0.00)
(308.38, 0.00, 0.00)
(307.36, 0.00, 0.00)
(307.36, 0.00, 0.00)
(307.36, 0.00, 0.00)
(307.36, 0.00, 0.00)
(307.36, 0.00, 0.00)
(307.36, 0.00, 0.00)
(307.36, 0.00, 0.00)
(307.36, 0.00, 0.00)
(307.36, 0.00, 0.00)
(307.36, 0.00, 0.00)
(307.36, 0.00, 0.00)
(307.36, 0.00, 0.00)
(304.55, 0.00, 0.00)
(304.55, 0.00, 0.00)
(304.55, 0.00, 0.00)
(304.55, 0.00, 0.00)
(304.55, 0.00, 0.00)
(304.55, 0.00, 0.00)
(307.08, 0.00, 0.00)
(307.08, 0.00, 0.00)
(307.08, 0.00, 0.00)
(307.08, 0.00, 0.00)
(307.08, 0.00, 0.00)
(307.08, 0.00, 0.00)
(309.66, 0.00, 0.00)
(309.66, 0.00, 0.00)
(309.66, 0.00, 0.00)
(309.66, 0.00, 0.00)
(309.66, 0.00, 0.00)
(309.66, 0.00, 0.00)
(309.66, 0.00, 0.00)
(309.66, 0.00, 0.00)
(309.66, 0.00, 0.00)
(309.66, 0.00, 0.00)
(309.66, 0.00, 0.00)
(314.40, 0.00, 0.00)
(314.40, 0.00, 0.00)
(314.40, 0.00, 0.00)
(314.40, 0.00, 0.00)
(314.40, 0.00, 0.00)
(314.40, 0.00, 0.00)
(314.40, 0.00, 0.00)
(314.40, 0.00, 0.00)
(314.40, 0.00, 0.00)
(314.40, 0.00, 0.00)
(314.40, 0.00, 0.00)
(314.40, 0.00, 0.00)
(314.40, 0.00, 0.00)
(314.40, 0.00, 0.00)
(314.40, 0.00, 0.00)
(314.40, 0.00, 0.00)
(314.40, 0.00, 0.00)
(314.40, 0.00, 0.00)
(317.98, 0.00, 0.00)
(317.98, 0.00, 0.00)
(317.98, 0.00, 0.00)
(317.98, 0.00, 0.00)
(317.98, 0.00, 0.00)
(332.03, 0.00, 0.00)
(332.03, 0.00, 0.00)
(332.03, 0.00, 0.00)
(332.03, 0.00, 0.00)
(332.03, 0.00, 0.00)
(332.03, 0.00, 0.00)
(335.24, 0.00, 0.00)
(335.24, 0.00, 0.00)
(335.24, 0.00, 0.00)
(335.24, 0.00, 0.00)
(335.24, 0.00, 0.00)
(335.24, 0.00, 0.00)
(335.24, 0.00, 0.00)
(335.24, 0.00, 0.00)
(335.24, 0.00, 0.00)
(335.24, 0.00, 0.00)
(335.24, 0.00, 0.00)
(335.24, 0.00, 0.00)
(339.25, 0.00, 0.00)
(339.25, 0.00, 0.00)
(339.25, 0.00, 0.00)
(339.25, 0.00, 0.00)
(339.25, 0.00, 0.00)
(339.25, 0.00, 0.00)
(339.25, 0.00, 0.00)
(339.25, 0.00, 0.00)
(339.25, 0.00, 0.00)
(339.25, 0.00, 0.00)
(339.25, 0.00, 0.00)
(342.17, 0.00, 0.00)
