(357.58, 0.00, 0.00)
(357.07, 0.00, 0.00)
(357.07, 0.00, 0.00)
(357.07, 0.00, 0.00)
(357.44, 0.00, 0.00)
(357.43, 0.00, 0.00)
(357.43, 0.00, 0.00)
(357.64, 0.00, 0.00)
(357.64, 0.00, 0.00)
(357.64, 0.00, 0.00)
(357.64, 0.00, 0.00)
(357.64, 0.00, 0.00)
(357.53, 0.00, 0.00)
(357.70, 0.00, 0.00)
(357.38, 0.00, 0.00)
(357.38, 0.00, 0.00)
(357.38, 0.00, 0.00)
(357.38, 0.00, 0.00)
(357.38, 0.00, 0.00)
(357.38, 0.00, 0.00)
(357.38, 0.00, 0.00)
(357.32, 0.00, 0.00)
(357.32, 0.00, 0.00)
(358.00, 0.00, 0.00)
(358.00, 0.00, 0.00)
(358.09, 0.00, 0.00)
(358.09, 0.00, 0.00)
(358.09, 0.00, 0.00)
(357.08, 0.00, 0.00)
(357.08, 0.00, 0.00)
(357.08, 0.00, 0.00)
(357.08, 0.00, 0.00)
(357.26, 0.00, 0.00)
(357.26, 0.00, 0.00)
(357.26, 0.00, 0.00)
(357.64, 0.00, 0.00)
(357.64, 0.00, 0.00)
(357.64, 0.00, 0.00)
(357.83, 0.00, 0.00)
(357.83, 0.00, 0.00)
(357.83, 0.00, 0.00)
(357.31, 0.00, 0.00)
(357.31, 0.00, 0.00)
(357.31, 0.00, 0.00)
(356.49, 0.00, 0.00)
(356.49, 0.00, 0.00)
(357.50, 0.00, 0.00)
(357.50, 0.00, 0.00)
(357.62, 0.00, 0.00)
(357.62, 0.00, 0.00)
(357.41, 0.00, 0.00)
(356.91, 0.00, 0.00)
(356.91, 0.00, 0.00)
(356.91, 0.00, 0.00)
(356.91, 0.00, 0.00)
(357.33, 0.00, 0.00)
(357.33, 0.00, 0.00)
(357.33, 0.00, 0.00)
(358.06, 0.00, 0.00)
(358.06, 0.00, 0.00)
(358.06, 0.00, 0.00)
(358.06, 0.00, 0.00)
(357.24, 0.00, 0.00)
(357.24, 0.00, 0.00)
(357.24, 0.00, 0.00)
(357.20, 0.00, 0.00)
(357.20, 0.00, 0.00)
(357.20, 0.00, 0.00)
(357.55, 0.00, 0.00)
(357.55, 0.00, 0.00)
(357.55, 0.00, 0.00)
(357.60, 0.00, 0.00)
(357.60, 0.00, 0.00)
(357.60, 0.00, 0.00)
(357.60, 0.00, 0.00)
(357.60, 0.00, 0.00)
(357.60, 0.00, 0.00)
(357.26, 0.00, 0.00)
(357.79, 0.00, 0.00)
(357.79, 0.00, 0.00)
(357.79, 0.00, 0.00)
(357.79, 0.00, 0.00)
(357.79, 0.00, 0.00)
(358.13, 0.00, 0.00)
(358.13, 0.00, 0.00)
(358.13, 0.00, 0.00)
(357.24, 0.00, 0.00)
(357.93, 0.00, 0.00)
(357.93, 0.00, 0.00)
(357.05, 0.00, 0.00)
(357.05, 0.00, 0.00)
(355.73, 0.00, 0.00)
(355.73, 0.00, 0.00)
(355.73, 0.00, 0.00)
(357.10, 0.00, 0.00)
(357.10, 0.00, 0.00)
(357.10, 0.00, 0.00)
(357.81, 0.00, 0.00)
(357.81, 0.00, 0.00)
(357.81, 0.00, 0.00)
(357.81, 0.00, 0.00)
(356.99, 0.00, 0.00)
(356.99, 0.00, 0.00)
(356.99, 0.00, 0.00)
(356.99, 0.00, 0.00)
(356.99, 0.00, 0.00)
(356.13, 0.00, 0.00)
(356.13, 0.00, 0.00)
(357.34, 0.00, 0.00)
(357.85, 0.00, 0.00)
(357.85, 0.00, 0.00)
(357.85, 0.00, 0.00)
(357.85, 0.00, 0.00)
(357.85, 0.00, 0.00)
(357.85, 0.00, 0.00)
(357.85, 0.00, 0.00)
(357.06, 0.00, 0.00)
(355.99, 0.00, 0.00)
(355.99, 0.00, 0.00)
(357.23, 0.00, 0.00)
(357.23, 0.00, 0.00)
(356.46, 0.00, 0.00)
(356.46, 0.00, 0.00)
(356.46, 0.00, 0.00)
(356.46, 0.00, 0.00)
(355.18, 0.00, 0.00)
(355.18, 0.00, 0.00)
(355.18, 0.00, 0.00)
(355.18, 0.00, 0.00)
(355.18, 0.00, 0.00)
(355.38, 0.00, 0.00)
(355.38, 0.00, 0.00)
(355.38, 0.00, 0.00)
(355.44, 0.00, 0.00)
(355.44, 0.00, 0.00)
(355.44, 0.00, 0.00)
(355.68, 0.00, 0.00)
(355.68, 0.00, 0.00)
(354.47, 0.00, 0.00)
(354.47, 0.00, 0.00)
(354.47, 0.00, 0.00)
(352.76, 0.00, 0.00)
(352.76, 0.00, 0.00)
(352.76, 0.00, 0.00)
(353.63, 0.00, 0.00)
(353.63, 0.00, 0.00)
(353.63, 0.00, 0.00)
(353.63, 0.00, 0.00)
(352.48, 0.00, 0.00)
(352.48, 0.00, 0.00)
(352.48, 0.00, 0.00)
(351.21, 0.00, 0.00)
(351.21, 0.00, 0.00)
(351.98, 0.00, 0.00)
(351.98, 0.00, 0.00)
(351.98, 0.00, 0.00)
(351.98, 0.00, 0.00)
(351.98, 0.00, 0.00)
(351.98, 0.00, 0.00)
(351.98, 0.00, 0.00)
(350.55, 0.00, 0.00)
(350.55, 0.00, 0.00)
(350.82, 0.00, 0.00)
(350.82, 0.00, 0.00)
(351.31, 0.00, 0.00)
(351.31, 0.00, 0.00)
(351.31, 0.00, 0.00)
(351.31, 0.00, 0.00)
(351.31, 0.00, 0.00)
(351.31, 0.00, 0.00)
(349.33, 0.00, 0.00)
(347.06, 0.00, 0.00)
(347.06, 0.00, 0.00)
(347.06, 0.00, 0.00)
(347.06, 0.00, 0.00)
(347.06, 0.00, 0.00)
(346.33, 0.00, 0.00)
(346.33, 0.00, 0.00)
(346.33, 0.00, 0.00)
(346.33, 0.00, 0.00)
(346.31, 0.00, 0.00)
(346.31, 0.00, 0.00)
(345.67, 0.00, 0.00)
(344.32, 0.00, 0.00)
(344.32, 0.00, 0.00)
(344.32, 0.00, 0.00)
(344.32, 0.00, 0.00)
(344.32, 0.00, 0.00)
(343.95, 0.00, 0.00)
(343.30, 0.00, 0.00)
(343.30, 0.00, 0.00)
(343.30, 0.00, 0.00)
(343.30, 0.00, 0.00)
(343.30, 0.00, 0.00)
(342.76, 0.00, 0.00)
(342.76, 0.00, 0.00)
(343.60, 0.00, 0.00)
(343.60, 0.00, 0.00)
(342.62, 0.00, 0.00)
(342.62, 0.00, 0.00)
(341.75, 0.00, 0.00)
(341.75, 0.00, 0.00)
(341.75, 0.00, 0.00)
(341.77, 0.00, 0.00)
(341.77, 0.00, 0.00)
(342.24, 0.00, 0.00)
(342.24, 0.00, 0.00)
(342.24, 0.00, 0.00)
(342.14, 0.00, 0.00)
(342.14, 0.00, 0.00)
(342.14, 0.00, 0.00)
(342.14, 0.00, 0.00)
(342.47, 0.00, 0.00)
(342.47, 0.00, 0.00)
(343.09, 0.00, 0.00)
(343.09, 0.00, 0.00)
(343.09, 0.00, 0.00)
(343.09, 0.00, 0.00)
(341.47, 0.00, 0.00)
(340.52, 0.00, 0.00)
(340.52, 0.00, 0.00)
(340.53, 0.00, 0.00)
(340.53, 0.00, 0.00)
(340.53, 0.00, 0.00)
(339.45, 0.00, 0.00)
(339.45, 0.00, 0.00)
(339.45, 0.00, 0.00)
(338.28, 0.00, 0.00)
(338.28, 0.00, 0.00)
(338.28, 0.00, 0.00)
(339.55, 0.00, 0.00)
(339.55, 0.00, 0.00)
(339.55, 0.00, 0.00)
(338.13, 0.00, 0.00)
(338.13, 0.00, 0.00)
(338.13, 0.00, 0.00)
(338.00, 0.00, 0.00)
(338.00, 0.00, 0.00)
(338.00, 0.00, 0.00)
(337.32, 0.00, 0.00)
(337.32, 0.00, 0.00)
(334.92, 0.00, 0.00)
(334.92, 0.00, 0.00)
(334.92, 0.00, 0.00)
(333.63, 0.00, 0.00)
(333.63, 0.00, 0.00)
(333.63, 0.00, 0.00)
(333.91, 0.00, 0.00)
(333.98, 0.00, 0.00)
(333.98, 0.00, 0.00)
(333.98, 0.00, 0.00)
(332.76, 0.00, 0.00)
(332.76, 0.00, 0.00)
(332.76, 0.00, 0.00)
(332.76, 0.00, 0.00)
(333.22, 0.00, 0.00)
(333.22, 0.00, 0.00)
(333.22, 0.00, 0.00)
(332.34, 0.00, 0.00)
(332.34, 0.00, 0.00)
(332.07, 0.00, 0.00)
(331.47, 0.00, 0.00)
(331.47, 0.00, 0.00)
(331.47, 0.00, 0.00)
(331.47, 0.00, 0.00)
(331.47, 0.00, 0.00)
(331.99, 0.00, 0.00)
(331.99, 0.00, 0.00)
(332.21, 0.00, 0.00)
(332.21, 0.00, 0.00)
(332.21, 0.00, 0.00)
(331.93, 0.00, 0.00)
(331.35, 0.00, 0.00)
(331.35, 0.00, 0.00)
(331.35, 0.00, 0.00)
(331.35, 0.00, 0.00)
(331.35, 0.00, 0.00)
(332.02, 0.00, 0.00)
(329.78, 0.00, 0.00)
(329.78, 0.00, 0.00)
(329.78, 0.00, 0.00)
(329.46, 0.00, 0.00)
(329.46, 0.00, 0.00)
(329.46, 0.00, 0.00)
(327.39, 0.00, 0.00)
(327.39, 0.00, 0.00)
(327.67, 0.00, 0.00)
(327.67, 0.00, 0.00)
(327.67, 0.00, 0.00)
(327.67, 0.00, 0.00)
(327.08, 0.00, 0.00)
(327.08, 0.00, 0.00)
(327.08, 0.00, 0.00)
(326.41, 0.00, 0.00)
(326.41, 0.00, 0.00)
(325.84, 0.00, 0.00)
(324.74, 0.00, 0.00)
(324.74, 0.00, 0.00)
(325.20, 0.00, 0.00)
(325.20, 0.00, 0.00)
(325.20, 0.00, 0.00)
(325.20, 0.00, 0.00)
(325.20, 0.00, 0.00)
(324.86, 0.00, 0.00)
(324.86, 0.00, 0.00)
(323.84, 0.00, 0.00)
(323.84, 0.00, 0.00)
(322.76, 0.00, 0.00)
(322.76, 0.00, 0.00)
(319.82, 0.00, 0.00)
(319.82, 0.00, 0.00)
(319.82, 0.00, 0.00)
(319.82, 0.00, 0.00)
(321.81, 0.00, 0.00)
(321.81, 0.00, 0.00)
(321.81, 0.00, 0.00)
(321.81, 0.00, 0.00)
(320.57, 0.00, 0.00)
(319.14, 0.00, 0.00)
(319.14, 0.00, 0.00)
(319.14, 0.00, 0.00)
(317.22, 0.00, 0.00)
(317.47, 0.00, 0.00)
(317.95, 0.00, 0.00)
(317.95, 0.00, 0.00)
(317.95, 0.00, 0.00)
(312.66, 0.00, 0.00)
(313.77, 0.00, 0.00)
(313.81, 0.00, 0.00)
(313.81, 0.00, 0.00)
(314.81, 0.00, 0.00)
(314.81, 0.00, 0.00)
(313.71, 0.00, 0.00)
(310.94, 0.00, 0.00)
(310.94, 0.00, 0.00)
(310.94, 0.00, 0.00)
(310.94, 0.00, 0.00)
(311.33, 0.00, 0.00)
(311.33, 0.00, 0.00)
(311.33, 0.00, 0.00)
(311.33, 0.00, 0.00)
(312.13, 0.00, 0.00)
(312.13, 0.00, 0.00)
(312.13, 0.00, 0.00)
(312.13, 0.00, 0.00)
(311.00, 0.00, 0.00)
(311.00, 0.00, 0.00)
(311.79, 0.00, 0.00)
(311.79, 0.00, 0.00)
(311.79, 0.00, 0.00)
(311.79, 0.00, 0.00)
(311.79, 0.00, 0.00)
(311.79, 0.00, 0.00)
(311.79, 0.00, 0.00)
(311.79, 0.00, 0.00)
(310.47, 0.00, 0.00)
(310.47, 0.00, 0.00)
(310.47, 0.00, 0.00)
(310.47, 0.00, 0.00)
(310.47, 0.00, 0.00)
(310.47, 0.00, 0.00)
(310.47, 0.00, 0.00)
(311.35, 0.00, 0.00)
(311.35, 0.00, 0.00)
(311.35, 0.00, 0.00)
(311.35, 0.00, 0.00)
(311.03, 0.00, 0.00)
(311.03, 0.00, 0.00)
(311.03, 0.00, 0.00)
(311.03, 0.00, 0.00)
(311.46, 0.00, 0.00)
(311.46, 0.00, 0.00)
(311.46, 0.00, 0.00)
(311.46, 0.00, 0.00)
(311.46, 0.00, 0.00)
(311.46, 0.00, 0.00)
(311.46, 0.00, 0.00)
(310.91, 0.00, 0.00)
(311.43, 0.00, 0.00)
(311.43, 0.00, 0.00)
(311.43, 0.00, 0.00)
(311.43, 0.00, 0.00)
(310.87, 0.00, 0.00)
(310.87, 0.00, 0.00)
(310.97, 0.00, 0.00)
(310.97, 0.00, 0.00)
(310.97, 0.00, 0.00)
(310.97, 0.00, 0.00)
(310.97, 0.00, 0.00)
(311.03, 0.00, 0.00)
(311.14, 0.00, 0.00)
(311.14, 0.00, 0.00)
(311.14, 0.00, 0.00)
(310.97, 0.00, 0.00)
(310.97, 0.00, 0.00)
(311.61, 0.00, 0.00)
(311.61, 0.00, 0.00)
(311.61, 0.00, 0.00)
(311.61, 0.00, 0.00)
(311.61, 0.00, 0.00)
(311.55, 0.00, 0.00)
(311.55, 0.00, 0.00)
(311.53, 0.00, 0.00)
(311.39, 0.00, 0.00)
(311.39, 0.00, 0.00)
(311.39, 0.00, 0.00)
(311.53, 0.00, 0.00)
(311.76, 0.00, 0.00)
(311.76, 0.00, 0.00)
(311.76, 0.00, 0.00)
(311.73, 0.00, 0.00)
(311.73, 0.00, 0.00)
(311.73, 0.00, 0.00)
(311.73, 0.00, 0.00)
(312.31, 0.00, 0.00)
(312.31, 0.00, 0.00)
(312.31, 0.00, 0.00)
(311.29, 0.00, 0.00)
(311.29, 0.00, 0.00)
(312.23, 0.00, 0.00)
(312.23, 0.00, 0.00)
(312.23, 0.00, 0.00)
(312.23, 0.00, 0.00)
(312.18, 0.00, 0.00)
(312.18, 0.00, 0.00)
(312.18, 0.00, 0.00)
(312.69, 0.00, 0.00)
(313.69, 0.00, 0.00)
(313.69, 0.00, 0.00)
(313.69, 0.00, 0.00)
(313.69, 0.00, 0.00)
(313.30, 0.00, 0.00)
(313.30, 0.00, 0.00)
(313.32, 0.00, 0.00)
(313.32, 0.00, 0.00)
(313.32, 0.00, 0.00)
(313.32, 0.00, 0.00)
(313.61, 0.00, 0.00)
(313.61, 0.00, 0.00)
(314.13, 0.00, 0.00)
(314.13, 0.00, 0.00)
(314.13, 0.00, 0.00)
(314.98, 0.00, 0.00)
(314.98, 0.00, 0.00)
(314.98, 0.00, 0.00)
(314.98, 0.00, 0.00)
(314.65, 0.00, 0.00)
(314.65, 0.00, 0.00)
(317.49, 0.00, 0.00)
(317.49, 0.00, 0.00)
(317.49, 0.00, 0.00)
(317.49, 0.00, 0.00)
(317.49, 0.00, 0.00)
(317.49, 0.00, 0.00)
(316.95, 0.00, 0.00)
(316.48, 0.00, 0.00)
(317.06, 0.00, 0.00)
(317.06, 0.00, 0.00)
(317.06, 0.00, 0.00)
(317.06, 0.00, 0.00)
(317.06, 0.00, 0.00)
(319.25, 0.00, 0.00)
(319.25, 0.00, 0.00)
(324.31, 0.00, 0.00)
(324.31, 0.00, 0.00)
(324.31, 0.00, 0.00)
(324.31, 0.00, 0.00)
(328.32, 0.00, 0.00)
(328.32, 0.00, 0.00)
(328.86, 0.00, 0.00)
(328.86, 0.00, 0.00)
(328.86, 0.00, 0.00)
(328.86, 0.00, 0.00)
(328.86, 0.00, 0.00)
(328.86, 0.00, 0.00)
(328.86, 0.00, 0.00)
(331.50, 0.00, 0.00)
(331.50, 0.00, 0.00)
(331.50, 0.00, 0.00)
(332.29, 0.00, 0.00)
(332.29, 0.00, 0.00)
(337.18, 0.00, 0.00)
(336.75, 0.00, 0.00)
(336.75, 0.00, 0.00)
(336.75, 0.00, 0.00)
(336.75, 0.00, 0.00)
(335.18, 0.00, 0.00)
(335.18, 0.00, 0.00)
(335.18, 0.00, 0.00)
(341.90, 0.00, 0.00)
(341.90, 0.00, 0.00)
(341.90, 0.00, 0.00)
(346.91, 0.00, 0.00)
(343.43, 0.00, 0.00)
(343.43, 0.00, 0.00)
(340.58, 0.00, 0.00)
(340.58, 0.00, 0.00)
(340.58, 0.00, 0.00)
(340.58, 0.00, 0.00)
(343.55, 0.00, 0.00)
(343.55, 0.00, 0.00)
(343.55, 0.00, 0.00)
(343.55, 0.00, 0.00)
(342.32, 0.00, 0.00)
(345.30, 0.00, 0.00)
(345.30, 0.00, 0.00)
(342.61, 0.00, 0.00)
(342.61, 0.00, 0.00)
(342.61, 0.00, 0.00)
(342.61, 0.00, 0.00)
(346.29, 0.00, 0.00)
(346.29, 0.00, 0.00)
(349.75, 0.00, 0.00)
(349.75, 0.00, 0.00)
(349.75, 0.00, 0.00)
(349.75, 0.00, 0.00)
(349.14, 0.00, 0.00)
(349.14, 0.00, 0.00)
(349.14, 0.00, 0.00)
(347.89, 0.00, 0.00)
(347.89, 0.00, 0.00)
(349.70, 0.00, 0.00)
(349.70, 0.00, 0.00)
(349.70, 0.00, 0.00)
(349.70, 0.00, 0.00)
(349.70, 0.00, 0.00)
(349.70, 0.00, 0.00)
(353.57, 0.00, 0.00)
(353.57, 0.00, 0.00)
(353.57, 0.00, 0.00)
(351.00, 0.00, 0.00)
(351.00, 0.00, 0.00)
(352.98, 0.00, 0.00)
(352.98, 0.00, 0.00)
(352.98, 0.00, 0.00)
(355.58, 0.00, 0.00)
(355.58, 0.00, 0.00)
(355.58, 0.00, 0.00)
(355.58, 0.00, 0.00)
(354.40, 0.00, 0.00)
(354.40, 0.00, 0.00)
(355.38, 0.00, 0.00)
(355.38, 0.00, 0.00)
(355.38, 0.00, 0.00)
(355.38, 0.00, 0.00)
(353.59, 0.00, 0.00)
(355.44, 0.00, 0.00)
(355.44, 0.00, 0.00)
(355.44, 0.00, 0.00)
(354.81, 0.00, 0.00)
(354.81, 0.00, 0.00)
(354.81, 0.00, 0.00)
(354.81, 0.00, 0.00)
(354.81, 0.00, 0.00)
(354.10, 0.00, 0.00)
(354.10, 0.00, 0.00)
(354.10, 0.00, 0.00)
(354.10, 0.00, 0.00)
(354.56, 0.00, 0.00)
(354.56, 0.00, 0.00)
(354.56, 0.00, 0.00)
(354.56, 0.00, 0.00)
(354.56, 0.00, 0.00)
(353.92, 0.00, 0.00)
(353.92, 0.00, 0.00)
(355.98, 0.00, 0.00)
(355.98, 0.00, 0.00)
(355.09, 0.00, 0.00)
(355.09, 0.00, 0.00)
(354.15, 0.00, 0.00)
(354.15, 0.00, 0.00)
(354.15, 0.00, 0.00)
(354.15, 0.00, 0.00)
(354.15, 0.00, 0.00)
(354.15, 0.00, 0.00)
(354.15, 0.00, 0.00)
(355.15, 0.00, 0.00)
(355.15, 0.00, 0.00)
(355.15, 0.00, 0.00)
(355.27, 0.00, 0.00)
(355.27, 0.00, 0.00)
(355.27, 0.00, 0.00)
(355.30, 0.00, 0.00)
(355.30, 0.00, 0.00)
(355.21, 0.00, 0.00)
(355.21, 0.00, 0.00)
(355.21, 0.00, 0.00)
(355.10, 0.00, 0.00)
(355.10, 0.00, 0.00)
(355.10, 0.00, 0.00)
(354.33, 0.00, 0.00)
(354.33, 0.00, 0.00)
(354.33, 0.00, 0.00)
(354.33, 0.00, 0.00)
(355.96, 0.00, 0.00)
(355.96, 0.00, 0.00)
(355.96, 0.00, 0.00)
(355.03, 0.00, 0.00)
(355.03, 0.00, 0.00)
(355.03, 0.00, 0.00)
(355.03, 0.00, 0.00)
(355.03, 0.00, 0.00)
(354.69, 0.00, 0.00)
(355.17, 0.00, 0.00)
(355.17, 0.00, 0.00)
(355.17, 0.00, 0.00)
(355.05, 0.00, 0.00)
(355.05, 0.00, 0.00)
(355.25, 0.00, 0.00)
(355.25, 0.00, 0.00)
(355.25, 0.00, 0.00)
(355.25, 0.00, 0.00)
(355.25, 0.00, 0.00)
(355.63, 0.00, 0.00)
(354.47, 0.00, 0.00)
(354.47, 0.00, 0.00)
(354.47, 0.00, 0.00)
(353.85, 0.00, 0.00)
(353.85, 0.00, 0.00)
(355.42, 0.00, 0.00)
(355.42, 0.00, 0.00)
(355.42, 0.00, 0.00)
(355.42, 0.00, 0.00)
(356.15, 0.00, 0.00)
(355.50, 0.00, 0.00)
(355.50, 0.00, 0.00)
(355.50, 0.00, 0.00)
(355.24, 0.00, 0.00)
(355.24, 0.00, 0.00)
(355.24, 0.00, 0.00)
(354.03, 0.00, 0.00)
(354.03, 0.00, 0.00)
(354.03, 0.00, 0.00)
(354.45, 0.00, 0.00)
(355.15, 0.00, 0.00)
(355.15, 0.00, 0.00)
(355.15, 0.00, 0.00)
(355.03, 0.00, 0.00)
(355.03, 0.00, 0.00)
(355.03, 0.00, 0.00)
(354.75, 0.00, 0.00)
(354.75, 0.00, 0.00)
(354.75, 0.00, 0.00)
(355.05, 0.00, 0.00)
(355.05, 0.00, 0.00)
(355.05, 0.00, 0.00)
(354.99, 0.00, 0.00)
(354.99, 0.00, 0.00)
(354.99, 0.00, 0.00)
(354.99, 0.00, 0.00)
(355.07, 0.00, 0.00)
(355.07, 0.00, 0.00)
(355.07, 0.00, 0.00)
(355.07, 0.00, 0.00)
(355.07, 0.00, 0.00)
(355.07, 0.00, 0.00)
(355.33, 0.00, 0.00)
(355.33, 0.00, 0.00)
(354.61, 0.00, 0.00)
(354.61, 0.00, 0.00)
(354.61, 0.00, 0.00)
(354.40, 0.00, 0.00)
(354.40, 0.00, 0.00)
(354.40, 0.00, 0.00)
(354.40, 0.00, 0.00)
(354.22, 0.00, 0.00)
(354.22, 0.00, 0.00)
(354.22, 0.00, 0.00)
(355.56, 0.00, 0.00)
(355.56, 0.00, 0.00)
(355.56, 0.00, 0.00)
(354.36, 0.00, 0.00)
(354.36, 0.00, 0.00)
(354.36, 0.00, 0.00)
(354.17, 0.00, 0.00)
(354.17, 0.00, 0.00)
(354.34, 0.00, 0.00)
(354.34, 0.00, 0.00)
(354.34, 0.00, 0.00)
(354.34, 0.00, 0.00)
(355.94, 0.00, 0.00)
(355.94, 0.00, 0.00)
(355.18, 0.00, 0.00)
(355.18, 0.00, 0.00)
(354.53, 0.00, 0.00)
(354.57, 0.00, 0.00)
(354.57, 0.00, 0.00)
(354.57, 0.00, 0.00)
(354.27, 0.00, 0.00)
(354.27, 0.00, 0.00)
(354.27, 0.00, 0.00)
(354.27, 0.00, 0.00)
(354.99, 0.00, 0.00)
(354.99, 0.00, 0.00)
(356.07, 0.00, 0.00)
(356.07, 0.00, 0.00)
(355.29, 0.00, 0.00)
(355.29, 0.00, 0.00)
(355.29, 0.00, 0.00)
(355.29, 0.00, 0.00)
(353.82, 0.00, 0.00)
(353.82, 0.00, 0.00)
(354.69, 0.00, 0.00)
(354.69, 0.00, 0.00)
(354.69, 0.00, 0.00)
(354.69, 0.00, 0.00)
(355.10, 0.00, 0.00)
(355.66, 0.00, 0.00)
(355.66, 0.00, 0.00)
(355.66, 0.00, 0.00)
(354.82, 0.00, 0.00)
(354.82, 0.00, 0.00)
(354.82, 0.00, 0.00)
(354.82, 0.00, 0.00)
(354.99, 0.00, 0.00)
(355.28, 0.00, 0.00)
(355.28, 0.00, 0.00)
(355.28, 0.00, 0.00)
(354.39, 0.00, 0.00)
(354.39, 0.00, 0.00)
(354.39, 0.00, 0.00)
(354.58, 0.00, 0.00)
(354.58, 0.00, 0.00)
(355.58, 0.00, 0.00)
(355.58, 0.00, 0.00)
(355.58, 0.00, 0.00)
(355.58, 0.00, 0.00)
(355.58, 0.00, 0.00)
(355.58, 0.00, 0.00)
(355.71, 0.00, 0.00)
(355.71, 0.00, 0.00)
(355.71, 0.00, 0.00)
(355.71, 0.00, 0.00)
(354.14, 0.00, 0.00)
(354.14, 0.00, 0.00)
(354.14, 0.00, 0.00)
(355.54, 0.00, 0.00)
(355.54, 0.00, 0.00)
(355.54, 0.00, 0.00)
(355.41, 0.00, 0.00)
(355.41, 0.00, 0.00)
(355.41, 0.00, 0.00)
(354.01, 0.00, 0.00)
(354.01, 0.00, 0.00)
(353.66, 0.00, 0.00)
(353.66, 0.00, 0.00)
(353.66, 0.00, 0.00)
(354.54, 0.00, 0.00)
(354.54, 0.00, 0.00)
(354.54, 0.00, 0.00)
(354.53, 0.00, 0.00)
(354.53, 0.00, 0.00)
(354.53, 0.00, 0.00)
(354.53, 0.00, 0.00)
(356.22, 0.00, 0.00)
(356.22, 0.00, 0.00)
(356.55, 0.00, 0.00)
(352.77, 0.00, 0.00)
(352.77, 0.00, 0.00)
(352.77, 0.00, 0.00)
(352.12, 0.00, 0.00)
(352.12, 0.00, 0.00)
(352.12, 0.00, 0.00)
(352.38, 0.00, 0.00)
(352.38, 0.00, 0.00)
(352.38, 0.00, 0.00)
(352.38, 0.00, 0.00)
(352.38, 0.00, 0.00)
(352.38, 0.00, 0.00)
(353.08, 0.00, 0.00)
(353.08, 0.00, 0.00)
(353.08, 0.00, 0.00)
(352.59, 0.00, 0.00)
(352.59, 0.00, 0.00)
(352.59, 0.00, 0.00)
(350.88, 0.00, 0.00)
(350.88, 0.00, 0.00)
(350.88, 0.00, 0.00)
(348.52, 0.00, 0.00)
(348.52, 0.00, 0.00)
(348.52, 0.00, 0.00)
(347.37, 0.00, 0.00)
(347.37, 0.00, 0.00)
(347.37, 0.00, 0.00)
(347.02, 0.00, 0.00)
(347.02, 0.00, 0.00)
(347.02, 0.00, 0.00)
(348.81, 0.00, 0.00)
(348.81, 0.00, 0.00)
(349.16, 0.00, 0.00)
(349.16, 0.00, 0.00)
(349.16, 0.00, 0.00)
(349.16, 0.00, 0.00)
(346.95, 0.00, 0.00)
(344.25, 0.00, 0.00)
(344.25, 0.00, 0.00)
(344.25, 0.00, 0.00)
(344.38, 0.00, 0.00)
(344.38, 0.00, 0.00)
(344.38, 0.00, 0.00)
(346.63, 0.00, 0.00)
(346.63, 0.00, 0.00)
(346.63, 0.00, 0.00)
(343.88, 0.00, 0.00)
(343.88, 0.00, 0.00)
(343.88, 0.00, 0.00)
(341.57, 0.00, 0.00)
(341.57, 0.00, 0.00)
(341.57, 0.00, 0.00)
(343.23, 0.00, 0.00)
(343.23, 0.00, 0.00)
(343.23, 0.00, 0.00)
(341.69, 0.00, 0.00)
(341.69, 0.00, 0.00)
(340.52, 0.00, 0.00)
(339.11, 0.00, 0.00)
(339.11, 0.00, 0.00)
(339.11, 0.00, 0.00)
(339.11, 0.00, 0.00)
(339.11, 0.00, 0.00)
(339.60, 0.00, 0.00)
(339.60, 0.00, 0.00)
(339.67, 0.00, 0.00)
(339.67, 0.00, 0.00)
(336.79, 0.00, 0.00)
(336.79, 0.00, 0.00)
(336.79, 0.00, 0.00)
(336.79, 0.00, 0.00)
(336.79, 0.00, 0.00)
(336.79, 0.00, 0.00)
(336.79, 0.00, 0.00)
(336.63, 0.00, 0.00)
(336.63, 0.00, 0.00)
(334.07, 0.00, 0.00)
(334.67, 0.00, 0.00)
(334.67, 0.00, 0.00)
(334.67, 0.00, 0.00)
(334.67, 0.00, 0.00)
(331.93, 0.00, 0.00)
(331.93, 0.00, 0.00)
(331.93, 0.00, 0.00)
(331.93, 0.00, 0.00)
(332.26, 0.00, 0.00)
(332.26, 0.00, 0.00)
(333.19, 0.00, 0.00)
(331.35, 0.00, 0.00)
(331.35, 0.00, 0.00)
(331.35, 0.00, 0.00)
(331.55, 0.00, 0.00)
(331.55, 0.00, 0.00)
(330.65, 0.00, 0.00)
(330.65, 0.00, 0.00)
(330.65, 0.00, 0.00)
(330.65, 0.00, 0.00)
(330.65, 0.00, 0.00)
(329.51, 0.00, 0.00)
(329.51, 0.00, 0.00)
(329.51, 0.00, 0.00)
(328.89, 0.00, 0.00)
(328.44, 0.00, 0.00)
(328.44, 0.00, 0.00)
(328.44, 0.00, 0.00)
(328.44, 0.00, 0.00)
(330.16, 0.00, 0.00)
(330.16, 0.00, 0.00)
(330.16, 0.00, 0.00)
(329.15, 0.00, 0.00)
(326.86, 0.00, 0.00)
(326.86, 0.00, 0.00)
(326.86, 0.00, 0.00)
(327.70, 0.00, 0.00)
(327.70, 0.00, 0.00)
(327.70, 0.00, 0.00)
(327.70, 0.00, 0.00)
(327.29, 0.00, 0.00)
(327.29, 0.00, 0.00)
(327.29, 0.00, 0.00)
(327.29, 0.00, 0.00)
(327.00, 0.00, 0.00)
(327.14, 0.00, 0.00)
(327.14, 0.00, 0.00)
(327.14, 0.00, 0.00)
(323.97, 0.00, 0.00)
(323.97, 0.00, 0.00)
(323.97, 0.00, 0.00)
(323.41, 0.00, 0.00)
(323.41, 0.00, 0.00)
(323.66, 0.00, 0.00)
(323.66, 0.00, 0.00)
(323.66, 0.00, 0.00)
(324.35, 0.00, 0.00)
(324.35, 0.00, 0.00)
(324.35, 0.00, 0.00)
(324.35, 0.00, 0.00)
(322.10, 0.00, 0.00)
(322.10, 0.00, 0.00)
(322.10, 0.00, 0.00)
(321.66, 0.00, 0.00)
(321.66, 0.00, 0.00)
(321.73, 0.00, 0.00)
(321.73, 0.00, 0.00)
(321.73, 0.00, 0.00)
(321.73, 0.00, 0.00)
(319.52, 0.00, 0.00)
(319.52, 0.00, 0.00)
(319.52, 0.00, 0.00)
(317.71, 0.00, 0.00)
(317.71, 0.00, 0.00)
(317.17, 0.00, 0.00)
(317.17, 0.00, 0.00)
(317.17, 0.00, 0.00)
(317.17, 0.00, 0.00)
(315.97, 0.00, 0.00)
(315.97, 0.00, 0.00)
(315.97, 0.00, 0.00)
(315.97, 0.00, 0.00)
(314.53, 0.00, 0.00)
(314.53, 0.00, 0.00)
(315.00, 0.00, 0.00)
(315.00, 0.00, 0.00)
(316.99, 0.00, 0.00)
(316.99, 0.00, 0.00)
(316.99, 0.00, 0.00)
(316.99, 0.00, 0.00)
(313.51, 0.00, 0.00)
(313.51, 0.00, 0.00)
(313.51, 0.00, 0.00)
(311.63, 0.00, 0.00)
(311.63, 0.00, 0.00)
(310.82, 0.00, 0.00)
(310.82, 0.00, 0.00)
(310.82, 0.00, 0.00)
(310.82, 0.00, 0.00)
(310.82, 0.00, 0.00)
(310.82, 0.00, 0.00)
(310.82, 0.00, 0.00)
(310.82, 0.00, 0.00)
(310.82, 0.00, 0.00)
(310.82, 0.00, 0.00)
(310.82, 0.00, 0.00)
(310.82, 0.00, 0.00)
(310.82, 0.00, 0.00)
(310.82, 0.00, 0.00)
(310.82, 0.00, 0.00)
(310.82, 0.00, 0.00)
(310.96, 0.00, 0.00)
(310.96, 0.00, 0.00)
(310.61, 0.00, 0.00)
(310.61, 0.00, 0.00)
(310.61, 0.00, 0.00)
(311.04, 0.00, 0.00)
(311.04, 0.00, 0.00)
(311.04, 0.00, 0.00)
(311.04, 0.00, 0.00)
(311.10, 0.00, 0.00)
(310.94, 0.00, 0.00)
(310.94, 0.00, 0.00)
(310.94, 0.00, 0.00)
(310.66, 0.00, 0.00)
(310.66, 0.00, 0.00)
(310.66, 0.00, 0.00)
(310.66, 0.00, 0.00)
(310.58, 0.00, 0.00)
(310.58, 0.00, 0.00)
(310.58, 0.00, 0.00)
(310.58, 0.00, 0.00)
(310.77, 0.00, 0.00)
(310.77, 0.00, 0.00)
(310.77, 0.00, 0.00)
(311.02, 0.00, 0.00)
(311.02, 0.00, 0.00)
(310.40, 0.00, 0.00)
(310.40, 0.00, 0.00)
(310.40, 0.00, 0.00)
(310.58, 0.00, 0.00)
(310.58, 0.00, 0.00)
(310.58, 0.00, 0.00)
(310.58, 0.00, 0.00)
(310.95, 0.00, 0.00)
(310.95, 0.00, 0.00)
(310.95, 0.00, 0.00)
(310.84, 0.00, 0.00)
(310.84, 0.00, 0.00)
(310.47, 0.00, 0.00)
(310.47, 0.00, 0.00)
(310.47, 0.00, 0.00)
(310.73, 0.00, 0.00)
(310.73, 0.00, 0.00)
(310.83, 0.00, 0.00)
(310.83, 0.00, 0.00)
(310.85, 0.00, 0.00)
(310.85, 0.00, 0.00)
(310.85, 0.00, 0.00)
(310.85, 0.00, 0.00)
(310.85, 0.00, 0.00)
(310.85, 0.00, 0.00)
(310.98, 0.00, 0.00)
(310.99, 0.00, 0.00)
(310.99, 0.00, 0.00)
(310.98, 0.00, 0.00)
(310.98, 0.00, 0.00)
(310.98, 0.00, 0.00)
(310.98, 0.00, 0.00)
(310.35, 0.00, 0.00)
(310.35, 0.00, 0.00)
(310.35, 0.00, 0.00)
(310.49, 0.00, 0.00)
(310.49, 0.00, 0.00)
(310.49, 0.00, 0.00)
(310.49, 0.00, 0.00)
(311.15, 0.00, 0.00)
(311.15, 0.00, 0.00)
(311.15, 0.00, 0.00)
(311.15, 0.00, 0.00)
(311.15, 0.00, 0.00)
(310.08, 0.00, 0.00)
(310.08, 0.00, 0.00)
(310.08, 0.00, 0.00)
(311.17, 0.00, 0.00)
(311.17, 0.00, 0.00)
(311.17, 0.00, 0.00)
(310.60, 0.00, 0.00)
(310.60, 0.00, 0.00)
(310.60, 0.00, 0.00)
(310.60, 0.00, 0.00)
(310.60, 0.00, 0.00)
(310.60, 0.00, 0.00)
(309.70, 0.00, 0.00)
(309.70, 0.00, 0.00)
(309.70, 0.00, 0.00)
(310.07, 0.00, 0.00)
(310.07, 0.00, 0.00)
(310.07, 0.00, 0.00)
(310.07, 0.00, 0.00)
(310.07, 0.00, 0.00)
(310.07, 0.00, 0.00)
(310.07, 0.00, 0.00)
(310.07, 0.00, 0.00)
(310.07, 0.00, 0.00)
(310.07, 0.00, 0.00)
(310.07, 0.00, 0.00)
(310.07, 0.00, 0.00)
(310.07, 0.00, 0.00)
(310.07, 0.00, 0.00)
(310.76, 0.00, 0.00)
(310.07, 0.00, 0.00)
(310.07, 0.00, 0.00)
(310.07, 0.00, 0.00)
(310.31, 0.00, 0.00)
(310.31, 0.00, 0.00)
(310.31, 0.00, 0.00)
(310.69, 0.00, 0.00)
(310.69, 0.00, 0.00)
(310.63, 0.00, 0.00)
(310.63, 0.00, 0.00)
(310.63, 0.00, 0.00)
(310.44, 0.00, 0.00)
(310.44, 0.00, 0.00)
(310.44, 0.00, 0.00)
(310.28, 0.00, 0.00)
(310.28, 0.00, 0.00)
(310.28, 0.00, 0.00)
(310.89, 0.00, 0.00)
(310.89, 0.00, 0.00)
(311.16, 0.00, 0.00)
(311.04, 0.00, 0.00)
(311.04, 0.00, 0.00)
(311.04, 0.00, 0.00)
(311.04, 0.00, 0.00)
(311.04, 0.00, 0.00)
(311.04, 0.00, 0.00)
(310.53, 0.00, 0.00)
(309.95, 0.00, 0.00)
(309.95, 0.00, 0.00)
(309.95, 0.00, 0.00)
(310.58, 0.00, 0.00)
(312.44, 0.00, 0.00)
(312.44, 0.00, 0.00)
(312.44, 0.00, 0.00)
(313.25, 0.00, 0.00)
(313.25, 0.00, 0.00)
(313.25, 0.00, 0.00)
(313.25, 0.00, 0.00)
(313.25, 0.00, 0.00)
(316.58, 0.00, 0.00)
(320.33, 0.00, 0.00)
(320.33, 0.00, 0.00)
(320.33, 0.00, 0.00)
(320.33, 0.00, 0.00)
(320.55, 0.00, 0.00)
(320.55, 0.00, 0.00)
(320.55, 0.00, 0.00)
(321.68, 0.00, 0.00)
(321.68, 0.00, 0.00)
(321.68, 0.00, 0.00)
(324.93, 0.00, 0.00)
(324.67, 0.00, 0.00)
(324.67, 0.00, 0.00)
(325.47, 0.00, 0.00)
(325.47, 0.00, 0.00)
(325.47, 0.00, 0.00)
(325.47, 0.00, 0.00)
(328.64, 0.00, 0.00)
(329.96, 0.00, 0.00)
(329.96, 0.00, 0.00)
(329.96, 0.00, 0.00)
(329.96, 0.00, 0.00)
(329.96, 0.00, 0.00)
(329.96, 0.00, 0.00)
(329.96, 0.00, 0.00)
(344.25, 0.00, 0.00)
(344.25, 0.00, 0.00)
(344.25, 0.00, 0.00)
(340.31, 0.00, 0.00)
(342.31, 0.00, 0.00)
(342.31, 0.00, 0.00)
(342.31, 0.00, 0.00)
(342.31, 0.00, 0.00)
(342.31, 0.00, 0.00)
(343.31, 0.00, 0.00)
(343.31, 0.00, 0.00)
(344.13, 0.00, 0.00)
(344.13, 0.00, 0.00)
(349.46, 0.00, 0.00)
(349.46, 0.00, 0.00)
(349.46, 0.00, 0.00)
(349.46, 0.00, 0.00)
(349.46, 0.00, 0.00)
(351.89, 0.00, 0.00)
(348.45, 0.00, 0.00)
(349.14, 0.00, 0.00)
(349.14, 0.00, 0.00)
(349.14, 0.00, 0.00)
(349.14, 0.00, 0.00)
(350.31, 0.00, 0.00)
(350.31, 0.00, 0.00)
(350.31, 0.00, 0.00)
(350.31, 0.00, 0.00)
(353.31, 0.00, 0.00)
(353.31, 0.00, 0.00)
(353.31, 0.00, 0.00)
(354.62, 0.00, 0.00)
(354.62, 0.00, 0.00)
(354.29, 0.00, 0.00)
(354.29, 0.00, 0.00)
(354.29, 0.00, 0.00)
(354.29, 0.00, 0.00)
(355.26, 0.00, 0.00)
(355.26, 0.00, 0.00)
(355.26, 0.00, 0.00)
(356.75, 0.00, 0.00)
(356.75, 0.00, 0.00)
(356.75, 0.00, 0.00)
(356.75, 0.00, 0.00)
(359.44, 0.00, 0.00)
(359.44, 0.00, 0.00)
(359.44, 0.00, 0.00)
(358.51, 0.00, 0.00)
(358.51, 0.00, 0.00)
(358.51, 0.00, 0.00)
(358.51, 0.00, 0.00)
(358.51, 0.00, 0.00)
(358.51, 0.00, 0.00)
(358.51, 0.00, 0.00)
(358.30, 0.00, 0.00)
(358.30, 0.00, 0.00)
(358.30, 0.00, 0.00)
(358.30, 0.00, 0.00)
(358.65, 0.00, 0.00)
(358.65, 0.00, 0.00)
(0.42, 0.00, 0.00)
(359.68, 0.00, 0.00)
(359.68, 0.00, 0.00)
(359.68, 0.00, 0.00)
(359.68, 0.00, 0.00)
(359.68, 0.00, 0.00)
(359.68, 0.00, 0.00)
(358.90, 0.00, 0.00)
(358.90, 0.00, 0.00)
(358.90, 0.00, 0.00)
(358.90, 0.00, 0.00)
(358.90, 0.00, 0.00)
(358.90, 0.00, 0.00)
(358.19, 0.00, 0.00)
(358.19, 0.00, 0.00)
(358.19, 0.00, 0.00)
(359.46, 0.00, 0.00)
(359.46, 0.00, 0.00)
(0.68, 0.00, 0.00)
(0.68, 0.00, 0.00)
(0.68, 0.00, 0.00)
(0.68, 0.00, 0.00)
(0.68, 0.00, 0.00)
(358.02, 0.00, 0.00)
(358.02, 0.00, 0.00)
(358.12, 0.00, 0.00)
(358.12, 0.00, 0.00)
(358.12, 0.00, 0.00)
(359.16, 0.00, 0.00)
(359.16, 0.00, 0.00)
(359.28, 0.00, 0.00)
(359.28, 0.00, 0.00)
(359.28, 0.00, 0.00)
(359.28, 0.00, 0.00)
(359.28, 0.00, 0.00)
(358.31, 0.00, 0.00)
(358.31, 0.00, 0.00)
(358.49, 0.00, 0.00)
(358.49, 0.00, 0.00)
(358.49, 0.00, 0.00)
(358.88, 0.00, 0.00)
(358.88, 0.00, 0.00)
(358.88, 0.00, 0.00)
(359.39, 0.00, 0.00)
(359.39, 0.00, 0.00)
(358.68, 0.00, 0.00)
(358.68, 0.00, 0.00)
(358.68, 0.00, 0.00)
(358.68, 0.00, 0.00)
(359.49, 0.00, 0.00)
(359.49, 0.00, 0.00)
(359.23, 0.00, 0.00)
(359.23, 0.00, 0.00)
(359.41, 0.00, 0.00)
(359.41, 0.00, 0.00)
(359.41, 0.00, 0.00)
(0.14, 0.00, 0.00)
(0.14, 0.00, 0.00)
(0.14, 0.00, 0.00)
(0.14, 0.00, 0.00)
(0.14, 0.00, 0.00)
(359.16, 0.00, 0.00)
(359.86, 0.00, 0.00)
(359.86, 0.00, 0.00)
(359.86, 0.00, 0.00)
(0.05, 0.00, 0.00)
(0.05, 0.00, 0.00)
(359.52, 0.00, 0.00)
(0.00, 0.00, 0.00)
(0.00, 0.00, 0.00)
(0.00, 0.00, 0.00)
(0.00, 0.00, 0.00)
(0.00, 0.00, 0.00)
(0.22, 0.00, 0.00)
(0.22, 0.00, 0.00)
(0.29, 0.00, 0.00)
(0.29, 0.00, 0.00)
(0.29, 0.00, 0.00)
(359.60, 0.00, 0.00)
(359.60, 0.00, 0.00)
(359.45, 0.00, 0.00)
(359.45, 0.00, 0.00)
(359.45, 0.00, 0.00)
(359.45, 0.00, 0.00)
(359.45, 0.00, 0.00)
(359.45, 0.00, 0.00)
(359.45, 0.00, 0.00)
(359.45, 0.00, 0.00)
(358.63, 0.00, 0.00)
(358.63, 0.00, 0.00)
(358.80, 0.00, 0.00)
(358.80, 0.00, 0.00)
(358.80, 0.00, 0.00)
(359.75, 0.00, 0.00)
(359.75, 0.00, 0.00)
(359.75, 0.00, 0.00)
(0.82, 0.00, 0.00)
(0.82, 0.00, 0.00)
(0.82, 0.00, 0.00)
(0.76, 0.00, 0.00)
(0.76, 0.00, 0.00)
(0.76, 0.00, 0.00)
(359.93, 0.00, 0.00)
(0.15, 0.00, 0.00)
(0.15, 0.00, 0.00)
(0.15, 0.00, 0.00)
(0.15, 0.00, 0.00)
(0.03, 0.00, 0.00)
(0.03, 0.00, 0.00)
(0.03, 0.00, 0.00)
(0.03, 0.00, 0.00)
(0.13, 0.00, 0.00)
(0.13, 0.00, 0.00)
(0.28, 0.00, 0.00)
(0.28, 0.00, 0.00)
(0.28, 0.00, 0.00)
(0.28, 0.00, 0.00)
(359.89, 0.00, 0.00)
(359.89, 0.00, 0.00)
(359.89, 0.00, 0.00)
(0.47, 0.00, 0.00)
(0.47, 0.00, 0.00)
(0.47, 0.00, 0.00)
(359.72, 0.00, 0.00)
(359.72, 0.00, 0.00)
(359.72, 0.00, 0.00)
(359.72, 0.00, 0.00)
(0.21, 0.00, 0.00)
(0.21, 0.00, 0.00)
(0.21, 0.00, 0.00)
(0.93, 0.00, 0.00)
(1.01, 0.00, 0.00)
(1.01, 0.00, 0.00)
(359.64, 0.00, 0.00)
(0.24, 0.00, 0.00)
(0.24, 0.00, 0.00)
(0.62, 0.00, 0.00)
(0.62, 0.00, 0.00)
(0.62, 0.00, 0.00)
(0.62, 0.00, 0.00)
(0.60, 0.00, 0.00)
(0.60, 0.00, 0.00)
(0.60, 0.00, 0.00)
(359.77, 0.00, 0.00)
(359.77, 0.00, 0.00)
(359.77, 0.00, 0.00)
(0.01, 0.00, 0.00)
(0.01, 0.00, 0.00)
(0.01, 0.00, 0.00)
(0.40, 0.00, 0.00)
(0.40, 0.00, 0.00)
(0.40, 0.00, 0.00)
(0.40, 0.00, 0.00)
(0.65, 0.00, 0.00)
(0.65, 0.00, 0.00)
(0.65, 0.00, 0.00)
(1.10, 0.00, 0.00)
(1.10, 0.00, 0.00)
(1.10, 0.00, 0.00)
(0.88, 0.00, 0.00)
(0.88, 0.00, 0.00)
(0.88, 0.00, 0.00)
(0.53, 0.00, 0.00)
(0.53, 0.00, 0.00)
(0.53, 0.00, 0.00)
(1.35, 0.00, 0.00)
(1.35, 0.00, 0.00)
(1.35, 0.00, 0.00)
(1.16, 0.00, 0.00)
(1.16, 0.00, 0.00)
(1.16, 0.00, 0.00)
(0.47, 0.00, 0.00)
(0.47, 0.00, 0.00)
(0.47, 0.00, 0.00)
(0.11, 0.00, 0.00)
(0.11, 0.00, 0.00)
(0.50, 0.00, 0.00)
(0.50, 0.00, 0.00)
(0.50, 0.00, 0.00)
(1.21, 0.00, 0.00)
(1.21, 0.00, 0.00)
(1.21, 0.00, 0.00)
(1.21, 0.00, 0.00)
(0.89, 0.00, 0.00)
(0.89, 0.00, 0.00)
(0.89, 0.00, 0.00)
(0.28, 0.00, 0.00)
(0.28, 0.00, 0.00)
(0.28, 0.00, 0.00)
(0.28, 0.00, 0.00)
(2.20, 0.00, 0.00)
(2.20, 0.00, 0.00)
(2.20, 0.00, 0.00)
(2.20, 0.00, 0.00)
(2.20, 0.00, 0.00)
(2.86, 0.00, 0.00)
(0.30, 0.00, 0.00)
(0.30, 0.00, 0.00)
(0.30, 0.00, 0.00)
(359.46, 0.00, 0.00)
(359.46, 0.00, 0.00)
(359.46, 0.00, 0.00)
(359.93, 0.00, 0.00)
(359.93, 0.00, 0.00)
(359.93, 0.00, 0.00)
(0.24, 0.00, 0.00)
(0.24, 0.00, 0.00)
(0.24, 0.00, 0.00)
(0.46, 0.00, 0.00)
(0.46, 0.00, 0.00)
(0.46, 0.00, 0.00)
(0.70, 0.00, 0.00)
(0.70, 0.00, 0.00)
(0.70, 0.00, 0.00)
(0.70, 0.00, 0.00)
(0.71, 0.00, 0.00)
(0.71, 0.00, 0.00)
(0.71, 0.00, 0.00)
(359.66, 0.00, 0.00)
(359.66, 0.00, 0.00)
(359.51, 0.00, 0.00)
(359.51, 0.00, 0.00)
(359.51, 0.00, 0.00)
(0.58, 0.00, 0.00)
(0.58, 0.00, 0.00)
(0.58, 0.00, 0.00)
(0.58, 0.00, 0.00)
(1.27, 0.00, 0.00)
(359.73, 0.00, 0.00)
(359.73, 0.00, 0.00)
(359.73, 0.00, 0.00)
(359.73, 0.00, 0.00)
(359.38, 0.00, 0.00)
(359.38, 0.00, 0.00)
(359.38, 0.00, 0.00)
(359.38, 0.00, 0.00)
(2.01, 0.00, 0.00)
(2.01, 0.00, 0.00)
(2.01, 0.00, 0.00)
(0.18, 0.00, 0.00)
(0.18, 0.00, 0.00)
(0.18, 0.00, 0.00)
(359.72, 0.00, 0.00)
(0.01, 0.00, 0.00)
(0.01, 0.00, 0.00)
(0.01, 0.00, 0.00)
(0.01, 0.00, 0.00)
(359.98, 0.00, 0.00)
(359.98, 0.00, 0.00)
(359.98, 0.00, 0.00)
(359.98, 0.00, 0.00)
(359.44, 0.00, 0.00)
(359.44, 0.00, 0.00)
(359.44, 0.00, 0.00)
(0.11, 0.00, 0.00)
(0.47, 0.00, 0.00)
(0.47, 0.00, 0.00)
(0.47, 0.00, 0.00)
(0.43, 0.00, 0.00)
(0.43, 0.00, 0.00)
(0.43, 0.00, 0.00)
(0.43, 0.00, 0.00)
(0.43, 0.00, 0.00)
(359.91, 0.00, 0.00)
(359.91, 0.00, 0.00)
(0.90, 0.00, 0.00)
(0.90, 0.00, 0.00)
(2.56, 0.00, 0.00)
(2.56, 0.00, 0.00)
(2.56, 0.00, 0.00)
(1.90, 0.00, 0.00)
(1.90, 0.00, 0.00)
(1.90, 0.00, 0.00)
(1.90, 0.00, 0.00)
(1.90, 0.00, 0.00)
(1.90, 0.00, 0.00)
(357.48, 0.00, 0.00)
(356.59, 0.00, 0.00)
(356.59, 0.00, 0.00)
(356.59, 0.00, 0.00)
(358.20, 0.00, 0.00)
(358.20, 0.00, 0.00)
(0.63, 0.00, 0.00)
(359.04, 0.00, 0.00)
(359.04, 0.00, 0.00)
(359.04, 0.00, 0.00)
(358.44, 0.00, 0.00)
(358.44, 0.00, 0.00)
(358.44, 0.00, 0.00)
(358.44, 0.00, 0.00)
(358.89, 0.00, 0.00)
(358.89, 0.00, 0.00)
(359.12, 0.00, 0.00)
(359.12, 0.00, 0.00)
(359.00, 0.00, 0.00)
(0.13, 0.00, 0.00)
(0.13, 0.00, 0.00)
(0.13, 0.00, 0.00)
(0.13, 0.00, 0.00)
(1.62, 0.00, 0.00)
(1.62, 0.00, 0.00)
(1.62, 0.00, 0.00)
(1.62, 0.00, 0.00)
(1.35, 0.00, 0.00)
(1.35, 0.00, 0.00)
(359.13, 0.00, 0.00)
(359.13, 0.00, 0.00)
(359.26, 0.00, 0.00)
(359.26, 0.00, 0.00)
(359.26, 0.00, 0.00)
(359.26, 0.00, 0.00)
(358.44, 0.00, 0.00)
(358.44, 0.00, 0.00)
(358.44, 0.00, 0.00)
(358.44, 0.00, 0.00)
(358.39, 0.00, 0.00)
(357.79, 0.00, 0.00)
(357.79, 0.00, 0.00)
(357.79, 0.00, 0.00)
(352.06, 0.00, 0.00)
(352.06, 0.00, 0.00)
(350.63, 0.00, 0.00)
(350.63, 0.00, 0.00)
(350.63, 0.00, 0.00)
(350.63, 0.00, 0.00)
(350.63, 0.00, 0.00)
(350.63, 0.00, 0.00)
(350.63, 0.00, 0.00)
(350.02, 0.00, 0.00)
(350.02, 0.00, 0.00)
(350.02, 0.00, 0.00)
(350.02, 0.00, 0.00)
(339.00, 0.00, 0.00)
(339.00, 0.00, 0.00)
(339.00, 0.00, 0.00)
(339.00, 0.00, 0.00)
(337.37, 0.00, 0.00)
(337.37, 0.00, 0.00)
(337.37, 0.00, 0.00)
(337.37, 0.00, 0.00)
(338.19, 0.00, 0.00)
(338.19, 0.00, 0.00)
(338.19, 0.00, 0.00)
(338.19, 0.00, 0.00)
(336.02, 0.00, 0.00)
(336.02, 0.00, 0.00)
(336.02, 0.00, 0.00)
(330.08, 0.00, 0.00)
(330.08, 0.00, 0.00)
(330.08, 0.00, 0.00)
(328.45, 0.00, 0.00)
(328.45, 0.00, 0.00)
(328.45, 0.00, 0.00)
(328.45, 0.00, 0.00)
(330.09, 0.00, 0.00)
(330.09, 0.00, 0.00)
(330.09, 0.00, 0.00)
(321.58, 0.00, 0.00)
(321.58, 0.00, 0.00)
(321.58, 0.00, 0.00)
(316.69, 0.00, 0.00)
(316.69, 0.00, 0.00)
(316.69, 0.00, 0.00)
(318.95, 0.00, 0.00)
(318.95, 0.00, 0.00)
(318.95, 0.00, 0.00)
(318.95, 0.00, 0.00)
(320.75, 0.00, 0.00)
(320.75, 0.00, 0.00)
(320.75, 0.00, 0.00)
(320.75, 0.00, 0.00)
(316.15, 0.00, 0.00)
(316.15, 0.00, 0.00)
(316.15, 0.00, 0.00)
(316.15, 0.00, 0.00)
(316.58, 0.00, 0.00)
(316.67, 0.00, 0.00)
(316.67, 0.00, 0.00)
(316.67, 0.00, 0.00)
(316.67, 0.00, 0.00)
(316.67, 0.00, 0.00)
(316.67, 0.00, 0.00)
(316.67, 0.00, 0.00)
(316.67, 0.00, 0.00)
(311.19, 0.00, 0.00)
(312.11, 0.00, 0.00)
(312.11, 0.00, 0.00)
(312.11, 0.00, 0.00)
(312.11, 0.00, 0.00)
(312.11, 0.00, 0.00)
(303.63, 0.00, 0.00)
(303.63, 0.00, 0.00)
(303.63, 0.00, 0.00)
(303.63, 0.00, 0.00)
(302.90, 0.00, 0.00)
(302.90, 0.00, 0.00)
(307.12, 0.00, 0.00)
(307.12, 0.00, 0.00)
(307.12, 0.00, 0.00)
(307.12, 0.00, 0.00)
(307.12, 0.00, 0.00)
(304.63, 0.00, 0.00)
(304.63, 0.00, 0.00)
(303.69, 0.00, 0.00)
(303.69, 0.00, 0.00)
(302.42, 0.00, 0.00)
(302.42, 0.00, 0.00)
(302.42, 0.00, 0.00)
(301.51, 0.00, 0.00)
(301.51, 0.00, 0.00)
(301.51, 0.00, 0.00)
(301.51, 0.00, 0.00)
(300.27, 0.00, 0.00)
(300.27, 0.00, 0.00)
(300.27, 0.00, 0.00)
(300.27, 0.00, 0.00)
(300.27, 0.00, 0.00)
(300.27, 0.00, 0.00)
(300.27, 0.00, 0.00)
(298.00, 0.00, 0.00)
(298.00, 0.00, 0.00)
(298.00, 0.00, 0.00)
(298.00, 0.00, 0.00)
(296.81, 0.00, 0.00)
(296.81, 0.00, 0.00)
(296.81, 0.00, 0.00)
(296.89, 0.00, 0.00)
(295.08, 0.00, 0.00)
(295.08, 0.00, 0.00)
(295.08, 0.00, 0.00)
(294.79, 0.00, 0.00)
(294.79, 0.00, 0.00)
(294.79, 0.00, 0.00)
(293.82, 0.00, 0.00)
(293.82, 0.00, 0.00)
(294.77, 0.00, 0.00)
(294.77, 0.00, 0.00)
(294.77, 0.00, 0.00)
(293.94, 0.00, 0.00)
(293.94, 0.00, 0.00)
(293.94, 0.00, 0.00)
(293.94, 0.00, 0.00)
(295.35, 0.00, 0.00)
(295.35, 0.00, 0.00)
(295.35, 0.00, 0.00)
(294.73, 0.00, 0.00)
(295.43, 0.00, 0.00)
(295.43, 0.00, 0.00)
(295.43, 0.00, 0.00)
(295.43, 0.00, 0.00)
(294.42, 0.00, 0.00)
(294.42, 0.00, 0.00)
(295.48, 0.00, 0.00)
(295.48, 0.00, 0.00)
(295.48, 0.00, 0.00)
(294.85, 0.00, 0.00)
(294.85, 0.00, 0.00)
(295.02, 0.00, 0.00)
(295.02, 0.00, 0.00)
(295.88, 0.00, 0.00)
(295.88, 0.00, 0.00)
(295.88, 0.00, 0.00)
(296.65, 0.00, 0.00)
(296.65, 0.00, 0.00)
(296.65, 0.00, 0.00)
(296.65, 0.00, 0.00)
(297.14, 0.00, 0.00)
(297.14, 0.00, 0.00)
(296.59, 0.00, 0.00)
(296.59, 0.00, 0.00)
(299.52, 0.00, 0.00)
(299.52, 0.00, 0.00)
(295.10, 0.00, 0.00)
(295.10, 0.00, 0.00)
(295.10, 0.00, 0.00)
(295.10, 0.00, 0.00)
(303.64, 0.00, 0.00)
(303.64, 0.00, 0.00)
(303.64, 0.00, 0.00)
(303.64, 0.00, 0.00)
(304.35, 0.00, 0.00)
(304.35, 0.00, 0.00)
(309.89, 0.00, 0.00)
(309.89, 0.00, 0.00)
(309.89, 0.00, 0.00)
(309.89, 0.00, 0.00)
(309.89, 0.00, 0.00)
(311.30, 0.00, 0.00)
(308.70, 0.00, 0.00)
(308.70, 0.00, 0.00)
(308.70, 0.00, 0.00)
(308.70, 0.00, 0.00)
(308.70, 0.00, 0.00)
(308.70, 0.00, 0.00)
(312.25, 0.00, 0.00)
(312.25, 0.00, 0.00)
(312.25, 0.00, 0.00)
(312.25, 0.00, 0.00)
(312.25, 0.00, 0.00)
(319.44, 0.00, 0.00)
(319.44, 0.00, 0.00)
(319.44, 0.00, 0.00)
(320.69, 0.00, 0.00)
(320.69, 0.00, 0.00)
(320.69, 0.00, 0.00)
(320.69, 0.00, 0.00)
(324.61, 0.00, 0.00)
(324.61, 0.00, 0.00)
(326.12, 0.00, 0.00)
(326.12, 0.00, 0.00)
(327.99, 0.00, 0.00)
(329.08, 0.00, 0.00)
(329.08, 0.00, 0.00)
(329.08, 0.00, 0.00)
(329.08, 0.00, 0.00)
(329.08, 0.00, 0.00)
(329.08, 0.00, 0.00)
(326.62, 0.00, 0.00)
(330.37, 0.00, 0.00)
(330.37, 0.00, 0.00)
(330.37, 0.00, 0.00)
(330.16, 0.00, 0.00)
(334.70, 0.00, 0.00)
(334.70, 0.00, 0.00)
(334.70, 0.00, 0.00)
(334.70, 0.00, 0.00)
(336.91, 0.00, 0.00)
(336.91, 0.00, 0.00)
(336.91, 0.00, 0.00)
(336.81, 0.00, 0.00)
(336.81, 0.00, 0.00)
(336.81, 0.00, 0.00)
(336.81, 0.00, 0.00)
(341.81, 0.00, 0.00)
(341.81, 0.00, 0.00)
(343.53, 0.00, 0.00)
(343.53, 0.00, 0.00)
(343.53, 0.00, 0.00)
(345.10, 0.00, 0.00)
(345.10, 0.00, 0.00)
(345.10, 0.00, 0.00)
(347.77, 0.00, 0.00)
(347.77, 0.00, 0.00)
(347.77, 0.00, 0.00)
(349.97, 0.00, 0.00)
(349.97, 0.00, 0.00)
(349.97, 0.00, 0.00)
(347.02, 0.00, 0.00)
(347.02, 0.00, 0.00)
(347.02, 0.00, 0.00)
(347.02, 0.00, 0.00)
(353.61, 0.00, 0.00)
(353.61, 0.00, 0.00)
(353.99, 0.00, 0.00)
(353.99, 0.00, 0.00)
(353.99, 0.00, 0.00)
(355.67, 0.00, 0.00)
(355.67, 0.00, 0.00)
(355.67, 0.00, 0.00)
(357.48, 0.00, 0.00)
(356.51, 0.00, 0.00)
(356.51, 0.00, 0.00)
(359.70, 0.00, 0.00)
(359.70, 0.00, 0.00)
(359.70, 0.00, 0.00)
(356.46, 0.00, 0.00)
(356.46, 0.00, 0.00)
(356.46, 0.00, 0.00)
(356.46, 0.00, 0.00)
(358.12, 0.00, 0.00)
(358.12, 0.00, 0.00)
(358.12, 0.00, 0.00)
(359.17, 0.00, 0.00)
(358.38, 0.00, 0.00)
(358.38, 0.00, 0.00)
(358.38, 0.00, 0.00)
(0.25, 0.00, 0.00)
(0.25, 0.00, 0.00)
(1.33, 0.00, 0.00)
(1.33, 0.00, 0.00)
(1.33, 0.00, 0.00)
(1.33, 0.00, 0.00)
(358.36, 0.00, 0.00)
(358.36, 0.00, 0.00)
(358.36, 0.00, 0.00)
(359.86, 0.00, 0.00)
(1.74, 0.00, 0.00)
(1.74, 0.00, 0.00)
(1.74, 0.00, 0.00)
(1.74, 0.00, 0.00)
(1.74, 0.00, 0.00)
(1.92, 0.00, 0.00)
(1.92, 0.00, 0.00)
(3.39, 0.00, 0.00)
(3.39, 0.00, 0.00)
(3.39, 0.00, 0.00)
(3.39, 0.00, 0.00)
(1.43, 0.00, 0.00)
(2.02, 0.00, 0.00)
(2.02, 0.00, 0.00)
(2.98, 0.00, 0.00)
(2.98, 0.00, 0.00)
(2.98, 0.00, 0.00)
(2.98, 0.00, 0.00)
(2.43, 0.00, 0.00)
(2.43, 0.00, 0.00)
(2.43, 0.00, 0.00)
(5.47, 0.00, 0.00)
(5.47, 0.00, 0.00)
(5.47, 0.00, 0.00)
(4.64, 0.00, 0.00)
(3.73, 0.00, 0.00)
(3.73, 0.00, 0.00)
(3.73, 0.00, 0.00)
(3.73, 0.00, 0.00)
(4.94, 0.00, 0.00)
(4.94, 0.00, 0.00)
(4.94, 0.00, 0.00)
(4.94, 0.00, 0.00)
(4.94, 0.00, 0.00)
(4.94, 0.00, 0.00)
(4.94, 0.00, 0.00)
(2.77, 0.00, 0.00)
(4.03, 0.00, 0.00)
(3.26, 0.00, 0.00)
(3.26, 0.00, 0.00)
(3.26, 0.00, 0.00)
(4.34, 0.00, 0.00)
(4.34, 0.00, 0.00)
(4.34, 0.00, 0.00)
(4.34, 0.00, 0.00)
(5.07, 0.00, 0.00)
(5.07, 0.00, 0.00)
(5.07, 0.00, 0.00)
(3.00, 0.00, 0.00)
(3.00, 0.00, 0.00)
(4.57, 0.00, 0.00)
(4.57, 0.00, 0.00)
(5.02, 0.00, 0.00)
(5.02, 0.00, 0.00)
(5.02, 0.00, 0.00)
(3.55, 0.00, 0.00)
(3.55, 0.00, 0.00)
(3.55, 0.00, 0.00)
(3.82, 0.00, 0.00)
(3.82, 0.00, 0.00)
(3.82, 0.00, 0.00)
(3.92, 0.00, 0.00)
(3.92, 0.00, 0.00)
(2.96, 0.00, 0.00)
(4.32, 0.00, 0.00)
(4.32, 0.00, 0.00)
(4.32, 0.00, 0.00)
(4.32, 0.00, 0.00)
(4.32, 0.00, 0.00)
(3.77, 0.00, 0.00)
(3.77, 0.00, 0.00)
(1.87, 0.00, 0.00)
(4.25, 0.00, 0.00)
(4.25, 0.00, 0.00)
(4.25, 0.00, 0.00)
(5.26, 0.00, 0.00)
(5.26, 0.00, 0.00)
(5.26, 0.00, 0.00)
(6.08, 0.00, 0.00)
(6.08, 0.00, 0.00)
(6.08, 0.00, 0.00)
(6.38, 0.00, 0.00)
(6.38, 0.00, 0.00)
(6.38, 0.00, 0.00)
(3.78, 0.00, 0.00)
(3.78, 0.00, 0.00)
(3.78, 0.00, 0.00)
(4.32, 0.00, 0.00)
(4.32, 0.00, 0.00)
(4.15, 0.00, 0.00)
(4.15, 0.00, 0.00)
(4.15, 0.00, 0.00)
(7.26, 0.00, 0.00)
(7.26, 0.00, 0.00)
(7.26, 0.00, 0.00)
(8.22, 0.00, 0.00)
(8.22, 0.00, 0.00)
(8.22, 0.00, 0.00)
(8.22, 0.00, 0.00)
(9.59, 0.00, 0.00)
(9.59, 0.00, 0.00)
(9.77, 0.00, 0.00)
(9.77, 0.00, 0.00)
(9.77, 0.00, 0.00)
(9.77, 0.00, 0.00)
(10.33, 0.00, 0.00)
(10.33, 0.00, 0.00)
(10.33, 0.00, 0.00)
(10.33, 0.00, 0.00)
(8.40, 0.00, 0.00)
(8.40, 0.00, 0.00)
(9.20, 0.00, 0.00)
(9.20, 0.00, 0.00)
(12.04, 0.00, 0.00)
(9.44, 0.00, 0.00)
(9.44, 0.00, 0.00)
(9.44, 0.00, 0.00)
(9.66, 0.00, 0.00)
(9.66, 0.00, 0.00)
(9.66, 0.00, 0.00)
(9.66, 0.00, 0.00)
(10.46, 0.00, 0.00)
(10.46, 0.00, 0.00)
(10.05, 0.00, 0.00)
(10.05, 0.00, 0.00)
(10.05, 0.00, 0.00)
(11.25, 0.00, 0.00)
(10.40, 0.00, 0.00)
(10.40, 0.00, 0.00)
(10.40, 0.00, 0.00)
(10.40, 0.00, 0.00)
(10.62, 0.00, 0.00)
(10.62, 0.00, 0.00)
(10.62, 0.00, 0.00)
(9.89, 0.00, 0.00)
(9.89, 0.00, 0.00)
(9.89, 0.00, 0.00)
(10.68, 0.00, 0.00)
(9.59, 0.00, 0.00)
(9.59, 0.00, 0.00)
(10.14, 0.00, 0.00)
(10.14, 0.00, 0.00)
(10.14, 0.00, 0.00)
(10.14, 0.00, 0.00)
(10.14, 0.00, 0.00)
(9.38, 0.00, 0.00)
(9.38, 0.00, 0.00)
(9.98, 0.00, 0.00)
(9.98, 0.00, 0.00)
(9.98, 0.00, 0.00)
(9.08, 0.00, 0.00)
(9.08, 0.00, 0.00)
(9.08, 0.00, 0.00)
(9.63, 0.00, 0.00)
(9.63, 0.00, 0.00)
(9.63, 0.00, 0.00)
(11.71, 0.00, 0.00)
(11.71, 0.00, 0.00)
(11.71, 0.00, 0.00)
(9.78, 0.00, 0.00)
(9.78, 0.00, 0.00)
(10.01, 0.00, 0.00)
(10.01, 0.00, 0.00)
(9.58, 0.00, 0.00)
(9.31, 0.00, 0.00)
(10.28, 0.00, 0.00)
(10.28, 0.00, 0.00)
(10.28, 0.00, 0.00)
(10.42, 0.00, 0.00)
(10.42, 0.00, 0.00)
(10.42, 0.00, 0.00)
(10.42, 0.00, 0.00)
(12.10, 0.00, 0.00)
(12.10, 0.00, 0.00)
(12.10, 0.00, 0.00)
(10.61, 0.00, 0.00)
(10.41, 0.00, 0.00)
(10.41, 0.00, 0.00)
(10.41, 0.00, 0.00)
(10.41, 0.00, 0.00)
(10.96, 0.00, 0.00)
(10.96, 0.00, 0.00)
(10.56, 0.00, 0.00)
(10.56, 0.00, 0.00)
(10.56, 0.00, 0.00)
(10.56, 0.00, 0.00)
(11.19, 0.00, 0.00)
(11.19, 0.00, 0.00)
(11.19, 0.00, 0.00)
(9.48, 0.00, 0.00)
(9.48, 0.00, 0.00)
(9.48, 0.00, 0.00)
(9.48, 0.00, 0.00)
(9.70, 0.00, 0.00)
(9.70, 0.00, 0.00)
(9.88, 0.00, 0.00)
(9.88, 0.00, 0.00)
(9.88, 0.00, 0.00)
(10.93, 0.00, 0.00)
(10.93, 0.00, 0.00)
(10.93, 0.00, 0.00)
(12.08, 0.00, 0.00)
(12.08, 0.00, 0.00)
(10.20, 0.00, 0.00)
(10.20, 0.00, 0.00)
(10.20, 0.00, 0.00)
(10.20, 0.00, 0.00)
(10.20, 0.00, 0.00)
(9.37, 0.00, 0.00)
(9.37, 0.00, 0.00)
(9.23, 0.00, 0.00)
(9.23, 0.00, 0.00)
(9.23, 0.00, 0.00)
(10.60, 0.00, 0.00)
(10.60, 0.00, 0.00)
(10.60, 0.00, 0.00)
(10.60, 0.00, 0.00)
(10.60, 0.00, 0.00)
(10.42, 0.00, 0.00)
(10.42, 0.00, 0.00)
(10.42, 0.00, 0.00)
(9.20, 0.00, 0.00)
(9.20, 0.00, 0.00)
(9.20, 0.00, 0.00)
(9.37, 0.00, 0.00)
(9.37, 0.00, 0.00)
(11.11, 0.00, 0.00)
(11.11, 0.00, 0.00)
(10.15, 0.00, 0.00)
(10.15, 0.00, 0.00)
(9.83, 0.00, 0.00)
(9.83, 0.00, 0.00)
(9.83, 0.00, 0.00)
(9.83, 0.00, 0.00)
(9.45, 0.00, 0.00)
(9.45, 0.00, 0.00)
(9.45, 0.00, 0.00)
(10.34, 0.00, 0.00)
(10.34, 0.00, 0.00)
(10.34, 0.00, 0.00)
(9.87, 0.00, 0.00)
(9.87, 0.00, 0.00)
(9.87, 0.00, 0.00)
(10.07, 0.00, 0.00)
(10.07, 0.00, 0.00)
(10.07, 0.00, 0.00)
(8.98, 0.00, 0.00)
(8.98, 0.00, 0.00)
(8.98, 0.00, 0.00)
(9.17, 0.00, 0.00)
(10.12, 0.00, 0.00)
(10.12, 0.00, 0.00)
(10.12, 0.00, 0.00)
(10.12, 0.00, 0.00)
(10.12, 0.00, 0.00)
(10.12, 0.00, 0.00)
(10.50, 0.00, 0.00)
(10.50, 0.00, 0.00)
(10.50, 0.00, 0.00)
(9.62, 0.00, 0.00)
(9.62, 0.00, 0.00)
(9.62, 0.00, 0.00)
(9.28, 0.00, 0.00)
(9.28, 0.00, 0.00)
(9.83, 0.00, 0.00)
(9.83, 0.00, 0.00)
(9.48, 0.00, 0.00)
(9.48, 0.00, 0.00)
(9.48, 0.00, 0.00)
(9.48, 0.00, 0.00)
(9.80, 0.00, 0.00)
(9.80, 0.00, 0.00)
(9.80, 0.00, 0.00)
(9.80, 0.00, 0.00)
(5.90, 0.00, 0.00)
(5.90, 0.00, 0.00)
(5.90, 0.00, 0.00)
(7.75, 0.00, 0.00)
(5.04, 0.00, 0.00)
(4.68, 0.00, 0.00)
(4.68, 0.00, 0.00)
(5.78, 0.00, 0.00)
(5.78, 0.00, 0.00)
(5.78, 0.00, 0.00)
(5.78, 0.00, 0.00)
(5.78, 0.00, 0.00)
(4.39, 0.00, 0.00)
(4.39, 0.00, 0.00)
(1.02, 0.00, 0.00)
(1.02, 0.00, 0.00)
(359.03, 0.00, 0.00)
(359.03, 0.00, 0.00)
(359.03, 0.00, 0.00)
(359.03, 0.00, 0.00)
(1.71, 0.00, 0.00)
(3.34, 0.00, 0.00)
(3.34, 0.00, 0.00)
(3.34, 0.00, 0.00)
(359.75, 0.00, 0.00)
(359.75, 0.00, 0.00)
(359.75, 0.00, 0.00)
(359.75, 0.00, 0.00)
(351.82, 0.00, 0.00)
(346.60, 0.00, 0.00)
(346.60, 0.00, 0.00)
(346.60, 0.00, 0.00)
(350.49, 0.00, 0.00)
(350.85, 0.00, 0.00)
(350.85, 0.00, 0.00)
(350.85, 0.00, 0.00)
(350.85, 0.00, 0.00)
(351.19, 0.00, 0.00)
(351.19, 0.00, 0.00)
(351.19, 0.00, 0.00)
(345.32, 0.00, 0.00)
(345.32, 0.00, 0.00)
(345.32, 0.00, 0.00)
(345.86, 0.00, 0.00)
(345.86, 0.00, 0.00)
(345.86, 0.00, 0.00)
(346.68, 0.00, 0.00)
(342.59, 0.00, 0.00)
(342.59, 0.00, 0.00)
(342.59, 0.00, 0.00)
(342.59, 0.00, 0.00)
(342.59, 0.00, 0.00)
(340.29, 0.00, 0.00)
(340.29, 0.00, 0.00)
(339.50, 0.00, 0.00)
(339.50, 0.00, 0.00)
(339.67, 0.00, 0.00)
(339.67, 0.00, 0.00)
(339.67, 0.00, 0.00)
(339.17, 0.00, 0.00)
(339.17, 0.00, 0.00)
(339.17, 0.00, 0.00)
(339.10, 0.00, 0.00)
(339.10, 0.00, 0.00)
(339.10, 0.00, 0.00)
(337.34, 0.00, 0.00)
(337.34, 0.00, 0.00)
(337.34, 0.00, 0.00)
(336.58, 0.00, 0.00)
(336.58, 0.00, 0.00)
(336.58, 0.00, 0.00)
(337.33, 0.00, 0.00)
(337.33, 0.00, 0.00)
(335.36, 0.00, 0.00)
(335.36, 0.00, 0.00)
(335.36, 0.00, 0.00)
(335.36, 0.00, 0.00)
(325.59, 0.00, 0.00)
(325.59, 0.00, 0.00)
(324.32, 0.00, 0.00)
(324.32, 0.00, 0.00)
(324.32, 0.00, 0.00)
(323.84, 0.00, 0.00)
(323.84, 0.00, 0.00)
(321.30, 0.00, 0.00)
(321.30, 0.00, 0.00)
(321.30, 0.00, 0.00)
(319.43, 0.00, 0.00)
(319.43, 0.00, 0.00)
(319.43, 0.00, 0.00)
(319.43, 0.00, 0.00)
(318.04, 0.00, 0.00)
(316.00, 0.00, 0.00)
(316.00, 0.00, 0.00)
(316.50, 0.00, 0.00)
(316.50, 0.00, 0.00)
(316.50, 0.00, 0.00)
(313.14, 0.00, 0.00)
(313.14, 0.00, 0.00)
(309.99, 0.00, 0.00)
(309.99, 0.00, 0.00)
(309.99, 0.00, 0.00)
(310.40, 0.00, 0.00)
(310.40, 0.00, 0.00)
(310.40, 0.00, 0.00)
(309.69, 0.00, 0.00)
(309.69, 0.00, 0.00)
(309.69, 0.00, 0.00)
(309.84, 0.00, 0.00)
(309.84, 0.00, 0.00)
(309.84, 0.00, 0.00)
(307.84, 0.00, 0.00)
(307.84, 0.00, 0.00)
(308.27, 0.00, 0.00)
(308.27, 0.00, 0.00)
(309.30, 0.00, 0.00)
(309.30, 0.00, 0.00)
(309.30, 0.00, 0.00)
(309.30, 0.00, 0.00)
(309.30, 0.00, 0.00)
(307.44, 0.00, 0.00)
(307.44, 0.00, 0.00)
(307.44, 0.00, 0.00)
(305.63, 0.00, 0.00)
(305.63, 0.00, 0.00)
(305.63, 0.00, 0.00)
(305.63, 0.00, 0.00)
(305.63, 0.00, 0.00)
(305.01, 0.00, 0.00)
(305.01, 0.00, 0.00)
(304.98, 0.00, 0.00)
(304.98, 0.00, 0.00)
(304.26, 0.00, 0.00)
(304.26, 0.00, 0.00)
(304.26, 0.00, 0.00)
(304.33, 0.00, 0.00)
(304.33, 0.00, 0.00)
(304.53, 0.00, 0.00)
(304.53, 0.00, 0.00)
(304.03, 0.00, 0.00)
(304.03, 0.00, 0.00)
(303.62, 0.00, 0.00)
(303.62, 0.00, 0.00)
(304.16, 0.00, 0.00)
(304.16, 0.00, 0.00)
(303.76, 0.00, 0.00)
(303.76, 0.00, 0.00)
(303.76, 0.00, 0.00)
(303.76, 0.00, 0.00)
(303.88, 0.00, 0.00)
(303.88, 0.00, 0.00)
(303.88, 0.00, 0.00)
(303.40, 0.00, 0.00)
(303.40, 0.00, 0.00)
(303.40, 0.00, 0.00)
(303.95, 0.00, 0.00)
(303.95, 0.00, 0.00)
(303.95, 0.00, 0.00)
(303.30, 0.00, 0.00)
(303.30, 0.00, 0.00)
(303.30, 0.00, 0.00)
(303.51, 0.00, 0.00)
(303.51, 0.00, 0.00)
(303.51, 0.00, 0.00)
(302.97, 0.00, 0.00)
(302.97, 0.00, 0.00)
(302.97, 0.00, 0.00)
(304.30, 0.00, 0.00)
(304.30, 0.00, 0.00)
(302.63, 0.00, 0.00)
(302.63, 0.00, 0.00)
(302.63, 0.00, 0.00)
(303.08, 0.00, 0.00)
(303.08, 0.00, 0.00)
(302.85, 0.00, 0.00)
(302.85, 0.00, 0.00)
(302.85, 0.00, 0.00)
(302.53, 0.00, 0.00)
(302.53, 0.00, 0.00)
(302.53, 0.00, 0.00)
(302.53, 0.00, 0.00)
(302.36, 0.00, 0.00)
(302.36, 0.00, 0.00)
(302.53, 0.00, 0.00)
(303.04, 0.00, 0.00)
(303.04, 0.00, 0.00)
(302.46, 0.00, 0.00)
(302.46, 0.00, 0.00)
(302.46, 0.00, 0.00)
(302.46, 0.00, 0.00)
(302.86, 0.00, 0.00)
(302.86, 0.00, 0.00)
(302.86, 0.00, 0.00)
(302.78, 0.00, 0.00)
(302.78, 0.00, 0.00)
(302.78, 0.00, 0.00)
(302.46, 0.00, 0.00)
(302.46, 0.00, 0.00)
(302.46, 0.00, 0.00)
(303.19, 0.00, 0.00)
(303.19, 0.00, 0.00)
(303.19, 0.00, 0.00)
(301.89, 0.00, 0.00)
(301.89, 0.00, 0.00)
(301.89, 0.00, 0.00)
(302.51, 0.00, 0.00)
(302.51, 0.00, 0.00)
(302.51, 0.00, 0.00)
(302.66, 0.00, 0.00)
(302.66, 0.00, 0.00)
(302.66, 0.00, 0.00)
(302.77, 0.00, 0.00)
(302.77, 0.00, 0.00)
(302.77, 0.00, 0.00)
(303.33, 0.00, 0.00)
(303.33, 0.00, 0.00)
(303.33, 0.00, 0.00)
(304.63, 0.00, 0.00)
(304.63, 0.00, 0.00)
(304.63, 0.00, 0.00)
(306.74, 0.00, 0.00)
(306.74, 0.00, 0.00)
(306.74, 0.00, 0.00)
(304.04, 0.00, 0.00)
(304.04, 0.00, 0.00)
(304.04, 0.00, 0.00)
(307.78, 0.00, 0.00)
(307.78, 0.00, 0.00)
(307.78, 0.00, 0.00)
(308.38, 0.00, 0.00)
(308.38, 0.00, 0.00)
(307.74, 0.00, 0.00)
(307.74, 0.00, 0.00)
(307.74, 0.00, 0.00)
(307.74, 0.00, 0.00)
(310.41, 0.00, 0.00)
(310.41, 0.00, 0.00)
(316.53, 0.00, 0.00)
(316.53, 0.00, 0.00)
(316.53, 0.00, 0.00)
(316.09, 0.00, 0.00)
(316.09, 0.00, 0.00)
(316.68, 0.00, 0.00)
(316.68, 0.00, 0.00)
(319.20, 0.00, 0.00)
(320.54, 0.00, 0.00)
(320.54, 0.00, 0.00)
(320.54, 0.00, 0.00)
(320.54, 0.00, 0.00)
(324.34, 0.00, 0.00)
(324.34, 0.00, 0.00)
(324.34, 0.00, 0.00)
(324.67, 0.00, 0.00)
(324.67, 0.00, 0.00)
(324.67, 0.00, 0.00)
(321.33, 0.00, 0.00)
(321.33, 0.00, 0.00)
(320.24, 0.00, 0.00)
(320.24, 0.00, 0.00)
(320.24, 0.00, 0.00)
(320.24, 0.00, 0.00)
(323.87, 0.00, 0.00)
(323.87, 0.00, 0.00)
(323.87, 0.00, 0.00)
(323.87, 0.00, 0.00)
(328.83, 0.00, 0.00)
(328.83, 0.00, 0.00)
(328.83, 0.00, 0.00)
(331.91, 0.00, 0.00)
(331.91, 0.00, 0.00)
(334.27, 0.00, 0.00)
(334.27, 0.00, 0.00)
(334.27, 0.00, 0.00)
(334.27, 0.00, 0.00)
(334.97, 0.00, 0.00)
(334.97, 0.00, 0.00)
(334.97, 0.00, 0.00)
(334.97, 0.00, 0.00)
(334.97, 0.00, 0.00)
(334.10, 0.00, 0.00)
(332.71, 0.00, 0.00)
(332.71, 0.00, 0.00)
(332.71, 0.00, 0.00)
(334.50, 0.00, 0.00)
(334.50, 0.00, 0.00)
(336.66, 0.00, 0.00)
(336.66, 0.00, 0.00)
(336.66, 0.00, 0.00)
(339.78, 0.00, 0.00)
(339.78, 0.00, 0.00)
(339.78, 0.00, 0.00)
(339.78, 0.00, 0.00)
(342.45, 0.00, 0.00)
(342.45, 0.00, 0.00)
(343.97, 0.00, 0.00)
(345.02, 0.00, 0.00)
(345.02, 0.00, 0.00)
(347.17, 0.00, 0.00)
(347.17, 0.00, 0.00)
(347.17, 0.00, 0.00)
(350.27, 0.00, 0.00)
(350.27, 0.00, 0.00)
(350.27, 0.00, 0.00)
(350.27, 0.00, 0.00)
(347.63, 0.00, 0.00)
(347.63, 0.00, 0.00)
(347.63, 0.00, 0.00)
(351.80, 0.00, 0.00)
(352.92, 0.00, 0.00)
(352.92, 0.00, 0.00)
(352.92, 0.00, 0.00)
(352.92, 0.00, 0.00)
(357.64, 0.00, 0.00)
(357.64, 0.00, 0.00)
(357.64, 0.00, 0.00)
(357.64, 0.00, 0.00)
(0.06, 0.00, 0.00)
(0.06, 0.00, 0.00)
(0.06, 0.00, 0.00)
(356.08, 0.00, 0.00)
(358.21, 0.00, 0.00)
(358.21, 0.00, 0.00)
(357.11, 0.00, 0.00)
(357.11, 0.00, 0.00)
(357.11, 0.00, 0.00)
(357.11, 0.00, 0.00)
(1.89, 0.00, 0.00)
(1.89, 0.00, 0.00)
(1.89, 0.00, 0.00)
(358.99, 0.00, 0.00)
(358.99, 0.00, 0.00)
(358.99, 0.00, 0.00)
(2.12, 0.00, 0.00)
(2.12, 0.00, 0.00)
(1.95, 0.00, 0.00)
(0.90, 0.00, 0.00)
(358.77, 0.00, 0.00)
(358.77, 0.00, 0.00)
(358.77, 0.00, 0.00)
(358.77, 0.00, 0.00)
(358.77, 0.00, 0.00)
(2.25, 0.00, 0.00)
(2.25, 0.00, 0.00)
(2.27, 0.00, 0.00)
(2.27, 0.00, 0.00)
(2.07, 0.00, 0.00)
(1.52, 0.00, 0.00)
(1.52, 0.00, 0.00)
(1.52, 0.00, 0.00)
(1.52, 0.00, 0.00)
(0.72, 0.00, 0.00)
(0.72, 0.00, 0.00)
(0.72, 0.00, 0.00)
(0.72, 0.00, 0.00)
(2.65, 0.00, 0.00)
(2.65, 0.00, 0.00)
(2.65, 0.00, 0.00)
(3.15, 0.00, 0.00)
(3.15, 0.00, 0.00)
(1.37, 0.00, 0.00)
(2.13, 0.00, 0.00)
(2.13, 0.00, 0.00)
(2.13, 0.00, 0.00)
(2.13, 0.00, 0.00)
(2.20, 0.00, 0.00)
(2.20, 0.00, 0.00)
(2.21, 0.00, 0.00)
(2.21, 0.00, 0.00)
(2.21, 0.00, 0.00)
(2.11, 0.00, 0.00)
(2.11, 0.00, 0.00)
(1.78, 0.00, 0.00)
(1.78, 0.00, 0.00)
(1.78, 0.00, 0.00)
(1.78, 0.00, 0.00)
(1.78, 0.00, 0.00)
(1.78, 0.00, 0.00)
(1.78, 0.00, 0.00)
(1.97, 0.00, 0.00)
(1.97, 0.00, 0.00)
(2.28, 0.00, 0.00)
(2.28, 0.00, 0.00)
(2.84, 0.00, 0.00)
(2.84, 0.00, 0.00)
(2.84, 0.00, 0.00)
(2.19, 0.00, 0.00)
(2.19, 0.00, 0.00)
(2.19, 0.00, 0.00)
(3.51, 0.00, 0.00)
(3.51, 0.00, 0.00)
(3.91, 0.00, 0.00)
(3.91, 0.00, 0.00)
(3.91, 0.00, 0.00)
(2.01, 0.00, 0.00)
(2.01, 0.00, 0.00)
(2.01, 0.00, 0.00)
(2.01, 0.00, 0.00)
(1.78, 0.00, 0.00)
(1.78, 0.00, 0.00)
(1.78, 0.00, 0.00)
(4.13, 0.00, 0.00)
(4.13, 0.00, 0.00)
(3.21, 0.00, 0.00)
(3.21, 0.00, 0.00)
(3.21, 0.00, 0.00)
(2.03, 0.00, 0.00)
(2.03, 0.00, 0.00)
(2.03, 0.00, 0.00)
(2.03, 0.00, 0.00)
(2.90, 0.00, 0.00)
(2.90, 0.00, 0.00)
(3.04, 0.00, 0.00)
(3.04, 0.00, 0.00)
(3.04, 0.00, 0.00)
(3.04, 0.00, 0.00)
(3.04, 0.00, 0.00)
(3.41, 0.00, 0.00)
(3.41, 0.00, 0.00)
(2.53, 0.00, 0.00)
(2.53, 0.00, 0.00)
(2.53, 0.00, 0.00)
(2.45, 0.00, 0.00)
(2.45, 0.00, 0.00)
(2.45, 0.00, 0.00)
(2.45, 0.00, 0.00)
(2.45, 0.00, 0.00)
(3.41, 0.00, 0.00)
(2.70, 0.00, 0.00)
(2.70, 0.00, 0.00)
(3.15, 0.00, 0.00)
(3.15, 0.00, 0.00)
(3.15, 0.00, 0.00)
(3.15, 0.00, 0.00)
(2.59, 0.00, 0.00)
(2.59, 0.00, 0.00)
(2.59, 0.00, 0.00)
(2.69, 0.00, 0.00)
(2.69, 0.00, 0.00)
(2.69, 0.00, 0.00)
(3.38, 0.00, 0.00)
(3.38, 0.00, 0.00)
(3.38, 0.00, 0.00)
(2.90, 0.00, 0.00)
(2.90, 0.00, 0.00)
(3.37, 0.00, 0.00)
(3.37, 0.00, 0.00)
(3.37, 0.00, 0.00)
(3.37, 0.00, 0.00)
(3.37, 0.00, 0.00)
(2.98, 0.00, 0.00)
(2.98, 0.00, 0.00)
(2.98, 0.00, 0.00)
(2.98, 0.00, 0.00)
(2.98, 0.00, 0.00)
(3.09, 0.00, 0.00)
(3.09, 0.00, 0.00)
(2.89, 0.00, 0.00)
(2.89, 0.00, 0.00)
(2.89, 0.00, 0.00)
(2.89, 0.00, 0.00)
(2.63, 0.00, 0.00)
(2.63, 0.00, 0.00)
(3.16, 0.00, 0.00)
(3.31, 0.00, 0.00)
(3.31, 0.00, 0.00)
(3.31, 0.00, 0.00)
(3.31, 0.00, 0.00)
(3.31, 0.00, 0.00)
(3.31, 0.00, 0.00)
(3.23, 0.00, 0.00)
(3.23, 0.00, 0.00)
(3.23, 0.00, 0.00)
(1.56, 0.00, 0.00)
(1.56, 0.00, 0.00)
(2.72, 0.00, 0.00)
(2.72, 0.00, 0.00)
(2.72, 0.00, 0.00)
(2.72, 0.00, 0.00)
(2.72, 0.00, 0.00)
(2.72, 0.00, 0.00)
(5.03, 0.00, 0.00)
(3.09, 0.00, 0.00)
(3.09, 0.00, 0.00)
(3.09, 0.00, 0.00)
(3.09, 0.00, 0.00)
(3.09, 0.00, 0.00)
(2.72, 0.00, 0.00)
(3.34, 0.00, 0.00)
(3.34, 0.00, 0.00)
(3.34, 0.00, 0.00)
(3.55, 0.00, 0.00)
(3.55, 0.00, 0.00)
(4.30, 0.00, 0.00)
(4.30, 0.00, 0.00)
(3.53, 0.00, 0.00)
(3.53, 0.00, 0.00)
(3.53, 0.00, 0.00)
(3.53, 0.00, 0.00)
(2.73, 0.00, 0.00)
(2.73, 0.00, 0.00)
(2.57, 0.00, 0.00)
(2.57, 0.00, 0.00)
(2.57, 0.00, 0.00)
(2.58, 0.00, 0.00)
(3.91, 0.00, 0.00)
(3.91, 0.00, 0.00)
(3.91, 0.00, 0.00)
(3.91, 0.00, 0.00)
(3.91, 0.00, 0.00)
(3.91, 0.00, 0.00)
(3.21, 0.00, 0.00)
(3.21, 0.00, 0.00)
(3.21, 0.00, 0.00)
(3.21, 0.00, 0.00)
(3.08, 0.00, 0.00)
(3.08, 0.00, 0.00)
(3.78, 0.00, 0.00)
(3.78, 0.00, 0.00)
(3.78, 0.00, 0.00)
(3.78, 0.00, 0.00)
(3.70, 0.00, 0.00)
(3.70, 0.00, 0.00)
(3.70, 0.00, 0.00)
(3.81, 0.00, 0.00)
(3.81, 0.00, 0.00)
(3.81, 0.00, 0.00)
(3.78, 0.00, 0.00)
(3.78, 0.00, 0.00)
(3.78, 0.00, 0.00)
(3.31, 0.00, 0.00)
(3.31, 0.00, 0.00)
(3.31, 0.00, 0.00)
(4.27, 0.00, 0.00)
(4.27, 0.00, 0.00)
(4.27, 0.00, 0.00)
(3.70, 0.00, 0.00)
(3.70, 0.00, 0.00)
(3.97, 0.00, 0.00)
(3.97, 0.00, 0.00)
(3.97, 0.00, 0.00)
(3.97, 0.00, 0.00)
(3.97, 0.00, 0.00)
(3.44, 0.00, 0.00)
(3.44, 0.00, 0.00)
(2.51, 0.00, 0.00)
(2.51, 0.00, 0.00)
(2.51, 0.00, 0.00)
(2.51, 0.00, 0.00)
(3.57, 0.00, 0.00)
(3.57, 0.00, 0.00)
(4.35, 0.00, 0.00)
(4.35, 0.00, 0.00)
(4.35, 0.00, 0.00)
(4.35, 0.00, 0.00)
(4.27, 0.00, 0.00)
(4.27, 0.00, 0.00)
(4.27, 0.00, 0.00)
(4.22, 0.00, 0.00)
(4.22, 0.00, 0.00)
(4.22, 0.00, 0.00)
(3.41, 0.00, 0.00)
(3.41, 0.00, 0.00)
(3.41, 0.00, 0.00)
(3.29, 0.00, 0.00)
(3.29, 0.00, 0.00)
(3.29, 0.00, 0.00)
(3.63, 0.00, 0.00)
(3.63, 0.00, 0.00)
(3.51, 0.00, 0.00)
(3.51, 0.00, 0.00)
(3.51, 0.00, 0.00)
(3.57, 0.00, 0.00)
(3.75, 0.00, 0.00)
(3.75, 0.00, 0.00)
(3.22, 0.00, 0.00)
(3.47, 0.00, 0.00)
(3.47, 0.00, 0.00)
(3.47, 0.00, 0.00)
(3.47, 0.00, 0.00)
(3.47, 0.00, 0.00)
(2.36, 0.00, 0.00)
(2.36, 0.00, 0.00)
(1.87, 0.00, 0.00)
(1.87, 0.00, 0.00)
(2.86, 0.00, 0.00)
(2.86, 0.00, 0.00)
(2.23, 0.00, 0.00)
(2.23, 0.00, 0.00)
(2.23, 0.00, 0.00)
(2.23, 0.00, 0.00)
(2.33, 0.00, 0.00)
(2.33, 0.00, 0.00)
(2.33, 0.00, 0.00)
(3.55, 0.00, 0.00)
(3.55, 0.00, 0.00)
(3.55, 0.00, 0.00)
(2.69, 0.00, 0.00)
(2.69, 0.00, 0.00)
(2.69, 0.00, 0.00)
(3.12, 0.00, 0.00)
(3.12, 0.00, 0.00)
(3.12, 0.00, 0.00)
(3.12, 0.00, 0.00)
(3.12, 0.00, 0.00)
(3.12, 0.00, 0.00)
(3.12, 0.00, 0.00)
(3.12, 0.00, 0.00)
(2.77, 0.00, 0.00)
(3.55, 0.00, 0.00)
(3.55, 0.00, 0.00)
(3.55, 0.00, 0.00)
(3.55, 0.00, 0.00)
(3.55, 0.00, 0.00)
(3.68, 0.00, 0.00)
(3.68, 0.00, 0.00)
(3.68, 0.00, 0.00)
(3.68, 0.00, 0.00)
(2.94, 0.00, 0.00)
(2.94, 0.00, 0.00)
(2.94, 0.00, 0.00)
(3.32, 0.00, 0.00)
(3.32, 0.00, 0.00)
(3.32, 0.00, 0.00)
(4.96, 0.00, 0.00)
(4.96, 0.00, 0.00)
(5.32, 0.00, 0.00)
(2.17, 0.00, 0.00)
(2.17, 0.00, 0.00)
(2.17, 0.00, 0.00)
(2.17, 0.00, 0.00)
(2.17, 0.00, 0.00)
(2.17, 0.00, 0.00)
(2.17, 0.00, 0.00)
(2.76, 0.00, 0.00)
(2.76, 0.00, 0.00)
(2.76, 0.00, 0.00)
(3.16, 0.00, 0.00)
(3.16, 0.00, 0.00)
(3.16, 0.00, 0.00)
(2.50, 0.00, 0.00)
(2.50, 0.00, 0.00)
(2.94, 0.00, 0.00)
(2.94, 0.00, 0.00)
(2.94, 0.00, 0.00)
(1.79, 0.00, 0.00)
(1.79, 0.00, 0.00)
(1.89, 0.00, 0.00)
(1.89, 0.00, 0.00)
(3.05, 0.00, 0.00)
(4.39, 0.00, 0.00)
(4.39, 0.00, 0.00)
(4.39, 0.00, 0.00)
(4.39, 0.00, 0.00)
(4.39, 0.00, 0.00)
(4.07, 0.00, 0.00)
(4.07, 0.00, 0.00)
(3.95, 0.00, 0.00)
(3.95, 0.00, 0.00)
(3.67, 0.00, 0.00)
(4.94, 0.00, 0.00)
(4.18, 0.00, 0.00)
(4.18, 0.00, 0.00)
(4.18, 0.00, 0.00)
(4.18, 0.00, 0.00)
(4.18, 0.00, 0.00)
(4.18, 0.00, 0.00)
(3.07, 0.00, 0.00)
(2.38, 0.00, 0.00)
(2.38, 0.00, 0.00)
(1.58, 0.00, 0.00)
(1.58, 0.00, 0.00)
(1.58, 0.00, 0.00)
(3.41, 0.00, 0.00)
(3.41, 0.00, 0.00)
(3.41, 0.00, 0.00)
(3.41, 0.00, 0.00)
(3.41, 0.00, 0.00)
(3.41, 0.00, 0.00)
(3.41, 0.00, 0.00)
(3.41, 0.00, 0.00)
(3.56, 0.00, 0.00)
(3.56, 0.00, 0.00)
(3.56, 0.00, 0.00)
(3.56, 0.00, 0.00)
(3.56, 0.00, 0.00)
(4.18, 0.00, 0.00)
(4.18, 0.00, 0.00)
(4.18, 0.00, 0.00)
(4.18, 0.00, 0.00)
(4.37, 0.00, 0.00)
(4.37, 0.00, 0.00)
(4.37, 0.00, 0.00)
(4.37, 0.00, 0.00)
(4.37, 0.00, 0.00)
(4.37, 0.00, 0.00)
(4.37, 0.00, 0.00)
(4.37, 0.00, 0.00)
(5.48, 0.00, 0.00)
(5.48, 0.00, 0.00)
(5.48, 0.00, 0.00)
(5.48, 0.00, 0.00)
(5.48, 0.00, 0.00)
(7.32, 0.00, 0.00)
(7.32, 0.00, 0.00)
(7.32, 0.00, 0.00)
(359.17, 0.00, 0.00)
(359.17, 0.00, 0.00)
(359.17, 0.00, 0.00)
(353.66, 0.00, 0.00)
(353.66, 0.00, 0.00)
(353.66, 0.00, 0.00)
(355.03, 0.00, 0.00)
(355.03, 0.00, 0.00)
(355.03, 0.00, 0.00)
(353.94, 0.00, 0.00)
(353.94, 0.00, 0.00)
(353.94, 0.00, 0.00)
(349.61, 0.00, 0.00)
(349.61, 0.00, 0.00)
(349.61, 0.00, 0.00)
(349.23, 0.00, 0.00)
(349.23, 0.00, 0.00)
(347.64, 0.00, 0.00)
(347.64, 0.00, 0.00)
(347.64, 0.00, 0.00)
(347.64, 0.00, 0.00)
(347.64, 0.00, 0.00)
(347.64, 0.00, 0.00)
(345.08, 0.00, 0.00)
(344.50, 0.00, 0.00)
(344.50, 0.00, 0.00)
(340.61, 0.00, 0.00)
(340.61, 0.00, 0.00)
(335.86, 0.00, 0.00)
(335.86, 0.00, 0.00)
(334.24, 0.00, 0.00)
(334.24, 0.00, 0.00)
(334.24, 0.00, 0.00)
(334.24, 0.00, 0.00)
(334.24, 0.00, 0.00)
(332.30, 0.00, 0.00)
(332.30, 0.00, 0.00)
(331.44, 0.00, 0.00)
(330.98, 0.00, 0.00)
(330.98, 0.00, 0.00)
(330.98, 0.00, 0.00)
(330.98, 0.00, 0.00)
(330.98, 0.00, 0.00)
(329.49, 0.00, 0.00)
(329.49, 0.00, 0.00)
(328.39, 0.00, 0.00)
(327.74, 0.00, 0.00)
(327.74, 0.00, 0.00)
(327.74, 0.00, 0.00)
(327.74, 0.00, 0.00)
(327.74, 0.00, 0.00)
(327.03, 0.00, 0.00)
(327.03, 0.00, 0.00)
(327.03, 0.00, 0.00)
(325.98, 0.00, 0.00)
(324.08, 0.00, 0.00)
(324.21, 0.00, 0.00)
(324.21, 0.00, 0.00)
(324.21, 0.00, 0.00)
(324.21, 0.00, 0.00)
(323.76, 0.00, 0.00)
(323.76, 0.00, 0.00)
(322.67, 0.00, 0.00)
(322.67, 0.00, 0.00)
(322.67, 0.00, 0.00)
(322.67, 0.00, 0.00)
(323.23, 0.00, 0.00)
(323.23, 0.00, 0.00)
(323.23, 0.00, 0.00)
(320.62, 0.00, 0.00)
(320.62, 0.00, 0.00)
(318.59, 0.00, 0.00)
(318.59, 0.00, 0.00)
(318.59, 0.00, 0.00)
(318.59, 0.00, 0.00)
(319.07, 0.00, 0.00)
(319.07, 0.00, 0.00)
(319.07, 0.00, 0.00)
(318.92, 0.00, 0.00)
(318.92, 0.00, 0.00)
(317.89, 0.00, 0.00)
(314.92, 0.00, 0.00)
(314.92, 0.00, 0.00)
(314.92, 0.00, 0.00)
(314.92, 0.00, 0.00)
(312.39, 0.00, 0.00)
(312.39, 0.00, 0.00)
(312.39, 0.00, 0.00)
(314.63, 0.00, 0.00)
(314.63, 0.00, 0.00)
(314.63, 0.00, 0.00)
(312.38, 0.00, 0.00)
(312.38, 0.00, 0.00)
(312.38, 0.00, 0.00)
(312.15, 0.00, 0.00)
(312.15, 0.00, 0.00)
(312.15, 0.00, 0.00)
(312.23, 0.00, 0.00)
(312.23, 0.00, 0.00)
(311.64, 0.00, 0.00)
(311.64, 0.00, 0.00)
(311.35, 0.00, 0.00)
(311.35, 0.00, 0.00)
(311.35, 0.00, 0.00)
(311.35, 0.00, 0.00)
(311.35, 0.00, 0.00)
(312.16, 0.00, 0.00)
(312.16, 0.00, 0.00)
(312.16, 0.00, 0.00)
(311.99, 0.00, 0.00)
(311.99, 0.00, 0.00)
(311.99, 0.00, 0.00)
(311.99, 0.00, 0.00)
(311.90, 0.00, 0.00)
(311.90, 0.00, 0.00)
(311.44, 0.00, 0.00)
(311.44, 0.00, 0.00)
(311.44, 0.00, 0.00)
(311.20, 0.00, 0.00)
(311.20, 0.00, 0.00)
(311.32, 0.00, 0.00)
(311.32, 0.00, 0.00)
(311.32, 0.00, 0.00)
(311.32, 0.00, 0.00)
(311.32, 0.00, 0.00)
(311.32, 0.00, 0.00)
(311.06, 0.00, 0.00)
(311.06, 0.00, 0.00)
(311.06, 0.00, 0.00)
(311.06, 0.00, 0.00)
(310.93, 0.00, 0.00)
(310.93, 0.00, 0.00)
(310.93, 0.00, 0.00)
(310.68, 0.00, 0.00)
(310.68, 0.00, 0.00)
(310.68, 0.00, 0.00)
(310.68, 0.00, 0.00)
(312.38, 0.00, 0.00)
(312.38, 0.00, 0.00)
(312.38, 0.00, 0.00)
(312.38, 0.00, 0.00)
(312.38, 0.00, 0.00)
(312.38, 0.00, 0.00)
(312.89, 0.00, 0.00)
(316.36, 0.00, 0.00)
(316.36, 0.00, 0.00)
(316.36, 0.00, 0.00)
(316.36, 0.00, 0.00)
(316.95, 0.00, 0.00)
(316.95, 0.00, 0.00)
(316.95, 0.00, 0.00)
(316.79, 0.00, 0.00)
(316.79, 0.00, 0.00)
(316.79, 0.00, 0.00)
(316.79, 0.00, 0.00)
(322.81, 0.00, 0.00)
(327.12, 0.00, 0.00)
(328.26, 0.00, 0.00)
(328.26, 0.00, 0.00)
(328.26, 0.00, 0.00)
(328.26, 0.00, 0.00)
(330.15, 0.00, 0.00)
(330.15, 0.00, 0.00)
(330.15, 0.00, 0.00)
(330.15, 0.00, 0.00)
(329.13, 0.00, 0.00)
(329.13, 0.00, 0.00)
(333.88, 0.00, 0.00)
(333.88, 0.00, 0.00)
(339.79, 0.00, 0.00)
(339.79, 0.00, 0.00)
(339.79, 0.00, 0.00)
(341.02, 0.00, 0.00)
(341.02, 0.00, 0.00)
(341.02, 0.00, 0.00)
(340.85, 0.00, 0.00)
(340.85, 0.00, 0.00)
(340.85, 0.00, 0.00)
(345.50, 0.00, 0.00)
(345.50, 0.00, 0.00)
(345.50, 0.00, 0.00)
(345.49, 0.00, 0.00)
(344.11, 0.00, 0.00)
(344.11, 0.00, 0.00)
(344.11, 0.00, 0.00)
(344.11, 0.00, 0.00)
(344.11, 0.00, 0.00)
(345.46, 0.00, 0.00)
(345.46, 0.00, 0.00)
(345.46, 0.00, 0.00)
(350.60, 0.00, 0.00)
(350.60, 0.00, 0.00)
(350.60, 0.00, 0.00)
(350.60, 0.00, 0.00)
(350.60, 0.00, 0.00)
(350.60, 0.00, 0.00)
(348.70, 0.00, 0.00)
(348.70, 0.00, 0.00)
(347.22, 0.00, 0.00)
(347.22, 0.00, 0.00)
(347.22, 0.00, 0.00)
(348.79, 0.00, 0.00)
(348.79, 0.00, 0.00)
(352.43, 0.00, 0.00)
(354.34, 0.00, 0.00)
(354.34, 0.00, 0.00)
(354.34, 0.00, 0.00)
(354.34, 0.00, 0.00)
(355.30, 0.00, 0.00)
(355.30, 0.00, 0.00)
(355.30, 0.00, 0.00)
(353.84, 0.00, 0.00)
(353.84, 0.00, 0.00)
(353.84, 0.00, 0.00)
(353.84, 0.00, 0.00)
(354.51, 0.00, 0.00)
(354.51, 0.00, 0.00)
(354.51, 0.00, 0.00)
(354.48, 0.00, 0.00)
(354.48, 0.00, 0.00)
(354.48, 0.00, 0.00)
(353.85, 0.00, 0.00)
(353.85, 0.00, 0.00)
(355.36, 0.00, 0.00)
(358.20, 0.00, 0.00)
(358.20, 0.00, 0.00)
(358.20, 0.00, 0.00)
(357.69, 0.00, 0.00)
(357.69, 0.00, 0.00)
(357.64, 0.00, 0.00)
(357.64, 0.00, 0.00)
(357.64, 0.00, 0.00)
(357.64, 0.00, 0.00)
(358.22, 0.00, 0.00)
(358.22, 0.00, 0.00)
(358.22, 0.00, 0.00)
(358.22, 0.00, 0.00)
(357.77, 0.00, 0.00)
(357.77, 0.00, 0.00)
(357.97, 0.00, 0.00)
(357.97, 0.00, 0.00)
(358.19, 0.00, 0.00)
(358.19, 0.00, 0.00)
(358.19, 0.00, 0.00)
(358.19, 0.00, 0.00)
(358.19, 0.00, 0.00)
(358.59, 0.00, 0.00)
(358.59, 0.00, 0.00)
(358.82, 0.00, 0.00)
(358.82, 0.00, 0.00)
(358.82, 0.00, 0.00)
(357.89, 0.00, 0.00)
(357.89, 0.00, 0.00)
(357.52, 0.00, 0.00)
(357.52, 0.00, 0.00)
(357.52, 0.00, 0.00)
(357.52, 0.00, 0.00)
(357.52, 0.00, 0.00)
(358.67, 0.00, 0.00)
(358.67, 0.00, 0.00)
(358.67, 0.00, 0.00)
(1.09, 0.00, 0.00)
(1.09, 0.00, 0.00)
(0.32, 0.00, 0.00)
(0.32, 0.00, 0.00)
(0.32, 0.00, 0.00)
(0.32, 0.00, 0.00)
(0.32, 0.00, 0.00)
(0.32, 0.00, 0.00)
(0.32, 0.00, 0.00)
(1.16, 0.00, 0.00)
(1.16, 0.00, 0.00)
(1.16, 0.00, 0.00)
(1.16, 0.00, 0.00)
(1.16, 0.00, 0.00)
(1.88, 0.00, 0.00)
(1.88, 0.00, 0.00)
(2.74, 0.00, 0.00)
(2.74, 0.00, 0.00)
(2.74, 0.00, 0.00)
(2.74, 0.00, 0.00)
(4.15, 0.00, 0.00)
(4.15, 0.00, 0.00)
(4.15, 0.00, 0.00)
(4.15, 0.00, 0.00)
(2.94, 0.00, 0.00)
(2.94, 0.00, 0.00)
(1.98, 0.00, 0.00)
(1.98, 0.00, 0.00)
(1.98, 0.00, 0.00)
(1.84, 0.00, 0.00)
(3.10, 0.00, 0.00)
(3.10, 0.00, 0.00)
(3.10, 0.00, 0.00)
(3.10, 0.00, 0.00)
(3.10, 0.00, 0.00)
(3.10, 0.00, 0.00)
(3.00, 0.00, 0.00)
(3.00, 0.00, 0.00)
(3.00, 0.00, 0.00)
(3.68, 0.00, 0.00)
(3.68, 0.00, 0.00)
(1.56, 0.00, 0.00)
(1.56, 0.00, 0.00)
(1.56, 0.00, 0.00)
(3.07, 0.00, 0.00)
(3.07, 0.00, 0.00)
(3.76, 0.00, 0.00)
(3.76, 0.00, 0.00)
(3.76, 0.00, 0.00)
(3.76, 0.00, 0.00)
(2.55, 0.00, 0.00)
(2.55, 0.00, 0.00)
(2.13, 0.00, 0.00)
(2.13, 0.00, 0.00)
(2.13, 0.00, 0.00)
(2.60, 0.00, 0.00)
(2.60, 0.00, 0.00)
(2.60, 0.00, 0.00)
(2.60, 0.00, 0.00)
(3.00, 0.00, 0.00)
(3.00, 0.00, 0.00)
(2.68, 0.00, 0.00)
(2.95, 0.00, 0.00)
(2.95, 0.00, 0.00)
(2.95, 0.00, 0.00)
(3.03, 0.00, 0.00)
(3.03, 0.00, 0.00)
(3.03, 0.00, 0.00)
(1.76, 0.00, 0.00)
(1.76, 0.00, 0.00)
(1.76, 0.00, 0.00)
(4.04, 0.00, 0.00)
(4.04, 0.00, 0.00)
(4.04, 0.00, 0.00)
(3.44, 0.00, 0.00)
(3.44, 0.00, 0.00)
(3.44, 0.00, 0.00)
(1.97, 0.00, 0.00)
(1.97, 0.00, 0.00)
(1.97, 0.00, 0.00)
(2.41, 0.00, 0.00)
(2.41, 0.00, 0.00)
(2.41, 0.00, 0.00)
(4.11, 0.00, 0.00)
(4.11, 0.00, 0.00)
(4.11, 0.00, 0.00)
(4.69, 0.00, 0.00)
(4.69, 0.00, 0.00)
(4.69, 0.00, 0.00)
(5.44, 0.00, 0.00)
(5.44, 0.00, 0.00)
(5.44, 0.00, 0.00)
(5.33, 0.00, 0.00)
(5.33, 0.00, 0.00)
(5.33, 0.00, 0.00)
(5.47, 0.00, 0.00)
(5.47, 0.00, 0.00)
(3.34, 0.00, 0.00)
(3.34, 0.00, 0.00)
(3.34, 0.00, 0.00)
(3.34, 0.00, 0.00)
(5.00, 0.00, 0.00)
(5.00, 0.00, 0.00)
(5.00, 0.00, 0.00)
(4.99, 0.00, 0.00)
(4.99, 0.00, 0.00)
(4.99, 0.00, 0.00)
(3.71, 0.00, 0.00)
(3.71, 0.00, 0.00)
(3.71, 0.00, 0.00)
(7.35, 0.00, 0.00)
(5.23, 0.00, 0.00)
(5.23, 0.00, 0.00)
(5.23, 0.00, 0.00)
(5.23, 0.00, 0.00)
(6.84, 0.00, 0.00)
(6.84, 0.00, 0.00)
(6.84, 0.00, 0.00)
(6.84, 0.00, 0.00)
(7.50, 0.00, 0.00)
(7.50, 0.00, 0.00)
(7.50, 0.00, 0.00)
(8.91, 0.00, 0.00)
(8.91, 0.00, 0.00)
(8.91, 0.00, 0.00)
(8.16, 0.00, 0.00)
(8.16, 0.00, 0.00)
(8.16, 0.00, 0.00)
(8.16, 0.00, 0.00)
(8.16, 0.00, 0.00)
(7.17, 0.00, 0.00)
(7.17, 0.00, 0.00)
(7.17, 0.00, 0.00)
(7.17, 0.00, 0.00)
(9.06, 0.00, 0.00)
(9.06, 0.00, 0.00)
(8.69, 0.00, 0.00)
(8.69, 0.00, 0.00)
(8.69, 0.00, 0.00)
(7.97, 0.00, 0.00)
(7.97, 0.00, 0.00)
(7.97, 0.00, 0.00)
(7.57, 0.00, 0.00)
(7.57, 0.00, 0.00)
(7.57, 0.00, 0.00)
(7.57, 0.00, 0.00)
(8.62, 0.00, 0.00)
(7.22, 0.00, 0.00)
(7.22, 0.00, 0.00)
(7.22, 0.00, 0.00)
(7.22, 0.00, 0.00)
(6.52, 0.00, 0.00)
(6.74, 0.00, 0.00)
(6.74, 0.00, 0.00)
(6.74, 0.00, 0.00)
(7.52, 0.00, 0.00)
(7.52, 0.00, 0.00)
(7.52, 0.00, 0.00)
(7.52, 0.00, 0.00)
(7.52, 0.00, 0.00)
(6.13, 0.00, 0.00)
(7.23, 0.00, 0.00)
(7.23, 0.00, 0.00)
(7.23, 0.00, 0.00)
(7.23, 0.00, 0.00)
(4.60, 0.00, 0.00)
(4.60, 0.00, 0.00)
(4.60, 0.00, 0.00)
(5.04, 0.00, 0.00)
(5.04, 0.00, 0.00)
(5.04, 0.00, 0.00)
(5.95, 0.00, 0.00)
(5.95, 0.00, 0.00)
(5.95, 0.00, 0.00)
(5.63, 0.00, 0.00)
(5.63, 0.00, 0.00)
(5.63, 0.00, 0.00)
(3.06, 0.00, 0.00)
(3.06, 0.00, 0.00)
(3.06, 0.00, 0.00)
(4.25, 0.00, 0.00)
(4.25, 0.00, 0.00)
(4.25, 0.00, 0.00)
(4.25, 0.00, 0.00)
(5.21, 0.00, 0.00)
(5.21, 0.00, 0.00)
(5.21, 0.00, 0.00)
(5.21, 0.00, 0.00)
(4.66, 0.00, 0.00)
(4.66, 0.00, 0.00)
(4.66, 0.00, 0.00)
(3.77, 0.00, 0.00)
(4.41, 0.00, 0.00)
(4.62, 0.00, 0.00)
(4.62, 0.00, 0.00)
(4.62, 0.00, 0.00)
(3.35, 0.00, 0.00)
(3.35, 0.00, 0.00)
(3.35, 0.00, 0.00)
(3.35, 0.00, 0.00)
(4.73, 0.00, 0.00)
(4.73, 0.00, 0.00)
(4.73, 0.00, 0.00)
(4.53, 0.00, 0.00)
(4.53, 0.00, 0.00)
(3.71, 0.00, 0.00)
(3.71, 0.00, 0.00)
(3.71, 0.00, 0.00)
(3.71, 0.00, 0.00)
(3.71, 0.00, 0.00)
(3.71, 0.00, 0.00)
(3.71, 0.00, 0.00)
(4.30, 0.00, 0.00)
(4.30, 0.00, 0.00)
(4.30, 0.00, 0.00)
(2.56, 0.00, 0.00)
(2.56, 0.00, 0.00)
(7.65, 0.00, 0.00)
(7.65, 0.00, 0.00)
(7.65, 0.00, 0.00)
(0.63, 0.00, 0.00)
(1.78, 0.00, 0.00)
(1.78, 0.00, 0.00)
(1.78, 0.00, 0.00)
(8.74, 0.00, 0.00)
(8.74, 0.00, 0.00)
(8.74, 0.00, 0.00)
(9.24, 0.00, 0.00)
(9.24, 0.00, 0.00)
(1.59, 0.00, 0.00)
(1.59, 0.00, 0.00)
(1.59, 0.00, 0.00)
(1.59, 0.00, 0.00)
(4.75, 0.00, 0.00)
(4.75, 0.00, 0.00)
(4.75, 0.00, 0.00)
(356.17, 0.00, 0.00)
(356.17, 0.00, 0.00)
(356.17, 0.00, 0.00)
(344.72, 0.00, 0.00)
(344.72, 0.00, 0.00)
(344.72, 0.00, 0.00)
(338.19, 0.00, 0.00)
(338.19, 0.00, 0.00)
(318.76, 0.00, 0.00)
(318.76, 0.00, 0.00)
(318.76, 0.00, 0.00)
(318.76, 0.00, 0.00)
(311.20, 0.00, 0.00)
(311.20, 0.00, 0.00)
(304.51, 0.00, 0.00)
(304.51, 0.00, 0.00)
(304.51, 0.00, 0.00)
(304.51, 0.00, 0.00)
(299.83, 0.00, 0.00)
(299.83, 0.00, 0.00)
(299.83, 0.00, 0.00)
(290.68, 0.00, 0.00)
(290.68, 0.00, 0.00)
(290.68, 0.00, 0.00)
(290.68, 0.00, 0.00)
(291.21, 0.00, 0.00)
(291.21, 0.00, 0.00)
(291.21, 0.00, 0.00)
(291.21, 0.00, 0.00)
(289.22, 0.00, 0.00)
(289.22, 0.00, 0.00)
(283.78, 0.00, 0.00)
(283.78, 0.00, 0.00)
(283.78, 0.00, 0.00)
(282.44, 0.00, 0.00)
(282.44, 0.00, 0.00)
(282.84, 0.00, 0.00)
(282.84, 0.00, 0.00)
(282.84, 0.00, 0.00)
(282.84, 0.00, 0.00)
(279.71, 0.00, 0.00)
(279.71, 0.00, 0.00)
(279.71, 0.00, 0.00)
(279.71, 0.00, 0.00)
(277.92, 0.00, 0.00)
(277.92, 0.00, 0.00)
(275.69, 0.00, 0.00)
(275.69, 0.00, 0.00)
(274.48, 0.00, 0.00)
(275.03, 0.00, 0.00)
(275.03, 0.00, 0.00)
(275.03, 0.00, 0.00)
(273.70, 0.00, 0.00)
(273.70, 0.00, 0.00)
(273.70, 0.00, 0.00)
(273.77, 0.00, 0.00)
(273.77, 0.00, 0.00)
(273.77, 0.00, 0.00)
(273.33, 0.00, 0.00)
(271.94, 0.00, 0.00)
(271.94, 0.00, 0.00)
(271.94, 0.00, 0.00)
(271.94, 0.00, 0.00)
(271.84, 0.00, 0.00)
(274.13, 0.00, 0.00)
(274.13, 0.00, 0.00)
(274.13, 0.00, 0.00)
(271.45, 0.00, 0.00)
(271.45, 0.00, 0.00)
(273.22, 0.00, 0.00)
(274.09, 0.00, 0.00)
(274.09, 0.00, 0.00)
(274.09, 0.00, 0.00)
(274.09, 0.00, 0.00)
(274.09, 0.00, 0.00)
(274.09, 0.00, 0.00)
(274.17, 0.00, 0.00)
(275.21, 0.00, 0.00)
(275.21, 0.00, 0.00)
(275.21, 0.00, 0.00)
(275.21, 0.00, 0.00)
(273.38, 0.00, 0.00)
(273.38, 0.00, 0.00)
(273.38, 0.00, 0.00)
(271.15, 0.00, 0.00)
(271.15, 0.00, 0.00)
(271.15, 0.00, 0.00)
(271.15, 0.00, 0.00)
(271.15, 0.00, 0.00)
(275.98, 0.00, 0.00)
(275.98, 0.00, 0.00)
(275.98, 0.00, 0.00)
(275.98, 0.00, 0.00)
(277.95, 0.00, 0.00)
(277.95, 0.00, 0.00)
(277.95, 0.00, 0.00)
(277.48, 0.00, 0.00)
(277.48, 0.00, 0.00)
(277.48, 0.00, 0.00)
(277.93, 0.00, 0.00)
(277.93, 0.00, 0.00)
(277.93, 0.00, 0.00)
(279.26, 0.00, 0.00)
(279.26, 0.00, 0.00)
(279.26, 0.00, 0.00)
(281.28, 0.00, 0.00)
(281.28, 0.00, 0.00)
(281.28, 0.00, 0.00)
(281.28, 0.00, 0.00)
(286.15, 0.00, 0.00)
(286.15, 0.00, 0.00)
(288.67, 0.00, 0.00)
(288.67, 0.00, 0.00)
(288.67, 0.00, 0.00)
(288.89, 0.00, 0.00)
(288.89, 0.00, 0.00)
(288.89, 0.00, 0.00)
(288.65, 0.00, 0.00)
(288.65, 0.00, 0.00)
(288.65, 0.00, 0.00)
(290.38, 0.00, 0.00)
(290.38, 0.00, 0.00)
(289.70, 0.00, 0.00)
(289.70, 0.00, 0.00)
(289.70, 0.00, 0.00)
(290.68, 0.00, 0.00)
(290.68, 0.00, 0.00)
(290.68, 0.00, 0.00)
(290.68, 0.00, 0.00)
(292.86, 0.00, 0.00)
(292.86, 0.00, 0.00)
(292.86, 0.00, 0.00)
(288.12, 0.00, 0.00)
(288.12, 0.00, 0.00)
(288.12, 0.00, 0.00)
(292.91, 0.00, 0.00)
(292.91, 0.00, 0.00)
(292.91, 0.00, 0.00)
(292.91, 0.00, 0.00)
(292.91, 0.00, 0.00)
(292.91, 0.00, 0.00)
(292.91, 0.00, 0.00)
(292.91, 0.00, 0.00)
(292.91, 0.00, 0.00)
(292.91, 0.00, 0.00)
(301.00, 0.00, 0.00)
(301.00, 0.00, 0.00)
(301.00, 0.00, 0.00)
(301.00, 0.00, 0.00)
(301.00, 0.00, 0.00)
(294.26, 0.00, 0.00)
(294.27, 0.00, 0.00)
(294.21, 0.00, 0.00)
(294.21, 0.00, 0.00)
(294.21, 0.00, 0.00)
(294.21, 0.00, 0.00)
(294.21, 0.00, 0.00)
(294.21, 0.00, 0.00)
(294.21, 0.00, 0.00)
(294.10, 0.00, 0.00)
(294.17, 0.00, 0.00)
(294.17, 0.00, 0.00)
(294.17, 0.00, 0.00)
(294.11, 0.00, 0.00)
(294.11, 0.00, 0.00)
(294.11, 0.00, 0.00)
(294.11, 0.00, 0.00)
(294.11, 0.00, 0.00)
(294.11, 0.00, 0.00)
(294.16, 0.00, 0.00)
(294.16, 0.00, 0.00)
(294.16, 0.00, 0.00)
(294.17, 0.00, 0.00)
(294.17, 0.00, 0.00)
(294.11, 0.00, 0.00)
(294.11, 0.00, 0.00)
(294.11, 0.00, 0.00)
(294.11, 0.00, 0.00)
(294.17, 0.00, 0.00)
(294.17, 0.00, 0.00)
(294.13, 0.00, 0.00)
(294.13, 0.00, 0.00)
(294.13, 0.00, 0.00)
(294.13, 0.00, 0.00)
(294.19, 0.00, 0.00)
(294.19, 0.00, 0.00)
(294.12, 0.00, 0.00)
(294.12, 0.00, 0.00)
(294.12, 0.00, 0.00)
(294.14, 0.00, 0.00)
(294.14, 0.00, 0.00)
(294.14, 0.00, 0.00)
(294.11, 0.00, 0.00)
(294.19, 0.00, 0.00)
(294.15, 0.00, 0.00)
(294.21, 0.00, 0.00)
(294.21, 0.00, 0.00)
(294.21, 0.00, 0.00)
(294.21, 0.00, 0.00)
(294.21, 0.00, 0.00)
(294.11, 0.00, 0.00)
